28.1306   33.5616
27.8414   31.9991
27.3356   30.6434
25.3472   29.4975
25.3472   28.1605
24.2029   27.197
24.2029   26.2289
22.7219   25.1895
22.7219   24.7459
21.4125   24.0324
20.9935   23.3326
20.0673   22.687
19.5416   22.0459
19.5416   21.6047
18.9317   21.0558
18.1582   20.048
18.1582   19.5839
17.5033   19.1566
17.5033   18.7184
16.563   18.5006
16.5436   18.1571
16.2076   17.7412
15.5721   17.7037
15.5721   17.5334
14.7877   17.2354
14.7877   16.8577
14.4431   16.3466
14.2612   15.7865
13.7842   15.1926
13.4396   14.991
13.4396   14.8384
13.4396   14.5123
13.4396   14.171
13.4396   13.8996
13.4396   13.8391
13.4396   13.7746
13.4396   13.5404
13.4396   13.613
13.4396   13.5175
13.4396   13.7042
13.4396   13.6356
13.4396   13.6659
13.4396   13.5628
13.4396   13.6397
13.4396   13.6455
13.4396   13.6122
13.4259   13.5845
13.3452   13.5857
13.334   13.5444
12.8141   13.6031
12.8141   13.6476
12.8141   13.5097
12.8141   13.451
12.8141   13.0952
12.8141   12.9206
12.8141   12.9005
12.8141   12.9458
12.8141   12.9509
12.8141   12.9492
12.8141   12.8916
12.7086   12.8694
12.7086   12.8723
12.7086   12.9161
12.2956   12.9249
12.2956   13.0948
12.2956   13.0427
12.2956   12.9378
11.9591   12.8256
11.9591   12.8059
11.9591   12.6419
11.9591   12.5778
11.938   12.4242
11.4429   12.3305
11.4429   12.1167
11.4429   11.9534
11.3598   11.8579
11.2876   11.8302
11.2876   11.7552
11.2876   11.711
11.2876   12.0677
11.2777   12.0089
11.2777   12.1291
11.2777   12.1955
11.0383   12.1803
11.0383   11.9376
10.9562   11.8223
10.9562   11.5709
10.9562   11.2661
10.9562   11.2853
10.9562   11.3027
10.9562   11.3452
10.9562   11.3799
10.9562   11.1967
10.9562   11.3803
10.9562   11.2666
10.9562   11.3272
10.9562   11.3432
10.9562   11.2931
10.9562   11.2499
10.9562   11.3585
10.9562   11.3378
10.8602   11.1136
10.7806   11.1331
10.7806   11.5509
10.7806   11.5904
10.7806   11.5399
10.7806   11.5952
10.7806   11.3349
10.7806   11.2805
10.7806   11.1897
10.7806   11.0965
10.7806   11.1615
10.7806   11.1923
10.7806   11.0336
10.7806   11.0504
10.7806   10.9064
10.7806   10.8357
10.7806   10.9933
10.7806   10.9642
10.7806   10.8885
10.7806   10.92
10.7806   10.9528
10.7806   11.0456
10.7806   11.3378
10.7806   11.2167
10.7806   11.1466
10.5229   10.9062
10.5229   10.9745
10.5229   11.0008
10.5229   10.891
10.5229   10.94
10.5229   10.8269
10.5229   10.6644
10.5229   10.7411
10.3808   10.6561
10.3808   10.6947
10.3808   10.6178
10.3808   10.7092
10.3808   10.8143
10.3808   10.8682
10.3808   10.957
10.3808   11.0249
10.3808   11.1122
10.3808   10.9449
10.3808   10.8265
10.3808   10.8091
10.3808   10.7645
10.3529   10.57
10.3529   10.4655
10.3529   10.4698
10.1581   10.4337
10.1581   10.581
10.1581   10.6971
10.1581   10.6708
10.1581   10.6033
10.1581   10.6335
10.1581   10.654
10.1581   10.4775
10.1581   10.3618
10.1581   10.3411
10.1581   10.2902
10.1581   10.4152
10.1581   10.3933
10.1581   10.4368
10.1581   10.4124
10.1581   10.483
10.1581   10.3382
10.1581   10.3825
10.1581   10.4121
10.1581   10.414
10.1581   10.2303
10.1581   10.3941
10.1581   10.3577
10.1581   10.3619
10.1581   10.315
10.1581   10.1815
10.1581   10.3125
10.1581   10.2777
10.1581   10.3011
10.1581   10.3651
10.1581   10.3614
10.1581   10.3953
10.1581   10.4327
10.1581   10.3994
10.1581   10.4131
10.1581   10.4883
10.1581   10.3288
10.1581   10.3474
10.1581   10.5775
10.1581   10.3452
10.1581   10.2148
10.1581   10.2802
10.1581   10.3533
10.1581   10.2332
10.1581   10.2609
10.1581   10.1931
10.1581   10.282
10.1581   10.2387
10.1581   10.1853
10.1581   10.2047
10.1581   10.3495
10.1581   10.3368
10.1581   10.3027
10.1581   10.214
10.1581   10.1981
10.1581   10.1792
10.1581   10.1593
10.1581   10.1801
10.1581   10.2311
10.1581   10.2044
10.1581   10.2927
10.1581   10.2779
10.1581   10.2067
10.1581   10.2298
10.1581   10.2058
10.1581   10.279
10.1581   10.2282
10.1581   10.261
10.1581   10.4849
10.1581   10.4721
10.1581   10.4168
10.1581   10.3764
10.1581   10.6408
10.1581   10.5162
10.1581   10.2325
10.1581   10.224
10.1581   10.193
10.1581   10.361
10.1581   10.1907
10.1581   10.185
10.1581   10.1929
10.1581   10.2589
10.1581   10.2966
10.1581   10.359
10.1581   10.3438
10.1581   10.2117
10.1581   10.2883
10.1581   10.2674
10.1581   10.2341
10.1581   10.2769
10.1581   10.3039
10.1581   10.3259
10.1581   10.4021
10.1581   10.2423
10.1581   10.2634
10.1581   10.2684
10.1581   10.3008
10.1581   10.2866
10.1581   10.1826
10.1581   10.2716
10.1581   10.2923
10.1581   10.3302
10.1581   10.2346
10.1581   10.1641
10.1581   10.1697
10.1581   10.2232
10.1581   10.2795
10.1581   10.2749
10.1581   10.3029
10.1581   10.4449
10.1581   10.3097
10.1581   10.3691
10.1581   10.3341
10.1581   10.3207
10.1581   10.2336
10.1581   10.2464
10.1581   10.3242
10.1581   10.244
10.1581   10.2902
10.1581   10.3292
10.1581   10.3073
10.1581   10.3688
10.1581   10.4205
10.1581   10.3786
10.1581   10.3042
10.1581   10.3161
10.1581   10.3296
10.1581   10.2377
10.1581   10.3043
10.1581   10.4011
10.1581   10.3062
10.1581   10.2102
10.1581   10.2992
10.1581   10.264
10.1581   10.2304
10.1581   10.2648
10.1581   10.3846
10.1581   10.368
10.1581   10.5253
10.1581   10.4945
10.1581   10.3059
10.1581   10.2486
10.1581   10.3535
10.1581   10.4218
10.1581   10.4638
10.1581   10.4099
10.1581   10.3353
10.1581   10.2619
10.1581   10.2811
10.1581   10.3656
9.98865   10.3984
9.98865   10.5423
9.98865   10.6279
9.98865   10.7782
9.98865   10.8765
9.98865   10.8154
9.98865   10.5238
9.98865   10.3316
9.98865   10.4363
9.98865   10.4765
9.98865   10.3201
9.98865   10.3535
9.98865   10.3004
9.98865   10.1477
9.98865   10.1732
9.98865   10.1972
9.98865   10.1392
9.98865   10.1204
9.98865   10.3414
9.98865   10.2673
9.98865   10.3801
9.98865   10.1932
9.98865   10.2915
9.98865   10.2838
9.98865   10.1597
9.98865   10.1841
9.98865   10.253
9.98865   10.1391
9.98865   10.313
9.98865   10.2338
9.98865   10.1265
9.98865   10.185
9.98865   10.2318
9.98865   10.1975
9.98865   10.2057
9.98865   10.413
9.98865   10.29
9.98865   10.2039
9.98865   10.0602
9.98865   10.2568
9.98865   10.0605
9.98865   10.0693
9.98865   10.0469
9.98865   10.036
9.98865   10.086
9.98865   10.1176
9.98865   10.0437
9.98865   10.0373
9.98865   10.0891
9.98865   10.0692
9.98865   10.0798
9.98865   10.1813
9.98865   10.0995
9.98865   10.1003
9.98865   10.0913
9.98865   10.0248
9.98865   9.98865
9.98865   10.0523
9.98865   10.0549
9.98865   10.229
9.98865   10.2358
9.98865   10.2738
9.98865   10.1351
9.98865   10.1596
9.98865   10.1483
9.98865   10.1853
9.98865   10.3094
9.98865   10.3663
9.98865   10.3122
9.98865   10.358
9.98865   10.4146
9.98865   10.3891
9.98865   10.3546
9.98865   10.3461
9.98865   10.1781
9.98865   10.2085
9.98865   10.3578
9.98865   10.403
9.98865   10.2123
9.98865   10.2927
9.98865   10.3901
9.98865   10.2276
9.98865   10.1684
9.98865   10.1389
9.98865   10.1863
9.98865   10.2436
9.98865   10.1139
9.98865   10.1462
9.98865   10.2855
9.98865   10.2915
9.98865   10.2592
9.98865   10.1728
9.98865   10.247
9.98865   10.1385
9.98865   10.3184
9.98865   10.0762
9.98865   10.142
9.98865   10.1213
9.98865   10.0409
9.98865   10.0276
9.98865   10.0452
9.98865   10.0384
9.98865   10.1031
9.98865   10.1128
9.98865   10.3038
9.98865   10.3879
9.98865   10.1798
9.98865   10.2622
9.98865   10.2336
9.98865   10.2466
9.98865   10.3601
9.98865   10.144
9.98865   10.2969
9.98865   10.2214
9.98865   10.2219
9.98865   10.2723
9.98865   10.1591
9.98865   10.3249
9.98865   10.2368
9.98865   10.2413
9.98865   10.0786
9.98865   10.1232
9.98865   10.0887
9.98865   10.0884
9.98865   10.1909
9.98865   10.1087
9.98865   10.1471
9.98865   10.1516
9.98865   10.0992
9.98865   10.0987
9.98865   10.2218
9.98865   10.196
9.98865   10.2152
9.98865   10.122
9.98865   10.0785
9.98865   10.4113
9.98865   10.2911
9.98865   10.092
9.98865   10.1442
9.98865   10.1593
9.98865   10.1651
9.98865   10.2613
9.98865   10.3101
9.98865   10.2429
9.98865   10.2745
9.98865   10.1931
9.98865   10.2036
9.98865   10.1974
9.98865   10.2497
9.98865   10.1122
9.8983   10.003
9.8983   9.98202
9.8983   10.0412
9.8983   10.1715
9.8983   10.2712
9.8983   10.0078
9.8983   10.0028
9.8983   10.0321
9.8983   9.90307
9.8983   10.0003
9.8983   9.94811
9.8983   10.0614
9.8983   10.1345
9.8983   10.0407
9.8983   10.0675
9.8983   10.046
9.8983   9.98566
9.8983   10.1585
9.8983   10.0808
9.8983   10.1262
9.8983   9.98619
9.8983   9.96264
9.8983   10.0717
9.8983   10.2746
9.8983   10.2527
9.8983   10.0827
9.8983   10.0157
9.8983   10.0493
9.8983   10.057
9.8983   10.3289
9.8983   10.2544
9.8983   10.1476
9.8983   10.1579
9.8983   10.1052
9.8983   10.0275
9.8983   10.0926
9.8983   10.0968
9.8983   10.0859
9.8983   10.0499
9.8983   10.0202
9.8983   9.91698
9.8983   9.91571
9.8983   10.0029
9.8983   9.93214
9.8983   9.9917
9.8983   10.013
9.8983   9.97966
9.8983   10.0236
9.8983   10.0271
9.8983   9.99506
9.8983   10.0619
9.8983   10.2048
9.8983   10.2073
9.8983   10.3329
9.8983   10.336
9.8983   10.1318
9.8983   10.1481
9.8983   10.2259
9.8983   10.2535
9.8983   10.1349
9.8983   10.2963
9.8983   10.0883
9.8983   10.15
9.8983   10.1023
9.8983   9.99915
9.8983   10.0013
9.8983   10.0457
9.8983   10.0307
9.8983   10.1404
9.8983   10.023
9.8983   10.024
9.8983   9.98443
9.8983   10.0074
9.8983   10.0047
9.8983   9.91598
9.8983   9.97358
9.8983   10.0393
9.8983   9.97747
9.8983   9.93602
9.8983   9.95148
9.8983   9.95343
9.8983   9.99186
9.8983   9.94181
9.8983   10.0963
9.8983   10.083
9.8983   10.0989
9.8983   10.1961
9.8983   9.95477
9.8983   9.91345
9.8983   10.0955
9.8983   10.0332
9.8983   10.1619
9.8983   10.171
9.8983   10.0226
9.8983   9.98848
9.8983   10.1181
9.8983   10.0265
9.8983   10.1888
9.8983   10.1267
9.8983   9.97172
9.8983   9.97656
9.8983   9.99419
9.8983   10.0889
9.8983   10.1875
9.8983   10.0129
9.8983   10.072
9.8983   10.0984
9.8983   10.0237
9.8983   10.0456
9.8983   10.0386
9.8983   10.046
9.8983   10.0925
9.8983   10.1726
9.8983   10.126
9.8983   10.0525
9.8983   10.1273
9.8983   10.0676
9.8983   10.1339
9.8983   9.97666
9.8983   9.95601
9.8983   9.93905
9.8983   9.96304
9.8983   10.0371
9.8983   10.0491
9.8983   10.1026
9.8983   10.0987
9.8983   10.0731
9.8983   10.1428
9.8983   10.0859
9.8983   10.0196
9.8983   10.1112
9.8983   10.1829
9.8983   10.1188
9.8983   10.1409
9.8983   10.1718
9.8983   10.1855
9.8983   10.0958
9.8983   10.0493
9.8983   10.0151
9.8983   9.99535
9.8983   10.0977
9.8983   10.148
9.8983   10.1873
9.8983   10.011
9.8983   10.0857
9.8983   10.0545
9.8983   10.1475
9.8983   10.0909
9.8983   10.1594
9.8983   10.0816
9.8983   10.0344
9.8983   10.0606
9.8983   10.0393
9.8983   10.0297
9.8983   10.0525
9.8983   9.94747
9.8983   10.0033
9.8983   9.99892
9.8983   10.0553
9.8983   10.0371
9.8983   10.1199
9.8983   10.1469
9.8983   10.1505
9.8983   10.1336
9.8983   10.2203
9.8983   10.2748
9.8983   10.3916
9.8983   10.1005
9.8983   10.1683
9.8983   10.0638
9.8983   10.3144
9.8983   10.2596
9.8983   10.1213
9.8983   10.0865
9.8983   10.16
9.8983   10.1369
9.8983   10.1839
9.8983   10.1315
9.8983   10.3056
9.8983   10.3731
9.8983   10.2028
9.8983   10.0264
9.8983   10.1113
9.8983   10.1644
9.8983   10.1478
9.8983   10.1044
9.8983   9.96983
9.8983   9.97668
9.8983   9.98527
9.8983   10.0047
9.8983   9.9492
9.8983   9.98878
9.8983   10.0433
9.8983   10.0688
9.8983   10.0879
9.8983   10.0506
9.8983   10.1794
9.8983   10.0897
9.8983   10.0653
9.8983   10.0155
9.8983   10.0016
9.8983   10.0127
9.8983   10.0807
9.8983   10.0911
9.8983   10.0696
9.8983   9.98579
9.8983   10.0995
9.8983   10.0971
9.8983   10.1601
9.8983   10.1689
9.8983   10.1061
9.8983   10.1145
9.8983   10.1322
9.8983   10.1791
9.8983   10.404
9.8983   10.2466
9.8983   10.2536
9.8983   10.144
9.8983   10.1887
9.8983   10.0224
9.8983   9.96156
9.8983   9.95367
9.8983   9.98218
9.8983   9.96176
9.8983   10.0497
9.8983   10.224
9.8983   10.2173
9.8983   10.1958
9.8983   10.0766
9.8983   10.081
9.8983   10.0237
9.8983   9.99844
9.8983   10.0423
9.8983   10.1028
9.8983   10.097
9.8983   10.06
9.8983   9.99222
9.8983   10.0281
9.8983   10.0198
9.8983   10.0078
9.8983   9.94438
9.8983   10.0009
9.8983   10.0738
9.8983   10.2118
9.8983   10.0883
9.8983   10.0341
9.8983   9.98636
9.8983   10.1378
9.8983   10.3375
9.8983   10.1076
9.8983   10.1922
9.8983   10.2505
9.8983   10.2631
9.8983   9.98382
9.8983   10.1844
9.8983   10.283
9.8983   10.3013
9.8983   10.2433
9.8983   10.4165
9.8983   10.0575
9.8983   10.1029
9.8983   10.0429
9.8983   10.1598
9.8983   10.0963
9.8983   10.0647
9.8983   10.0676
9.8983   9.9926
9.8983   9.96217
9.8983   10.0259
9.8983   10.0109
9.8983   10.0273
9.8983   9.98457
9.8983   10.0432
9.8983   10.0628
9.8983   10.1201
9.8983   10.0348
9.8983   10.0127
9.8983   9.99513
9.8983   9.99089
9.8983   9.99695
9.8983   9.98645
9.8983   10.0408
9.8983   9.96398
9.8983   10.1028
9.8983   9.98308
9.8983   9.94378
9.8983   10.0811
9.8983   10.0009
9.8983   9.95193
9.8983   9.97617
9.8983   9.96859
9.8983   10.0067
9.8983   9.94566
9.8983   9.96983
9.8983   9.97603
9.8983   10.009
9.8983   10.1295
9.8983   10.2282
9.8983   10.2299
9.8983   10.142
9.8983   10.092
9.8983   10.0711
9.8983   10.096
9.8983   10.3224
9.8983   10.269
9.8983   10.1865
9.8983   10.2135
9.8983   10.13
9.8983   10.0354
9.8983   10.0763
9.8983   10.1719
9.8983   10.1746
9.8983   10.0695
9.8983   10.1128
9.8983   10.0941
9.8983   9.97022
9.8983   10.0194
9.8983   9.99996
9.8983   10.0482
9.8983   10.051
9.8983   10.058
9.8983   10.0227
9.8983   10.0508
9.8983   10.0359
9.8983   10.1324
9.8983   10.1152
9.8983   10.1183
9.8983   10.0932
9.8983   10.1093
9.8983   10.0719
9.8983   9.99506
9.8983   10.0876
9.8983   10.1251
9.8983   10.1467
9.8983   10.1773
9.8983   10.1576
9.8983   10.1231
9.8983   10.0372
9.8983   10.1524
9.8983   10.048
9.8983   10.0656
9.8983   10.2227
9.8983   9.9909
9.8983   10.0062
9.8983   9.95751
9.8983   9.95246
9.8983   10.054
9.8983   10.0443
9.8983   10.1321
9.8983   10.0499
9.8983   10.0117
9.8983   10.1146
9.8983   10.0141
9.8983   10.0215
9.8983   10.0622
9.8983   10.042
9.8983   10.1689
9.8983   10.0325
9.8983   9.93933
9.8983   9.92329
9.8983   9.8983
9.8983   9.8983
9.8983   9.91488
9.8983   9.92116
9.8983   9.91845
9.8983   9.93649
9.8983   9.95566
9.8983   9.94952
9.8983   10.0124
9.8983   10.0955
9.8983   10.0006
9.8983   9.98376
9.8983   9.92493
9.8983   9.96804
9.8983   9.99545
9.8983   10.2317
9.8983   10.1795
9.8983   10.0444
9.8983   10.1372
9.8983   10.1844
9.8983   10.2374
9.8983   10.0433
9.8983   10.0141
9.8983   10.0426
9.8983   10.0198
9.8983   10.0106
9.8983   10.1064
9.8983   9.95554
9.8983   9.99014
9.8983   10.0914
9.8983   10.1962
9.8983   10.4693
9.8983   10.1778
9.8983   10.1359
9.8983   10.0476
9.8983   10.0187
9.8983   10.0505
9.8983   10.0604
9.8983   10.0502
9.8983   10.0168
9.8983   10.0522
9.8983   9.95561
9.8983   10.0976
9.8983   10.0166
9.8983   9.99213
9.8983   9.94253
9.8983   10.084
9.8983   10.1124
9.8983   10.2297
9.8983   10.1286
9.8983   10.1023
9.8983   10.0632
9.8983   10.0222
9.8983   10.025
9.8983   10.058
9.8983   10.1794
9.8983   10.0321
9.8983   10.0163
9.8983   10.0798
9.8983   10.2194
9.8983   10.158
9.8983   10.0969
9.8983   10.0435
9.8983   10.0981
9.8983   10.1097
9.8983   9.96555
9.8983   9.97838
9.8983   10.0699
9.8983   10.2554
9.8983   10.168
9.8983   10.0638
9.8983   10.1707
9.8983   10.1676
9.8983   10.1712
9.8983   10.1918
9.8983   10.1562
9.8983   10.1273
9.8983   10.1601
9.8983   10.0725
9.8983   9.9893
9.8983   10.1817
9.8983   10.3299
9.8983   10.346
9.8983   10.3677
9.8983   10.217
9.8983   10.2892
9.8983   10.1274
9.8983   10.001
9.8983   10.0422
9.8983   10.025
9.8983   10.1844
9.8983   10.0224
9.8983   10.2257
9.8983   10.159
9.8983   10.1146
9.8983   10.0122
9.8983   10.0558
9.8983   10.1638
9.8983   10.1396
9.8983   10.208
9.8983   10.0941
9.8983   10.1818
9.8983   10.1834
9.8983   10.0736
9.8983   10.0822
9.8983   10.0286
9.8983   10.0548
9.8983   10.0438
9.8983   10.1223
9.8983   10.1496
9.8983   10.0688
9.8983   10.0974
9.8983   9.92987
9.8983   9.96979
9.8983   9.97323
9.8983   10.0623
9.8983   9.95965
9.8983   10.067
9.8983   10.0673
9.8983   10.1289
9.8983   10.1411
9.8983   10.1833
9.8983   10.2564
9.8983   10.058
9.8983   9.96753
9.8983   10.0254
9.8983   10.0546
9.8983   10.0106
9.8983   9.99897
9.8983   9.92217
9.8983   9.97658
9.8983   10.0164
9.8983   10.079
9.8983   10.0955
9.8983   9.9683
9.8983   10.0173
9.8983   10.0618
9.8983   10.0561
9.8983   10.1002
9.8983   10.0217
9.8983   10.1279
9.8983   10.0872
9.8983   10.1032
9.8983   10.0117
9.8983   10.0929
9.8983   10.0029
9.8983   9.98905
9.8983   10.0639
9.8983   10.0319
9.8983   10.0465
9.8983   10.0837
9.8983   10.2179
9.8983   10.1295
9.8983   10.0672
9.8983   10.0228
9.8983   9.95574
9.8983   10.1241
9.8983   10.0504
9.8983   10.0977
9.8983   10.0748
9.8983   10.0562
9.8983   10.0782
9.8983   10.122
9.8983   10.1202
9.8983   10.1107
9.8983   10.0083
9.8983   9.98176
9.8983   9.93725
9.8983   9.98794
9.8983   10.0214
9.8983   9.94681
9.8983   9.93335
9.8983   9.96397
9.8983   10.1146
9.8983   10.1023
9.8983   10.1598
9.8983   10.1015
9.8983   10.1979
9.8983   10.1533
9.8983   10.179
9.8983   10.0323
9.8983   10.2746
9.8983   10.2534
9.8983   10.1354
9.8983   10.0402
9.8983   10.0319
9.8983   10.1188
9.8983   10.1575
9.8983   10.2082
9.8983   10.192
