27.3994   38.2125
26.7386   35.3609
26.161   32.7837
24.116   29.8294
23.9114   28.1076
23.0667   26.8739
23.0667   26.0127
22.2377   24.5893
20.5814   24.0321
20.5814   23.3609
20.5472   22.7511
20.4219   21.996
20.0491   21.2424
18.4596   20.9266
17.7562   20.5242
17.7562   19.8841
17.7365   19.4824
17.3155   18.9858
17.3155   18.5425
17.3155   18.0372
16.8788   17.7153
16.0285   17.6507
16.0048   17.3911
16.0048   16.9181
15.8571   16.6222
15.0319   16.6733
14.9504   16.4552
14.8027   16.2178
14.8027   15.9
14.5092   15.5345
14.5092   15.5666
14.5092   15.4401
14.4988   15.143
14.2987   14.9002
14.2586   14.733
13.6582   14.4712
13.0409   14.3766
13.0409   14.3059
13.0409   14.0614
12.4433   13.9591
12.4433   13.5245
12.4433   13.5466
12.3564   13.1471
12.3564   12.898
11.8249   12.7607
11.8249   12.8029
11.8249   12.7601
11.8249   12.7107
11.8249   12.6376
11.8249   12.4628
11.8249   12.3376
11.8237   12.2773
11.8237   12.1567
11.7842   12.2333
11.7842   12.2318
11.7842   12.3174
11.783   12.1892
11.2444   12.1285
11.2444   12.0196
11.2433   11.9383
11.2386   12.0658
11.2191   11.5942
11.2191   11.5067
11.2188   11.5069
11.2188   11.4215
11.2154   11.5579
11.2154   11.4854
11.2116   11.44
11.2116   11.5081
11.2116   11.7246
11.2116   11.8189
11.2116   11.6757
11.2116   11.6153
11.2116   11.7556
11.2116   11.7198
11.2116   11.4808
11.2116   11.2501
11.2116   11.5083
11.2116   11.3834
11.2116   11.4927
11.2116   11.3251
11.2116   11.4026
11.2116   11.2777
11.2116   11.3395
11.2116   11.5282
11.2116   11.3343
11.1875   11.3609
11.1875   11.3696
11.1875   11.3851
11.1832   11.4568
11.1832   11.3869
10.9017   11.4358
10.9017   11.4459
10.9017   11.3499
10.4146   11.2575
10.4146   11.3434
9.70968   11.2052
9.66426   11.1508
9.63332   11.0141
9.5879   10.8821
9.5879   10.5651
9.37329   9.90584
9.37329   9.80622
9.37329   9.70336
9.35653   9.7455
9.35653   9.54154
9.35653   9.64995
8.89421   9.61837
8.89421   9.68694
8.89421   9.50042
8.60795   9.31558
8.29503   9.16072
8.29503   9.02712
8.0558   9.06117
8.0558   8.9515
7.72576   8.67913
7.72576   8.49372
7.41292   8.17122
7.41292   8.02208
7.41292   7.92205
7.10333   7.75892
7.10333   7.56843
7.10333   7.37579
7.10333   7.36939
6.94885   7.21157
6.94885   7.29634
6.94885   7.1784
6.94885   7.15344
6.94885   7.09829
6.94885   7.08934
6.94885   7.22451
6.94885   7.25091
6.94885   7.26322
6.94885   7.42762
6.94885   7.36556
6.94885   7.11982
6.94885   7.08447
6.94885   7.28384
6.94885   7.21173
6.94885   7.20075
6.94885   7.04857
6.94885   6.97382
6.94885   7.06303
6.94885   7.05222
6.94885   7.02189
6.94885   7.16503
6.94885   7.29441
6.94885   7.22872
6.94885   7.00604
6.94885   7.12244
6.2403   7.17336
6.2403   7.15073
6.2403   6.91733
6.2403   7.11444
6.2403   7.67832
6.2403   7.51144
6.2403   7.76916
6.2403   7.20152
6.2403   6.94215
6.2403   6.72438
6.2403   6.55347
6.2403   6.53843
6.2403   6.51159
6.2403   6.50247
6.2403   6.62512
6.2403   6.30334
6.2403   6.41437
6.2403   6.32376
6.2403   6.27558
6.2403   6.33683
6.2403   6.30445
6.2403   6.28381
6.2403   6.5427
6.2403   6.47773
6.2403   6.52208
6.2403   6.64397
6.2403   6.45913
6.2403   6.32439
6.2403   6.41003
6.2403   6.6023
6.2403   6.43841
6.2403   6.29021
6.2403   6.31587
6.2403   6.36766
6.2403   6.25097
6.2403   6.37341
6.2403   6.4321
6.2403   6.40333
6.2403   6.30435
6.2403   6.27253
6.2403   6.38424
6.2403   6.43717
6.2403   6.26268
6.2403   6.35009
6.2403   6.34773
6.2403   6.47161
6.2403   6.3198
6.2403   6.2474
6.2403   6.41369
6.2403   6.44858
6.2403   6.42617
6.2403   6.49049
6.2403   6.35524
6.2403   6.24358
6.2403   6.2539
6.2403   6.31217
6.2403   6.32529
6.2403   6.31191
6.2403   6.35073
6.2403   6.25114
6.2403   6.33173
6.2403   6.28336
6.2403   6.29848
6.2403   6.26696
6.2403   6.26658
6.2403   6.2988
6.2403   6.3496
6.2403   6.48691
6.2403   6.5858
6.2403   6.27035
6.2403   6.34346
6.2403   6.41821
6.2403   6.41108
6.2403   6.24574
6.2403   6.25558
6.2403   6.31119
6.2403   6.40496
6.2403   6.43841
6.2403   6.5606
6.2403   6.53289
6.2403   6.32519
6.2403   6.37247
6.2403   6.53831
6.2403   6.40437
6.2403   6.32208
6.2403   6.3434
6.2403   6.52823
6.2403   6.40941
6.2403   6.2672
6.2403   6.33975
6.2403   6.30622
6.2403   6.49782
6.2403   6.35392
6.2403   6.43762
6.2403   6.34799
6.2403   6.2574
6.2403   6.39765
6.2403   6.34978
6.2403   6.45664
6.2403   6.33699
6.2403   6.38807
6.2403   6.41114
6.2403   6.48592
6.2403   6.47311
6.2403   6.27975
6.2403   6.32536
6.2403   6.27726
6.2403   6.3789
6.2403   6.38562
6.2403   6.49353
6.2403   6.33522
6.2403   6.29659
6.2403   6.33783
6.2403   6.42904
6.2403   6.66105
6.2403   6.59641
6.2403   6.50889
6.2403   6.49611
6.2403   6.48495
6.2403   6.46144
6.2403   6.63079
6.2403   6.74924
6.2403   6.5124
6.2403   6.59154
6.2403   6.41266
6.2403   6.50206
6.2403   6.32234
6.2403   6.30588
6.2403   6.34565
6.2403   6.37112
6.2403   6.33515
6.2403   6.30277
6.2403   6.3653
6.2403   6.36588
6.2403   6.33018
6.2403   6.32107
6.2403   6.51479
6.2403   6.39136
6.2403   6.3656
6.2403   6.33549
6.2403   6.3594
6.2403   6.3563
6.2403   6.28232
6.2403   6.39295
6.2403   6.37359
6.2403   6.45784
6.2403   6.45527
6.2403   6.46324
6.2403   6.32502
6.2403   6.32611
6.2403   6.55306
6.2403   6.44209
6.2403   6.36111
6.2403   6.46616
6.2403   6.44649
6.2403   6.31054
6.2403   6.42908
6.2403   6.37735
6.2403   6.5418
6.2403   6.39459
6.2403   6.49364
6.2403   6.30636
6.2403   6.38806
6.2403   6.42843
6.2403   6.51228
6.2403   6.33074
6.2403   6.32792
6.2403   6.52265
6.2403   6.52269
6.2403   6.3858
6.2403   6.39387
6.2403   6.52836
6.2403   6.32729
6.2403   6.29385
6.2403   6.46058
6.2403   6.31434
6.2403   6.41478
6.2403   6.31901
6.2403   6.31485
6.2403   6.28812
6.2403   6.41611
6.2403   6.33632
6.2403   6.29164
6.2403   6.52782
6.2403   6.59423
6.2403   6.44434
6.2403   6.4649
6.2403   6.48301
6.2403   6.3578
6.2403   6.30423
6.2403   6.34999
6.2403   6.32287
6.2403   6.26343
6.2403   6.27412
6.2403   6.38173
6.2403   6.41146
6.2403   6.56062
6.2403   6.40181
6.2403   6.24892
6.2403   6.33044
6.2403   6.39207
6.2403   6.33847
6.2403   6.34587
6.2403   6.40539
6.2403   6.38109
6.2403   6.4975
6.2403   6.32956
6.2403   6.45867
6.2403   6.52666
6.2403   6.64731
6.2403   6.5176
6.2403   6.27356
6.2403   6.31691
6.2403   6.48717
6.2403   6.4708
6.2403   6.45236
6.2403   6.38592
6.2403   6.56941
6.2403   6.68751
6.2403   6.30076
6.2403   6.34703
6.2403   6.33311
6.2403   6.28158
6.2403   6.5179
6.2403   6.51823
6.2403   6.31365
6.2403   6.25353
6.2403   6.2403
6.2403   6.25672
6.2403   6.41508
6.2403   6.38679
6.2403   6.46098
6.2403   6.40207
6.2403   6.31915
6.2403   6.39962
6.2403   6.32182
6.2403   6.40155
6.2403   6.43576
6.2403   6.29036
6.2403   6.3179
6.2403   6.38316
6.2403   6.32165
6.2403   6.35268
6.2403   6.30682
6.2403   6.28837
6.2403   6.29722
6.2403   6.37729
6.2403   6.28678
6.2403   6.2746
6.2403   6.25148
6.2403   6.40684
6.2403   6.33874
6.2403   6.37692
6.2403   6.59398
6.2403   6.50309
6.2403   6.47912
6.2403   6.42442
6.2403   6.35882
6.2403   6.4024
6.2403   6.32603
6.2403   6.43372
6.2403   6.69395
6.2403   6.60656
6.2403   6.36119
6.2403   6.36534
6.2403   6.46097
6.2403   6.34339
6.2403   6.37422
6.2403   6.31642
6.2403   6.43104
6.2403   6.67788
6.2403   6.61082
6.2403   6.43204
6.2403   6.48488
6.2403   6.49727
6.2403   6.51477
6.2403   6.34839
6.2403   6.27051
6.2403   6.29292
6.2403   6.43579
6.2403   6.34407
6.2403   6.60392
6.2403   6.47897
6.2403   6.43955
6.2403   6.5682
6.2403   6.55993
6.2403   6.3785
6.2403   6.33717
6.2403   6.4482
6.2403   6.38944
6.2403   6.47283
6.2403   6.48926
6.2403   6.50119
6.2403   6.50742
6.2403   6.44273
6.2403   6.28766
6.2403   6.38535
6.2403   6.65301
6.2403   6.42851
6.2403   6.3713
6.2403   6.30827
6.2403   6.41731
6.2403   6.4698
6.2403   6.63642
6.2403   6.66664
6.2403   6.52869
6.2403   6.39448
6.2403   6.47388
6.2403   6.38101
6.2403   6.36168
6.2403   6.51904
6.2403   6.44398
6.2403   6.54041
6.2403   6.57965
6.2403   6.57989
6.2403   6.38287
6.2403   6.4622
6.2403   6.38344
6.2403   6.47867
6.2403   6.75099
6.2403   6.53149
6.2403   6.32675
6.2403   6.30233
6.2403   6.25735
6.2403   6.27442
6.2403   6.36356
6.2403   6.58606
6.2403   6.41311
6.2403   6.6141
6.2403   6.59267
6.2403   6.54519
6.2403   6.67277
6.2403   6.70268
6.2403   6.59316
6.2403   6.47361
6.2403   6.40398
6.2403   6.31698
6.2403   6.31583
6.2403   6.26336
6.2403   6.28763
6.2403   6.41441
6.2403   6.55584
6.2403   6.53226
6.2403   6.29116
6.2403   6.34579
6.2403   6.46498
6.2403   6.62143
6.2403   6.48774
6.2403   6.42049
6.2403   6.28206
6.2403   6.25626
6.2403   6.26908
6.2403   6.25664
6.2403   6.25891
6.2403   6.2795
6.2403   6.41319
6.2403   6.3229
6.2403   6.35708
6.2403   6.31294
6.2403   6.33489
6.2403   6.38409
6.2403   6.38885
6.2403   6.33398
6.2403   6.42491
6.2403   6.52829
6.2403   6.36115
6.2403   6.38571
6.2403   6.35044
6.2403   6.31529
6.2403   6.46659
6.2403   6.33561
6.2403   6.38711
6.2403   6.41155
6.2403   6.36207
6.2403   6.42236
6.2403   6.44537
6.2403   6.45361
6.2403   6.2893
6.2403   6.25888
6.2403   6.36566
6.2403   6.35989
6.2403   6.42752
6.2403   6.38735
6.2403   6.28749
6.2403   6.40749
6.2403   6.30928
6.2403   6.54734
6.2403   6.50268
6.2403   6.42345
6.2403   6.58358
6.2403   6.53909
6.2403   6.38249
6.2403   6.35043
6.2403   6.45649
6.2403   6.42571
6.2403   6.39045
6.2403   6.32432
6.2403   6.49869
6.2403   6.36064
6.2403   6.40749
6.2403   6.52281
6.2403   6.3195
6.2403   6.34102
6.2403   6.34602
6.2403   6.50202
6.2403   6.68513
6.2403   6.71975
6.2403   6.62213
6.2403   6.35215
6.2403   6.34312
6.2403   6.25758
6.2403   6.38986
6.2403   6.33891
6.2403   6.34783
6.2403   6.45797
6.2403   6.57418
6.2403   6.38227
6.2403   6.34383
6.2403   6.5519
6.2403   6.55353
6.2403   6.73214
6.2403   6.43401
6.2403   6.48811
6.2403   6.36555
6.2403   6.3791
6.2403   6.38888
6.2403   6.34124
6.2403   6.36875
6.2403   6.28018
6.2403   6.32972
6.2403   6.57246
6.2403   6.54698
6.2403   6.41234
6.2403   6.76084
6.2403   6.86195
6.2403   6.31484
6.2403   6.42626
6.2403   6.37924
6.2403   6.39397
6.2403   6.33422
6.2403   6.36619
6.2403   6.35539
6.2403   6.28102
6.2403   6.34524
6.2403   6.42214
6.2403   6.34756
6.2403   6.30884
6.2403   6.30486
6.2403   6.40553
6.2403   6.30394
6.2403   6.31534
6.2403   6.33919
6.2403   6.35424
6.2403   6.45872
6.2403   6.47213
6.2403   6.36496
6.2403   6.28786
6.2403   6.35472
6.2403   6.39848
6.2403   6.60167
6.2403   6.5999
6.2403   6.52968
6.2403   6.72682
6.2403   6.85276
6.2403   6.68627
6.2403   6.49294
6.2403   6.48877
6.2403   6.54835
6.2403   6.52169
6.2403   6.41322
6.2403   6.39085
6.2403   6.28411
6.2403   6.25189
6.2403   6.24057
6.2403   6.27098
6.2403   6.40765
6.2403   6.44157
6.2403   6.72618
6.2403   6.62104
6.2403   6.4598
6.2403   6.45689
6.2403   6.39981
6.2403   6.38152
6.2403   6.3813
6.2403   6.40253
6.2403   6.49957
6.2403   6.53053
6.2403   6.65487
6.2403   6.82404
6.2403   6.6281
6.2403   6.36077
6.2403   6.33944
6.2403   6.27424
6.2403   6.29
6.2403   6.32981
6.2403   6.49818
6.2403   6.50305
6.2403   6.43053
6.2403   6.52621
6.2403   6.35672
6.2403   6.34
6.2403   6.37523
6.2403   6.30762
6.2403   6.33982
6.2403   6.41867
6.2403   6.42503
6.2403   6.47595
6.2403   6.58936
6.2403   6.38887
6.2403   6.32498
6.2403   6.33351
6.2403   6.46257
6.2403   6.31889
6.2403   6.46042
6.2403   6.48792
6.2403   6.40483
6.2403   6.42097
6.2403   6.45174
6.2403   6.34527
6.2403   6.35964
6.2403   6.3827
6.2403   6.54292
6.2403   6.39446
6.2403   6.38122
6.2403   6.33014
6.2403   6.46536
6.2403   6.39544
6.2403   6.39414
6.2403   6.29
6.2403   6.26765
6.2403   6.31794
6.2403   6.36497
6.2403   6.33146
6.2403   6.40171
6.2403   6.41382
6.2403   6.34921
6.2403   6.30435
6.2403   6.25237
6.2403   6.28427
6.2403   6.33555
6.2403   6.3506
6.2403   6.39703
6.2403   6.41705
6.2403   6.3003
6.2403   6.25422
6.2403   6.41098
6.2403   6.31899
6.2403   6.34394
6.2403   6.56515
6.2403   6.50021
6.2403   6.4219
6.2403   6.3532
6.2403   6.43902
6.2403   6.45645
6.2403   6.50178
6.2403   6.49951
6.2403   6.43666
6.2403   6.30783
6.2403   6.26725
6.2403   6.25599
6.2403   6.27863
6.2403   6.30215
6.2403   6.42801
6.2403   6.51423
6.2403   6.42531
6.2403   6.44271
6.2403   6.51396
6.2403   6.52787
6.2403   6.38499
6.2403   6.34219
6.2403   6.49114
6.2403   6.60185
6.2403   6.56184
6.2403   6.48024
6.2403   6.43042
6.2403   6.4972
6.2403   6.36719
6.2403   6.43924
6.2403   6.24831
6.2403   6.25051
6.2403   6.28996
6.2403   6.39218
6.2403   6.29608
6.2403   6.24958
6.2403   6.29933
6.2403   6.34287
6.2403   6.28682
6.2403   6.33501
6.2403   6.50745
6.2403   6.50975
6.2403   6.45925
6.2403   6.32953
6.2403   6.47745
6.2403   6.41958
6.2403   6.52784
6.2403   6.38132
6.2403   6.38692
6.2403   6.53999
6.2403   6.43072
6.2403   6.42752
6.2403   6.3334
6.2403   6.33451
6.2403   6.25558
6.2403   6.25574
6.2403   6.25131
6.2403   6.27095
6.2403   6.30708
6.2403   6.41616
6.2403   6.42071
6.2403   6.40764
6.2403   6.48514
6.2403   6.49292
6.2403   6.58664
6.2403   6.39933
6.2403   6.35909
6.2403   6.32985
6.2403   6.46995
6.2403   6.41545
6.2403   6.41927
6.2403   6.51409
6.2403   6.2751
6.2403   6.31334
6.2403   6.60432
6.2403   6.39607
6.2403   6.34266
6.2403   6.43582
6.2403   6.59946
6.2403   6.52667
6.2403   6.39941
6.2403   6.41799
6.2403   6.54367
6.2403   6.62525
6.2403   6.48327
6.2403   6.39587
6.2403   6.44302
6.2403   6.59405
6.2403   6.61663
6.2403   6.38425
6.2403   6.36099
6.2403   6.3406
6.2403   6.35164
6.2403   6.35459
6.2403   6.37297
6.2403   6.50738
6.2403   6.47587
6.2403   6.42651
6.2403   6.4069
6.2403   6.60158
6.2403   6.3789
6.2403   6.43417
6.2403   6.489
6.2403   6.26782
6.2403   6.40486
6.2403   6.3225
6.2403   6.42963
6.2403   6.45648
6.2403   6.40598
6.2403   6.36974
6.2403   6.31294
6.2403   6.31993
6.2403   6.49568
6.2403   6.36193
6.2403   6.49685
6.2403   6.39008
6.2403   6.30545
6.2403   6.29787
6.2403   6.37905
6.2403   6.394
6.2403   6.33813
6.2403   6.38123
6.2403   6.3591
6.2403   6.53339
6.2403   6.55654
6.2403   6.5165
6.2403   6.33742
6.2403   6.37043
6.2403   6.36476
6.2403   6.37985
6.2403   6.39854
6.2403   6.45196
6.2403   6.53336
6.2403   6.39573
6.2403   6.29518
6.2403   6.4142
6.2403   6.3485
6.2403   6.42643
6.2403   6.43548
6.2403   6.3213
6.2403   6.26204
6.2403   6.26738
6.2403   6.43618
6.2403   6.53185
6.2403   6.34743
6.2403   6.43806
6.2403   6.46787
6.2403   6.34981
6.2403   6.50885
6.2403   6.39209
6.2403   6.42329
6.2403   6.32967
6.2403   6.32164
6.2403   6.43977
6.2403   6.35764
6.2403   6.33612
6.2403   6.28363
6.2403   6.38531
6.2403   6.44737
6.2403   6.53266
6.2403   6.47343
6.2403   6.44427
6.2403   6.48146
6.2403   6.37849
6.2403   6.36483
6.2403   6.51685
6.2403   6.81848
6.2403   6.60479
6.2403   6.59069
6.2403   6.53099
6.2403   6.38757
6.2403   6.28168
6.2403   6.26953
6.2403   6.3146
6.2403   6.28254
6.2403   6.35052
6.2403   6.3775
6.2403   6.34321
6.2403   6.48529
6.2403   6.5741
6.2403   6.46309
6.2403   6.41287
6.2403   6.37531
6.2403   6.30921
6.2403   6.4005
6.2403   6.45967
6.2403   6.36648
6.2403   6.4359
6.2403   6.48588
6.2403   6.49043
6.2403   6.43529
6.2403   6.57137
6.2403   6.42002
6.2403   6.43202
6.2403   6.44742
6.2403   6.34744
6.2403   6.32512
6.2403   6.41055
6.2403   6.38263
6.2403   6.3895
6.2403   6.25792
6.2403   6.25383
6.2403   6.31485
6.2403   6.28843
6.2403   6.34234
6.2403   6.40256
6.2403   6.39443
6.2403   6.38398
6.2403   6.35524
6.2403   6.68592
6.2403   6.57709
6.2403   6.69321
6.2403   6.88544
6.2403   6.64572
6.2403   6.53018
6.2403   6.54722
6.2403   6.47501
6.2403   6.55211
6.2403   6.37538
6.2403   6.31032
6.2403   6.376
6.2403   6.45139
6.2403   6.5266
6.2403   6.48028
6.2403   6.49291
6.2403   6.41554
6.2403   6.37008
6.2403   6.55234
6.2403   6.39998
6.2403   6.54315
6.2403   6.47277
6.2403   6.68839
6.2403   6.58092
6.2403   6.39613
6.2403   6.27642
6.2403   6.32454
6.2403   6.48385
6.2403   6.37179
6.2403   6.33676
6.2403   6.27804
6.2403   6.29883
6.2403   6.39678
6.2403   6.32044
6.2403   6.34408
6.2403   6.39502
6.2403   6.26898
6.2403   6.24321
6.2403   6.28158
6.2403   6.44095
6.2403   6.49186
6.2403   6.27727
6.2403   6.362
6.2403   6.40582
6.2403   6.28825
6.2403   6.47937
6.2403   6.3317
6.2403   6.35069
6.2403   6.36773
6.2403   6.27106
6.2403   6.26469
6.2403   6.41194
6.2403   6.38877
6.2403   6.37803
6.2403   6.51052
6.2403   6.34229
6.2403   6.31809
6.2403   6.35898
6.2403   6.42681
6.2403   6.27533
6.2403   6.31113
6.2403   6.27518
6.2403   6.33554
6.2403   6.42731
6.2403   6.49141
6.2403   6.43759
6.2403   6.54072
6.2403   6.5399
6.2403   6.54611
6.2403   6.4227
6.2403   6.60285
6.2403   6.34746
6.2403   6.36656
6.2403   6.5179
6.2403   6.49133
6.2403   6.39298
6.2403   6.43289
6.2403   6.51947
6.2403   6.52353
6.2403   6.44499
6.2403   6.39702
6.2403   6.3634
6.2403   6.28244
6.2403   6.40851
6.2403   6.46247
6.2403   6.543
6.2403   6.5616
6.2403   6.34049
6.2403   6.4279
6.2403   6.45205
6.2403   6.66191
6.2403   6.40697
6.2403   6.42656
