27.6439   33.7364
26.4974   31.4908
25.6313   29.8463
24.7617   27.7796
23.4698   26.8701
23.4698   26.051
23.1198   25.2903
22.6274   24.4625
22.326   24.032
20.9032   23.5136
19.4757   22.9425
18.4148   21.9031
18.4148   20.6776
17.9091   19.8044
17.7872   19.3204
17.7104   18.831
17.361   18.5856
17.361   18.4205
17.3369   18.3073
17.1841   17.9268
17.0059   17.6545
15.9995   17.7543
15.9995   17.4655
15.9169   17.1045
15.841   16.7156
15.841   16.7255
15.5996   16.5641
15.5996   16.3061
15.1964   16.0395
15.1139   15.8869
15.0332   15.9111
15.0332   15.7335
14.476   15.5526
14.476   15.3829
14.0988   15.0955
14.0988   14.782
14.0709   14.5624
13.9743   14.5217
13.9743   14.4514
13.452   14.4791
13.452   14.3297
13.4407   14.385
13.2603   14.103
13.249   13.761
13.249   13.5714
13.2213   13.5122
13.0297   13.4127
13.0247   13.3665
13.0247   13.396
12.545   13.371
12.545   13.3423
12.545   13.1884
12.5115   13.0403
12.4693   13.079
12.4603   13.0005
12.4358   12.9647
12.4268   12.7629
12.4268   12.6016
12.1093   12.5745
12.1093   12.5511
12.1093   12.645
12.1093   12.3645
12.1093   12.2722
11.8315   12.2509
11.8315   12.2008
11.6295   12.2167
11.6295   12.0683
11.6295   11.9386
11.6295   11.9441
11.6295   11.9739
11.6295   11.9452
11.6295   11.9148
11.1272   11.8449
11.1272   11.88
11.1272   11.8168
11.1272   11.5335
10.9306   11.2692
10.9306   11.4377
10.9306   11.3649
10.9306   11.3502
10.9306   11.2219
10.9306   11.19
10.9306   11.0159
10.8832   11.0536
10.8832   11.136
10.8801   10.9967
10.8801   11.0444
10.8801   11.0111
10.8801   11.0389
10.8801   11.1027
10.8801   11.0922
10.8801   11.1101
10.8801   11.0203
10.8801   11.014
10.8801   11.0249
10.8801   11.0615
10.8801   11.0898
10.8801   11.0961
10.8801   11.2408
10.8801   11.3085
10.8801   11.2193
10.8801   10.9391
10.8801   10.9346
10.8801   10.9016
10.8801   10.9482
10.8801   10.9017
10.8801   10.9449
10.8801   10.9808
10.8801   11.0402
10.8801   11.0599
10.8801   10.9887
10.8801   11.0242
10.8801   11.0464
10.8801   11.1311
10.6937   11.197
10.3534   11.0137
10.3534   10.9783
10.167   10.7497
10.167   10.6544
10.167   10.5473
10.167   10.427
10.167   10.3503
10.167   10.2345
10.167   10.2727
10.167   10.1946
10.167   10.2809
10.167   10.2506
10.167   10.2548
10.167   10.2803
10.167   10.2749
10.167   10.3271
10.167   10.3529
10.167   10.3246
10.167   10.3861
10.167   10.4429
10.167   10.3077
10.167   10.2524
10.167   10.4237
10.167   10.3327
10.167   10.308
10.167   10.2479
10.167   10.2078
10.167   10.2444
10.167   10.2706
10.167   10.2142
10.167   10.3301
10.167   10.4236
10.167   10.3632
10.167   10.2103
10.167   10.2619
10.167   10.2539
10.167   10.2357
10.167   10.1695
10.167   10.1787
10.167   10.3919
10.167   10.2767
10.167   10.4493
10.167   10.3217
10.1132   10.3454
10.1132   10.329
10.1132   10.263
10.1132   10.2934
10.1132   10.3028
10.1132   10.2725
10.1132   10.3306
10.1132   10.1849
10.1132   10.2268
10.1132   10.2216
10.1132   10.2144
10.1132   10.3027
10.1132   10.2186
10.1132   10.1785
10.1132   10.3646
10.1132   10.316
10.1132   10.3488
10.1132   10.3812
10.1132   10.3614
9.98865   10.2038
9.98865   10.2938
9.98865   10.4068
9.98865   10.2326
9.98865   10.1368
9.98865   10.1357
9.98865   10.1424
9.98865   10.0313
9.98865   10.1564
9.98865   10.1515
9.98865   10.1303
9.98865   10.0644
9.98865   10.0464
9.98865   10.1291
9.98865   10.162
9.98865   10.022
9.98865   10.1105
9.98865   10.1724
9.98865   10.2747
9.98865   10.0912
9.98865   10.0368
9.98865   10.1714
9.98865   10.2107
9.98865   10.1835
9.98865   10.2353
9.98865   10.1023
9.98865   10.0263
9.98865   10.0522
9.98865   10.0895
9.98865   10.1049
9.98865   10.0863
9.98865   10.1322
9.98865   10.0427
9.98865   10.1267
9.98865   10.0644
9.98865   10.0636
9.98865   10.0231
9.98865   10.0127
9.98865   10.0079
9.98865   10.0892
9.98865   10.2139
9.98865   10.2533
9.98865   10.0319
9.98865   10.0825
9.98865   10.1882
9.98865   10.2052
9.98865   10.0543
9.98865   10.0866
9.98865   10.1308
9.98865   10.2028
9.98865   10.165
9.98865   10.2573
9.98865   10.2565
9.98865   10.0962
9.98865   10.1159
9.98865   10.2416
9.98865   10.1393
9.98865   10.1123
9.98865   10.0921
9.98865   10.138
9.98865   10.1042
9.98865   10.0291
9.98865   10.1183
9.98865   10.0902
9.98865   10.196
9.98865   10.0965
9.98865   10.2103
9.98865   10.1297
9.98865   10.0481
9.98865   10.2289
9.98865   10.1732
9.98865   10.2068
9.98865   10.0636
9.98865   10.0983
9.98865   10.1204
9.98865   10.1823
9.98865   10.2043
9.98865   10.0779
9.98865   10.158
9.98865   10.0723
9.98865   10.1297
9.98865   10.1042
9.98865   10.2611
9.98865   10.1142
9.98865   10.1026
9.98865   10.1198
9.98865   10.1571
9.98865   10.2337
9.98865   10.2591
9.98865   10.254
9.98865   10.1395
9.98865   10.1616
9.98865   10.1176
9.98865   10.2747
9.98865   10.3054
9.98865   10.1368
9.98865   10.1989
9.98865   10.0957
9.98865   10.1929
9.98865   10.1392
9.98865   10.136
9.98865   10.1126
9.98865   10.1511
9.98865   10.1106
9.98865   10.1155
9.98865   10.1542
9.98865   10.1693
9.98865   10.1142
9.98865   10.077
9.98865   10.153
9.98865   10.1188
9.98865   10.1262
9.98865   10.1114
9.98865   10.1311
9.98865   10.1657
9.98865   10.0534
9.98865   10.1281
9.98865   10.0968
9.98865   10.1193
9.98865   10.1963
9.98865   10.1829
9.98865   10.08
9.98865   10.0684
9.8983   10.2361
9.8983   10.1897
9.8983   10.1168
9.8983   10.2238
9.8983   10.2109
9.8983   10.0535
9.8983   10.1491
9.8983   10.0557
9.8983   10.1954
9.8983   10.0866
9.8983   10.1284
9.8983   9.98142
9.8983   10.0378
9.8983   10.1141
9.8983   10.2294
9.8983   10.0541
9.8983   10.0556
9.8983   10.1807
9.8983   10.2575
9.8983   10.1257
9.8983   10.1333
9.8983   10.2117
9.8983   10.0566
9.8983   10.0358
9.8983   10.2289
9.8983   10.028
9.8983   10.1151
9.8983   10.0543
9.8983   9.98664
9.8983   10.0026
9.8983   10.0959
9.8983   9.99322
9.8983   9.97142
9.8983   10.1696
9.8983   10.2028
9.8983   10.0974
9.8983   10.1445
9.8983   10.1253
9.8983   10.025
9.8983   9.99794
9.8983   10.072
9.8983   10.0343
9.8983   9.98478
9.8983   9.97936
9.8983   10.0337
9.8983   10.0885
9.8983   10.1833
9.8983   10.0828
9.8983   9.92725
9.8983   10.0332
9.8983   10.0929
9.8983   10.0329
9.8983   10.0876
9.8983   10.0945
9.8983   10.0498
9.8983   10.1357
9.8983   10.0258
9.8983   10.101
9.8983   10.1687
9.8983   10.2519
9.8983   10.1914
9.8983   10.0051
9.8983   10.0568
9.8983   10.165
9.8983   10.0995
9.8983   10.1225
9.8983   10.0787
9.8983   10.1755
9.8983   10.1913
9.8983   9.97988
9.8983   10.008
9.8983   10.0459
9.8983   9.94535
9.8983   10.1114
9.8983   10.2202
9.8983   10.0404
9.8983   9.95223
9.8983   9.91802
9.8983   9.94989
9.8983   10.0433
9.8983   10.0361
9.8983   10.0532
9.8983   10.0406
9.8983   9.98501
9.8983   10.0625
9.8983   9.99465
9.8983   10.071
9.8983   10.0945
9.8983   9.94883
9.8983   10.01
9.8983   10.0644
9.8983   10.0327
9.8983   10.0795
9.8983   9.99168
9.8983   9.91694
9.8983   9.98553
9.8983   10.0729
9.8983   9.97102
9.8983   9.9358
9.8983   9.91654
9.8983   10.0072
9.8983   10.0126
9.8983   10.028
9.8983   10.1907
9.8983   10.053
9.8983   10.0948
9.8983   10.0521
9.8983   10.0512
9.8983   10.0617
9.8983   10.009
9.8983   10.0203
9.8983   10.2291
9.8983   10.2512
9.8983   10.0184
9.8983   10.0437
9.8983   10.0629
9.8983   10.0103
9.8983   10.1007
9.8983   10.0033
9.8983   10.1097
9.8983   10.2707
9.8983   10.173
9.8983   10.0811
9.8983   10.1197
9.8983   10.1756
9.8983   10.1518
9.8983   10.0371
9.8983   9.96489
9.8983   9.99708
9.8983   10.0805
9.8983   10.0378
9.8983   10.197
9.8983   10.086
9.8983   10.1168
9.8983   10.1717
9.8983   10.1059
9.8983   10.044
9.8983   10.032
9.8983   10.1038
9.8983   10.0556
9.8983   10.1022
9.8983   10.1354
9.8983   10.1179
9.8983   10.1672
9.8983   10.0718
9.8983   9.95565
9.8983   9.98958
9.8983   10.1528
9.8983   10.0453
9.8983   10.0258
9.8983   10.0068
9.8983   10.1428
9.8983   10.1927
9.8983   10.3801
9.8983   10.33
9.8983   10.2212
9.8983   10.0814
9.8983   10.1178
9.8983   10.0815
9.8983   10.0528
9.8983   10.2114
9.8983   10.1577
9.8983   10.2127
9.8983   10.2167
9.8983   10.2453
9.8983   10.1036
9.8983   10.1186
9.8983   10.0506
9.8983   10.1851
9.8983   10.3154
9.8983   10.1691
9.8983   10.0832
9.8983   10.0421
9.8983   9.9901
9.8983   10.0158
9.8983   10.096
9.8983   10.2597
9.8983   10.1645
9.8983   10.2206
9.8983   10.1903
9.8983   10.1685
9.8983   10.2125
9.8983   10.2999
9.8983   10.1905
9.8983   10.1289
9.8983   10.0911
9.8983   9.96994
9.8983   9.97803
9.8983   9.91842
9.8983   9.90843
9.8983   10.0267
9.8983   10.1437
9.8983   10.1493
9.8983   9.96706
9.8983   10.0608
9.8983   10.131
9.8983   10.2286
9.8983   10.139
9.8983   10.0627
9.8983   9.94824
9.8983   9.9367
9.8983   9.96209
9.8983   9.95043
9.8983   9.96227
9.8983   9.95365
9.8983   10.0607
9.8983   10.0325
9.8983   10.0717
9.8983   10.0228
9.8983   10.0358
9.8983   10.0718
9.8983   10.0339
9.8983   9.99811
9.8983   10.1093
9.8983   10.2027
9.8983   10.1373
9.8983   10.109
9.8983   10.093
9.8983   10.0773
9.8983   10.1694
9.8983   10.0532
9.8983   10.0745
9.8983   10.0901
9.8983   10.0578
9.8983   10.0646
9.8983   10.0752
9.8983   10.1099
9.8983   9.9775
9.8983   9.96844
9.8983   10.0789
9.8983   10.0479
9.8983   10.128
9.8983   10.1071
9.8983   9.97631
9.8983   10.1016
9.8983   10.0168
9.8983   10.1975
9.8983   10.0996
9.8983   10.0193
9.8983   10.1473
9.8983   10.1082
9.8983   10.0224
9.8983   10.0492
9.8983   10.1445
9.8983   10.0888
9.8983   10.0439
9.8983   9.96649
9.8983   10.0771
9.8983   10.0295
9.8983   10.0668
9.8983   10.1086
9.8983   9.99485
9.8983   10.034
9.8983   10.099
9.8983   10.1574
9.8983   10.2644
9.8983   10.2402
9.8983   10.2225
9.8983   10.0239
9.8983   10.0429
9.8983   9.94582
9.8983   10.0444
9.8983   10.0263
9.8983   10.0228
9.8983   10.1001
9.8983   10.1865
9.8983   10.0065
9.8983   10.005
9.8983   10.1667
9.8983   10.156
9.8983   10.3175
9.8983   10.1194
9.8983   10.208
9.8983   10.0883
9.8983   10.0702
9.8983   9.9945
9.8983   9.98978
9.8983   10.0174
9.8983   9.95412
9.8983   10.0056
9.8983   10.1229
9.8983   10.1461
9.8983   10.0436
9.8983   10.2893
9.8983   10.3309
9.8983   9.98679
9.8983   10.012
9.8983   9.99715
9.8983   10.0192
9.8983   9.96763
9.8983   10.0174
9.8983   9.9924
9.8983   9.94469
9.8983   10.0314
9.8983   10.0508
9.8983   9.99959
9.8983   9.99709
9.8983   9.95425
9.8983   10.0434
9.8983   9.99965
9.8983   9.97071
9.8983   9.99433
9.8983   10.0039
9.8983   10.1348
9.8983   10.1412
9.8983   10.0574
9.8983   9.98008
9.8983   10.0472
9.8983   10.0721
9.8983   10.2267
9.8983   10.187
9.8983   10.1522
9.8983   10.189
9.8983   10.1959
9.8983   10.1368
9.8983   10.0454
9.8983   10.1129
9.8983   10.1619
9.8983   10.168
9.8983   10.0709
9.8983   10.0822
9.8983   9.97958
9.8983   9.92796
9.8983   9.91449
9.8983   9.97967
9.8983   10.0656
9.8983   10.1042
9.8983   10.2521
9.8983   10.1311
9.8983   10.0264
9.8983   10.0492
9.8983   10.0738
9.8983   10.0405
9.8983   10.0409
9.8983   10.092
9.8983   10.1025
9.8983   10.1305
9.8983   10.2337
9.8983   10.3505
9.8983   10.1927
9.8983   10.0187
9.8983   10.0285
9.8983   9.94778
9.8983   9.9427
9.8983   9.97275
9.8983   10.0802
9.8983   10.0673
9.8983   10.0341
9.8983   10.1296
9.8983   10.0006
9.8983   10.0152
9.8983   10.0466
9.8983   9.96089
9.8983   9.99008
9.8983   10.1009
9.8983   10.1818
9.8983   10.1685
9.8983   10.2798
9.8983   10.1387
9.8983   10.0547
9.8983   10.0102
9.8983   10.1122
9.8983   10.0003
9.8983   10.094
9.8983   10.0955
9.8983   10.0481
9.8983   10.0534
9.8983   10.087
9.8983   10.1022
9.8983   10.0338
9.8983   10.0374
9.8983   10.1265
9.8983   10.0649
9.8983   10.0187
9.8983   10.0103
9.8983   10.0932
9.8983   10.0315
9.8983   10.0274
9.8983   10.0079
9.8983   9.96813
9.8983   9.98779
9.8983   10.0277
9.8983   9.99531
9.8983   10.1059
9.8983   10.1449
9.8983   10.0052
9.8983   9.95221
9.8983   9.93589
9.8983   9.99626
9.8983   10.0072
9.8983   10.0112
9.8983   10.0714
9.8983   10.1081
9.8983   9.99033
9.8983   9.95756
9.8983   10.0888
9.8983   9.97001
9.8983   10.0067
9.8983   10.1605
9.8983   10.1497
9.8983   10.0807
9.8983   10.0227
9.8983   10.1253
9.8983   10.0861
9.8983   10.1411
9.8983   10.1442
9.8983   10.0618
9.8983   9.93181
9.8983   9.92872
9.8983   9.90335
9.8983   9.93581
9.8983   9.94951
9.8983   10.0437
9.8983   10.0884
9.8983   10.0433
9.8983   10.0615
9.8983   10.1358
9.8983   10.2777
9.8983   10.2014
9.8983   10.1639
9.8983   10.196
9.8983   10.2332
9.8983   10.2086
9.8983   10.156
9.8983   10.0978
9.8983   10.1625
9.8983   10.1027
9.8983   10.105
9.8983   9.91724
9.8983   9.94108
9.8983   10.013
9.8983   10.1202
9.8983   9.98348
9.8983   9.90667
9.8983   9.96817
9.8983   9.97784
9.8983   9.97064
9.8983   10.0402
9.8983   10.1005
9.8983   10.1228
9.8983   10.094
9.8983   9.9912
9.8983   10.1638
9.8983   10.1158
9.8983   10.1408
9.8983   10.0899
9.8983   10.115
9.8983   10.1858
9.8983   10.0264
9.8983   10.0287
9.8983   9.99546
9.8983   9.9817
9.8983   9.94172
9.8983   9.95855
9.8983   9.94539
9.8983   9.9853
9.8983   10.0164
9.8983   10.0883
9.8983   10.1033
9.8983   10.0809
9.8983   10.0663
9.8983   10.0867
9.8983   10.116
9.8983   10.043
9.8983   10.0082
9.8983   10.0041
9.8983   10.1083
9.8983   10.0626
9.8983   10.0442
9.8983   10.1097
9.8983   9.98173
9.8983   9.96666
9.8983   10.1385
9.8983   10.1105
9.8983   10.0448
9.8983   10.1687
9.8983   10.2692
9.8983   10.2132
9.8983   10.1294
9.8983   10.1507
9.8983   10.1536
9.8983   10.2891
9.8983   10.1775
9.8983   10.1229
9.8983   10.1244
9.8983   10.2374
9.8983   10.2873
9.8983   10.0807
9.8983   10.0805
9.8983   10.0623
9.8983   10.1027
9.8983   10.0894
9.8983   10.1111
9.8983   10.1904
9.8983   10.1003
9.8983   10.1049
9.8983   10.0516
9.8983   10.2494
9.8983   10.1234
9.8983   10.121
9.8983   10.1126
9.8983   9.9897
9.8983   10.115
9.8983   10.0354
9.8983   10.1184
9.8983   10.1197
9.8983   10.056
9.8983   10.0586
9.8983   10.0491
9.8983   9.99027
9.8983   10.146
9.8983   10.0691
9.8983   10.167
9.8983   10.0654
9.8983   10.0059
9.8983   9.98392
9.8983   10.067
9.8983   10.1031
9.8983   10.0331
9.8983   10.0796
9.8983   10.0796
9.8983   10.1454
9.8983   10.1806
9.8983   10.1283
9.8983   9.99785
9.8983   10.0551
9.8983   10.1377
9.8983   10.1061
9.8983   10.1015
9.8983   10.1254
9.8983   10.1907
9.8983   10.0573
9.8983   9.98724
9.8983   10.1051
9.8983   10.0279
9.8983   10.101
9.8983   10.1328
9.8983   10.0129
9.8983   9.97728
9.8983   9.9423
9.8983   10.1406
9.8983   10.1935
9.8983   10.0414
9.8983   10.1068
9.8983   10.0993
9.8983   10.0014
9.8983   10.1076
9.8983   10.0844
9.8983   10.1088
9.8983   10.0276
9.8983   9.9258
9.8983   10.0664
9.8983   10.0387
9.8983   10.0164
9.8983   9.99972
9.8983   10.0431
9.8983   10.159
9.8983   10.2058
9.8983   10.1352
9.8983   10.1637
9.8983   10.1817
9.8983   10.0852
9.8983   10.0957
9.8983   10.1774
9.8983   10.2959
9.8983   10.1938
9.8983   10.2469
9.8983   10.2315
9.8983   10.0762
9.8983   10.0142
9.8983   9.98188
9.8983   10.0022
9.8983   9.96394
9.8983   10.0419
9.8983   10.0131
9.8983   10.0319
9.8983   10.0737
9.8983   10.1301
9.8983   10.0988
9.8983   10.0161
9.8983   10.01
9.8983   9.97544
9.8983   10.0585
9.8983   10.1166
9.8983   10.0455
9.8983   10.0747
9.8983   10.0925
9.8983   10.0767
9.8983   10.0771
9.8983   10.1704
9.8983   10.1008
9.8983   10.033
9.8983   10.0984
9.8983   10.0101
9.8983   9.94718
9.8983   10.0311
9.8983   10.0032
9.8983   10.0497
9.8983   9.9423
9.8983   9.92482
9.8983   9.99678
9.8983   9.98779
9.8983   10.015
9.8983   10.039
9.8983   10.0374
9.8983   10.0001
9.8983   10.0451
9.8983   10.2138
9.8983   10.1923
9.8983   10.2265
9.8983   10.2779
9.8983   10.2165
9.8983   10.0858
9.8983   10.1582
9.8983   10.107
9.8983   10.1508
9.8983   10.0894
9.8983   9.99205
9.8983   10.0469
9.8983   10.115
9.8983   10.1672
9.8983   10.1543
9.8983   10.1838
9.8983   10.0807
9.8983   10.0628
9.8983   10.1742
9.8983   10.0585
9.8983   10.1712
9.8983   10.1233
9.8983   10.1972
9.8983   10.2097
9.8983   10.0985
9.8983   9.97389
9.8983   10.0019
9.8983   10.159
9.8983   10.0797
9.8983   10.0181
9.8983   9.95357
9.8983   10.0048
9.8983   10.1114
9.8983   10.0102
9.8983   9.99131
9.8983   10.0124
9.8983   9.93184
9.8983   9.91105
9.8983   9.97299
9.8983   10.1297
9.8983   10.1027
9.8983   9.93649
9.8983   9.97627
9.8983   10.0411
9.8983   9.934
9.8983   10.0877
9.8983   9.96741
9.8983   9.97106
9.8983   10.0131
9.8983   9.92346
9.8983   9.92743
9.8983   9.99485
9.8983   10.0257
9.8983   10.0378
9.8983   10.1093
9.8983   10.0312
9.8983   10.0318
9.8983   10.0221
9.8983   10.0905
9.8983   9.97929
9.8983   10.0237
9.8983   9.97772
9.8983   10.0724
9.8983   10.1405
9.8983   10.1527
9.8983   10.0616
9.8983   10.1344
9.8983   10.0953
9.8983   10.2062
9.8983   10.0965
9.8983   10.2029
9.8983   10.048
9.8983   10.0048
9.8983   10.1256
9.8983   10.1035
9.8983   10.059
9.8983   10.0902
9.8983   10.0982
9.8983   10.1145
9.8983   10.083
9.8983   10.0509
9.8983   10.0099
9.8983   9.95972
9.8983   10.0595
9.8983   10.1381
9.8983   10.2087
9.8983   10.1586
9.8983   10.036
9.8983   10.1411
9.8983   10.1099
9.8983   10.209
9.8983   10.0668
9.8983   10.1054
