27.7176   33.4868
26.145   31.433
23.1213   29.2716
23.1213   27.5133
22.4197   26.0583
21.3182   24.4154
20.1907   23.0708
20.1907   22.12
19.4264   21.5793
19.2773   20.9402
17.858   20.3936
17.5176   19.9068
17.281   19.2036
16.9405   18.5989
16.8356   18.0874
16.5313   17.7522
16.2023   17.3075
16.2023   17.1101
15.9318   17.0489
15.857   16.7757
15.1938   16.7177
15.119   16.6169
15.119   16.1631
14.7778   15.8811
14.7778   15.742
14.7031   15.3926
14.7031   15.1478
14.3535   15.0585
13.9848   15.0769
13.9848   15.0051
13.9848   14.8573
13.9848   15.0099
13.4173   14.8131
12.977   14.6332
12.977   14.4597
12.7906   14.1971
12.7906   14.0274
12.7906   13.6221
12.7906   13.5243
12.3644   13.3303
12.3644   13.0722
12.2673   12.8397
12.2673   12.6896
12.2673   12.7923
12.2673   12.6494
12.2673   12.593
12.0817   12.5366
11.8953   12.4264
11.7172   12.2611
11.7172   12.3417
11.6684   12.1659
11.6684   12.0854
11.6684   12.0494
11.6684   12.0009
11.6684   11.9499
11.6484   11.9334
11.6484   11.8686
11.6484   11.9216
11.6484   12.1187
11.6484   12.1102
11.6484   12.1023
11.6484   12.0693
11.6484   12.005
11.6484   12.0178
11.6484   12.1565
11.315   12.1845
11.315   12.0317
11.315   12.0277
11.2726   11.8323
11.2726   11.6844
11.2726   11.6458
11.2726   11.6857
11.2726   11.4666
11.2726   11.4128
11.2726   11.5244
11.2726   11.4185
11.2726   11.4152
11.2726   11.4802
11.2726   11.5538
11.2726   11.5294
11.2726   11.439
11.2726   11.4593
11.2726   11.5588
11.2726   11.3397
11.2726   11.3795
11.2726   11.468
11.2726   11.4128
11.2726   11.3808
11.2726   11.3045
11.2726   11.3191
11.2726   11.5912
11.2726   11.5654
11.2726   11.6243
11.2726   11.567
11.2726   11.4278
11.2726   11.4421
11.2726   11.6128
11.2726   11.4762
11.2726   11.4825
11.2726   11.429
11.2726   11.316
11.2726   11.3699
11.2726   11.4095
11.2726   11.3555
11.2726   11.3938
11.2726   11.6306
11.2726   11.7029
11.2726   11.6664
11.2726   11.6744
11.2726   11.6054
11.2726   11.5409
11.2726   11.6019
11.2726   11.5459
11.2726   11.485
11.2726   11.5257
11.2726   11.5503
11.2726   11.4492
11.2726   11.4742
11.2726   11.4737
11.2726   11.4401
11.2726   11.7566
11.2726   11.6906
11.2726   11.4647
11.2726   11.4085
11.2726   11.4514
11.2726   11.6505
11.2726   11.4638
11.2726   11.4849
11.2726   11.3674
11.2726   11.4426
11.2726   11.4329
11.2726   11.5542
11.2726   11.3475
11.2726   11.5199
11.2726   11.4273
11.2726   11.4194
11.2726   11.4
11.2726   11.4042
11.2726   11.4405
11.2726   11.3648
11.2726   11.3007
11.2726   11.3719
11.2726   11.5314
11.2726   11.5489
11.2726   11.6152
11.2726   11.4517
11.2726   11.3164
11.2726   11.3346
11.2726   11.3556
11.2726   11.3301
10.167   11.3339
10.167   11.46
10.167   11.3882
10.167   11.327
10.167   11.2462
10.167   10.9155
10.167   10.6425
10.167   10.4221
10.167   10.3652
10.167   10.2372
10.167   10.2001
10.167   10.3413
10.167   10.3879
10.167   10.3778
10.167   10.3683
10.167   10.3954
10.1132   10.3369
10.1132   10.4098
10.1132   10.2898
10.1132   10.1791
10.1132   10.234
10.1132   10.2282
10.1132   10.2554
10.1132   10.2794
10.1132   10.3773
10.1132   10.4597
10.1132   10.5138
10.1132   10.2874
10.1132   10.2853
10.1132   10.2418
10.1132   10.2819
10.1132   10.2334
10.1132   10.1204
10.1132   10.1426
10.1132   10.1132
10.1132   10.1258
10.1132   10.1254
10.1132   10.1547
10.1132   10.195
10.1132   10.1892
10.1132   10.2169
10.1132   10.2581
10.1132   10.3896
10.1132   10.3462
10.1132   10.2433
10.1132   10.3486
10.1132   10.2334
10.1132   10.1739
10.1132   10.2742
10.1132   10.2844
10.1132   10.2584
10.1132   10.2745
10.1132   10.2278
10.1132   10.2318
10.1132   10.3045
10.1132   10.4362
10.1132   10.3197
10.1132   10.3105
10.1132   10.306
10.1132   10.3889
10.1132   10.4189
10.1132   10.2726
10.1132   10.3493
10.1132   10.3096
10.1132   10.314
10.1132   10.3025
10.1132   10.2318
10.1132   10.3233
10.1132   10.2354
10.1132   10.146
10.1132   10.1647
10.1132   10.1806
10.1132   10.3594
10.1132   10.3658
10.1132   10.3177
10.1132   10.1516
10.1132   10.2679
10.1132   10.4115
10.1132   10.2205
10.1132   10.3563
10.1132   10.3124
10.1132   10.2362
10.1132   10.2265
10.1132   10.3419
10.1132   10.4545
9.98865   10.4001
9.98865   10.4405
9.98865   10.5455
9.98865   10.4561
9.98865   10.3729
9.98865   10.2366
9.98865   10.0993
9.98865   10.2332
9.98865   10.1078
9.98865   10.0547
9.98865   10.0528
9.98865   10.1085
9.98865   10.1617
9.98865   10.0708
9.98865   10.1662
9.98865   10.2719
9.98865   10.2027
9.98865   10.2306
9.98865   10.171
9.98865   10.1705
9.98865   10.0736
9.98865   10.0766
9.98865   10.0904
9.98865   10.2032
9.98865   10.2811
9.98865   10.2878
9.98865   10.2461
9.98865   10.2307
9.98865   10.3239
9.98865   10.3785
9.98865   10.2079
9.98865   10.1609
9.98865   10.122
9.98865   10.0696
9.98865   10.0991
9.98865   10.2088
9.98865   10.3011
9.98865   10.2697
9.98865   10.2267
9.98865   10.14
9.98865   10.0604
9.98865   10.0986
9.98865   10.029
9.98865   9.99114
9.98865   10.0976
9.98865   9.98865
9.98865   10.0653
9.98865   10.1678
9.98865   10.1554
9.98865   10.2098
9.98865   10.2621
9.98865   10.2147
9.98865   10.0821
9.98865   10.131
9.98865   10.0593
9.98865   10.0951
9.98865   10.0739
9.98865   10.019
9.98865   10.1063
9.98865   10.0015
9.98865   10.0344
9.98865   10.1371
9.98865   10.1696
9.98865   10.2351
9.98865   10.2483
9.98865   10.2704
9.98865   10.2088
9.98865   10.2104
9.98865   10.0822
9.98865   10.2376
9.98865   10.0851
9.98865   10.0774
9.98865   10.0654
9.98865   10.0707
9.98865   10.0444
9.98865   10.078
9.98865   10.1255
9.98865   10.195
9.98865   10.0962
9.98865   10.1071
9.98865   10.1182
9.98865   10.0227
9.98865   10.0265
9.98865   10.1157
9.98865   10.1046
9.98865   10.0632
9.98865   10.0277
9.98865   10.1578
9.98865   10.1523
9.98865   10.26
9.98865   10.1388
9.98865   10.0714
9.98865   10.0049
9.98865   10.0897
9.98865   10.0864
9.98865   10.0397
9.98865   10.121
9.98865   10.2914
9.98865   10.514
9.98865   10.313
9.98865   10.263
9.98865   10.0594
9.98865   10.0418
9.98865   10.1621
9.98865   10.1024
9.98865   10.2031
9.98865   10.1667
9.98865   10.064
9.98865   10.2562
9.98865   10.343
9.98865   10.1636
9.98865   10.1745
9.98865   10.0536
9.98865   10.081
9.98865   10.1771
9.98865   10.1611
9.98865   10.1605
9.98865   10.1206
9.98865   10.1087
9.98865   10.1022
9.98865   10.1688
9.98865   10.1554
9.98865   10.2333
9.98865   10.1101
9.98865   10.2805
9.98865   10.1843
9.98865   10.2137
9.98865   10.1378
9.98865   10.1691
9.98865   10.083
9.98865   10.2458
9.98865   10.1276
9.98865   10.1257
9.98865   10.0238
9.98865   10.0285
9.98865   10.2515
9.98865   10.1494
9.98865   10.1961
9.98865   10.1336
9.98865   10.0995
9.98865   10.1141
9.98865   10.2155
9.98865   10.3756
9.98865   10.1795
9.98865   10.1382
9.98865   10.1177
9.98865   10.1017
9.98865   10.0915
9.98865   10.0597
9.98865   10.1228
9.98865   10.0873
9.98865   10.1541
9.98865   10.133
9.98865   10.0288
9.98865   10.0586
9.98865   10.2251
9.98865   10.1061
9.98865   10.0362
9.98865   10.0292
9.98865   10.085
9.98865   10.0969
9.98865   10.0515
9.98865   10.1199
9.98865   10.0118
9.98865   10.0501
9.98865   10.1935
9.98865   10.2246
9.98865   10.1708
9.98865   10.0983
9.98865   10.0779
9.98865   10.1549
9.98865   10.1038
9.98865   10.1475
9.98865   10.0938
9.98865   10.1408
9.98865   10.1339
9.98865   10.078
9.98865   10.057
9.98865   10.0017
9.98865   10.0684
9.98865   10.0832
9.98865   10.0537
9.98865   10.1459
9.98865   10.232
9.98865   10.3034
9.98865   10.1927
9.98865   10.1973
9.98865   10.3099
9.98865   10.2599
9.98865   10.3191
9.98865   10.4119
9.98865   10.3352
9.98865   10.2846
9.98865   10.3326
9.98865   10.1691
9.98865   10.2333
9.98865   10.3267
9.98865   10.3416
9.98865   10.2039
9.98865   10.1064
9.98865   10.1372
9.98865   10.2199
9.98865   10.22
9.98865   10.1477
9.98865   10.1554
9.98865   10.1665
9.98865   10.3209
9.98865   10.2542
9.98865   10.0327
9.98865   10.149
9.98865   10.2017
9.98865   10.1419
9.98865   10.0828
9.98865   10.1655
9.98865   10.2553
9.8983   10.1172
9.8983   10.2239
9.8983   10.3274
9.8983   10.3342
9.8983   10.2043
9.8983   10.2064
9.8983   10.175
9.8983   10.0703
9.8983   10.1931
9.8983   10.0284
9.8983   10.1106
9.8983   10.1027
9.8983   10.1828
9.8983   10.2815
9.8983   10.1045
9.8983   10.1313
9.8983   10.0688
9.8983   10.0688
9.8983   10.1186
9.8983   10.1331
9.8983   10.0808
9.8983   10.0555
9.8983   10.1209
9.8983   10.0619
9.8983   9.97277
9.8983   10.036
9.8983   10.0308
9.8983   9.91094
9.8983   10.0044
9.8983   10.0672
9.8983   10.0864
9.8983   10.1854
9.8983   10.1193
9.8983   9.96935
9.8983   9.98404
9.8983   9.96262
9.8983   10.1077
9.8983   10.0685
9.8983   10.1123
9.8983   10.1631
9.8983   10.123
9.8983   10.0426
9.8983   9.99252
9.8983   9.96158
9.8983   10.1065
9.8983   10.2341
9.8983   10.3639
9.8983   10.0959
9.8983   10.2188
9.8983   10.158
9.8983   10.1779
9.8983   10.0262
9.8983   9.95995
9.8983   10.0051
9.8983   10.0464
9.8983   10.0227
9.8983   10.0118
9.8983   9.9667
9.8983   9.90073
9.8983   10.042
9.8983   10.0112
9.8983   10.0679
9.8983   9.99731
9.8983   9.98851
9.8983   10.0412
9.8983   10.0205
9.8983   9.94675
9.8983   10.0565
9.8983   10.1434
9.8983   10.0371
9.8983   10.0544
9.8983   10.0672
9.8983   9.95959
9.8983   10.0734
9.8983   10.0947
9.8983   10.1518
9.8983   10.0555
9.8983   10.1119
9.8983   10.1236
9.8983   9.97122
9.8983   9.98677
9.8983   10.0793
9.8983   10.1227
9.8983   10.0427
9.8983   10.0466
9.8983   10.0578
9.8983   10.1269
9.8983   10.0363
9.8983   10.0046
9.8983   10.0925
9.8983   10.1395
9.8983   10.1214
9.8983   9.98486
9.8983   9.9974
9.8983   10.0285
9.8983   10.0249
9.8983   10.1081
9.8983   10.0703
9.8983   10.0925
9.8983   10.0693
9.8983   10.0393
9.8983   10.0061
9.8983   9.93125
9.8983   10.0055
9.8983   9.99786
9.8983   10.0033
9.8983   10.0348
9.8983   9.98231
9.8983   9.92383
9.8983   9.8983
9.8983   9.98433
9.8983   10.0304
9.8983   9.93728
9.8983   9.96986
9.8983   10.0946
9.8983   9.97785
9.8983   10.001
9.8983   9.93326
9.8983   9.9924
9.8983   9.95232
9.8983   10.0522
9.8983   9.97819
9.8983   10.0004
9.8983   10.0818
9.8983   10.0784
9.8983   10.0346
9.8983   9.97141
9.8983   9.96672
9.8983   9.92718
9.8983   10.0637
9.8983   10.0488
9.8983   9.91107
9.8983   9.97306
9.8983   9.92172
9.8983   9.95696
9.8983   10.0616
9.8983   10.0326
9.8983   10.0894
9.8983   10.1667
9.8983   10.0327
9.8983   9.98116
9.8983   9.94279
9.8983   9.98571
9.8983   9.97776
9.8983   10.0976
9.8983   10.0701
9.8983   10.0384
9.8983   9.99112
9.8983   10.0088
9.8983   10.017
9.8983   10.013
9.8983   10.0513
9.8983   9.94593
9.8983   9.92415
9.8983   9.95091
9.8983   9.93177
9.8983   9.98246
9.8983   10.0673
9.8983   10.0385
9.8983   10.0258
9.8983   10.0974
9.8983   10.0773
9.8983   10.0254
9.8983   10.0031
9.8983   9.9387
9.8983   9.98058
9.8983   10.0533
9.8983   9.90606
9.8983   10.0087
9.8983   10.0818
9.8983   9.97468
9.8983   9.97375
9.8983   10.0788
9.8983   10.0827
9.8983   10.0958
9.8983   9.98591
9.8983   10.0059
9.8983   10.0378
9.8983   10.1192
9.8983   10.0929
9.8983   10.0674
9.8983   10.0868
9.8983   10.1579
9.8983   10.0696
9.8983   10.0828
9.8983   10.1654
9.8983   10.1394
9.8983   10.3908
9.8983   10.2829
9.8983   10.1678
9.8983   10.1965
9.8983   10.0468
9.8983   9.98388
9.8983   10.1253
9.8983   10.2107
9.8983   10.1235
9.8983   9.98334
9.8983   10.0376
9.8983   9.95819
9.8983   9.96821
9.8983   10.0534
9.8983   10.1663
9.8983   9.98206
9.8983   9.92202
9.8983   9.91554
9.8983   10.0705
9.8983   9.94638
9.8983   10.0704
9.8983   10.081
9.8983   9.98913
9.8983   10.0915
9.8983   10.0983
9.8983   10.0288
9.8983   10.0127
9.8983   10.0385
9.8983   10.1294
9.8983   10.1828
9.8983   10.2384
9.8983   10.0967
9.8983   10.1419
9.8983   10.0205
9.8983   10.0423
9.8983   9.95768
9.8983   10.1465
9.8983   10.1505
9.8983   10.0662
9.8983   10.1282
9.8983   10.2013
9.8983   10.0902
9.8983   10.1128
9.8983   10.0997
9.8983   10.1768
9.8983   9.98506
9.8983   9.98339
9.8983   10.0724
9.8983   10.1129
9.8983   10.2492
9.8983   10.1096
9.8983   10.1077
9.8983   10.1513
9.8983   10.1723
9.8983   10.0896
9.8983   10.0464
9.8983   10.013
9.8983   9.93602
9.8983   9.90935
9.8983   9.93653
9.8983   9.97443
9.8983   10.04
9.8983   9.98598
9.8983   10.0066
9.8983   10.0202
9.8983   10.0227
9.8983   10.0034
9.8983   9.98313
9.8983   10.1101
9.8983   10.1746
9.8983   10.0684
9.8983   10.2039
9.8983   10.1925
9.8983   10.2078
9.8983   10.3668
9.8983   10.1272
9.8983   10.1657
9.8983   10.12
9.8983   10.1292
9.8983   10.1922
9.8983   10.2328
9.8983   10.0611
9.8983   10.1067
9.8983   9.99198
9.8983   9.99502
9.8983   10.2596
9.8983   10.2186
9.8983   10.1257
9.8983   10.0705
9.8983   10.0657
9.8983   10.0269
9.8983   10.0669
9.8983   10.0319
9.8983   10.0313
9.8983   10.1189
9.8983   10.104
9.8983   10.0659
9.8983   10.045
9.8983   10.1463
9.8983   10.1237
9.8983   10.0762
9.8983   10.0427
9.8983   10.1363
9.8983   10.0556
9.8983   10.0272
9.8983   10.1097
9.8983   10.044
9.8983   9.99428
9.8983   10.0554
9.8983   10.1396
9.8983   10.1471
9.8983   10.2673
9.8983   10.0131
9.8983   10.0237
9.8983   10.0104
9.8983   10.1073
9.8983   10.0944
9.8983   10.0311
9.8983   10.0268
9.8983   10.1341
9.8983   10.2312
9.8983   10.1269
9.8983   10.0597
9.8983   10.1539
9.8983   10.1956
9.8983   10.0439
9.8983   10.0874
9.8983   10.2032
9.8983   10.0765
9.8983   10.0943
9.8983   10.0987
9.8983   10.0914
9.8983   10.1784
9.8983   10.19
9.8983   10.2816
9.8983   10.1653
9.8983   10.0333
9.8983   9.96283
9.8983   9.94783
9.8983   10.0795
9.8983   10.2291
9.8983   10.1811
9.8983   10.2712
9.8983   10.2691
9.8983   10.277
9.8983   10.2038
9.8983   10.0877
9.8983   10.0729
9.8983   9.94879
9.8983   9.9964
9.8983   10.0712
9.8983   10.2183
9.8983   10.178
9.8983   10.0193
9.8983   10.0063
9.8983   10.0773
9.8983   10.0848
9.8983   10.0112
9.8983   10.0004
9.8983   10.1511
9.8983   9.98353
9.8983   10.0385
9.8983   10.0471
9.8983   10.0773
9.8983   10.1682
9.8983   10.1292
9.8983   10.1522
9.8983   10.2438
9.8983   10.171
9.8983   10.2756
9.8983   10.2242
9.8983   10.2758
9.8983   10.1454
9.8983   10.1179
9.8983   10.1143
9.8983   10.1076
9.8983   10.007
9.8983   10.0563
9.8983   10.1326
9.8983   10.0397
9.8983   9.93724
9.8983   10.0892
9.8983   10.0489
9.8983   10.1461
9.8983   10.0701
9.8983   10.0209
9.8983   9.99905
9.8983   9.9663
9.8983   10.0395
9.8983   10.056
9.8983   10.0222
9.8983   9.98981
9.8983   10.0687
9.8983   10.0402
9.8983   10.0801
9.8983   10.0299
9.8983   10.0303
9.8983   9.95257
9.8983   9.97228
9.8983   10.1241
9.8983   10.0081
9.8983   9.99154
9.8983   9.98509
9.8983   10.0222
9.8983   10.1217
9.8983   10.3052
9.8983   9.99242
9.8983   9.91774
9.8983   9.94127
9.8983   9.90887
9.8983   9.9943
9.8983   10.1017
9.8983   10.1835
9.8983   10.0231
9.8983   10.1138
9.8983   10.1652
9.8983   10.3282
9.8983   10.2727
9.8983   10.1921
9.8983   10.159
9.8983   10.1229
9.8983   10.0601
9.8983   10.1002
9.8983   10.1253
9.8983   10.0431
9.8983   10.1155
9.8983   10.1012
9.8983   10.0563
9.8983   10.0622
9.8983   10.0313
9.8983   10.2015
9.8983   10.1239
9.8983   10.1071
9.8983   10.0817
9.8983   9.95773
9.8983   10.0716
9.8983   10.1532
9.8983   10.1142
9.8983   10.1375
9.8983   10.0047
9.8983   10.0202
9.8983   9.99324
9.8983   10.0102
9.8983   10.0125
9.8983   9.96222
9.8983   10.0658
9.8983   9.94918
9.8983   10.0561
9.8983   9.91023
9.8983   10.0082
9.8983   10.0777
9.8983   10.0828
9.8983   10.0713
9.8983   10.0682
9.8983   10.1609
9.8983   10.1056
9.8983   10.142
9.8983   10.0578
9.8983   9.99542
9.8983   9.96267
9.8983   9.94827
9.8983   10.0622
9.8983   10.057
9.8983   10.1645
9.8983   10.0446
9.8983   10.2293
9.8983   10.1086
9.8983   10.1827
9.8983   10.3032
9.8983   10.1685
9.8983   10.096
9.8983   10.2831
9.8983   10.3195
9.8983   10.1997
9.8983   10.133
9.8983   10.0675
9.8983   10.1576
9.8983   9.92464
9.8983   10.0881
9.8983   9.96525
9.8983   10.0176
9.8983   10.0368
9.8983   10.0696
9.8983   10.0375
9.8983   9.94709
9.8983   9.94084
9.8983   9.89893
9.8983   9.92327
9.8983   9.93773
9.8983   9.94635
9.8983   9.9478
9.8983   10.1045
9.8983   10.0827
9.8983   9.99426
9.8983   10.3498
9.8983   10.452
9.8983   10.4041
9.8983   10.5868
9.8983   10.3261
9.8983   10.2624
9.8983   10.2209
9.8983   10.1383
9.8983   10.1736
9.8983   10.0859
9.8983   10.0609
9.8983   10.1598
9.8983   10.2291
9.8983   10.1325
9.8983   10.0959
9.8983   10.0637
9.8983   10.0493
9.8983   10.0363
9.8983   10.1548
9.8983   10.1058
9.8983   10.13
9.8983   10.2334
9.8983   10.1114
9.8983   10.1567
9.8983   10.1902
9.8983   10.1706
9.8983   10.123
9.8983   10.0227
9.8983   10.073
9.8983   10.0493
9.8983   10.0966
9.8983   10.0778
9.8983   10.0799
9.8983   10.0875
9.8983   10.1014
9.8983   10.0003
9.8983   9.93951
9.8983   9.8983
9.8983   9.92065
9.8983   10.0139
9.8983   10.0559
9.8983   10.0715
9.8983   10.0437
9.8983   9.99683
9.8983   10.1453
9.8983   10.1152
9.8983   10.1194
9.8983   10.2125
9.8983   10.151
9.8983   10.1101
9.8983   10.0207
9.8983   9.9984
9.8983   9.90998
9.8983   10.0205
9.8983   10.0005
9.8983   9.98778
9.8983   10.1153
9.8983   10.0376
9.8983   9.98675
9.8983   10.1091
9.8983   10.1149
9.8983   10.0635
9.8983   10.0605
9.8983   10.1384
9.8983   10.0854
9.8983   10.1184
9.8983   10.2858
9.8983   10.214
9.8983   10.3027
