0.243571   0.202345   -0.291035
-0.353905   -0.0904988   0.33141
-0.360137   -0.30793   -0.0341345
0.353087   -0.418227   0.0258433
0.207147   -0.361781   0.475118
0.423122   -0.20462   0.0692698
-0.492184   -0.379504   0.0182967
0.417242   0.478348   -0.313181
0.0527172   -0.234793   0.274537
0.432118   0.41653   -0.0710991
0.0924511   0.357122   -0.319017
0.448242   -0.141293   -0.347173
0.300671   -0.446449   -0.327111
-0.213081   0.0563762   -0.355421
0.0592004   -0.00328973   0.277303
0.106712   -0.3359   0.344381
0.338653   0.0518904   -0.398859
-0.0109394   -0.0371849   -0.459602
-0.478343   -0.230721   -0.431923
0.0351502   0.287531   0.190373
0.360354   -0.267608   0.305019
0.287198   0.492005   0.210689
-0.406986   0.354113   0.105272
-0.288047   -0.385132   -0.411284
0.371516   0.408431   -0.12292
0.305861   -0.00230568   0.323457
-0.0432682   0.139475   0.496012
0.378355   -0.424979   -0.0993726
-0.0227106   -0.29069   0.333648
-0.48417   -0.0955508   0.187497
0.488769   -0.244747   0.230203
0.104726   -0.139384   -0.320195
0.432015   -0.428607   -0.0374077
0.230464   -0.442985   -0.39913
0.480944   -0.302722   -0.166402
0.00952184   0.296096   -0.0947868
-0.201702   -0.465688   0.0923354
0.0710584   -0.161244   0.353171
0.382662   0.348759   0.485469
-0.00576997   0.0577695   -0.458362
0.465176   -0.367364   -0.117032
-0.0812561   -0.00551337   0.347131
-0.00404986   0.0199241   -0.161352
0.189722   0.497284   -0.45657
0.160523   -0.441202   0.469199
-0.19761   -0.0671473   -0.453831
-0.454805   0.337012   -0.194078
0.144942   -0.0372369   -0.0119494
0.214349   0.364295   0.302999
-0.104583   0.0986058   0.397289
-0.0860157   0.285739   -0.421264
0.234042   0.377678   -0.488692
-0.486478   0.23234   -0.0689984
0.341364   0.15768   -0.0432672
0.220617   -0.0623204   0.416403
0.0618489   -0.194191   -0.408837
0.170406   -0.0441477   -0.4348
-0.122075   -0.334976   -0.284276
-0.427906   0.332359   -0.379657
-0.371743   -0.301079   0.138266
0.340924   0.0972756   0.278198
-0.00558803   -0.238348   -0.145414
-0.323983   -0.0636213   -0.499496
-0.467766   -0.143995   -0.265131
0.157384   -0.185474   -0.0439221
0.0329388   -0.313939   0.424731
-0.259575   -0.244315   -0.0490611
0.219391   0.0383185   -0.218566
-0.243913   -0.000293247   0.499801
0.142288   0.223715   -0.185246
0.134942   -0.215294   0.300761
0.249599   0.330854   0.103153
-0.211966   -0.105774   0.0459422
-0.100678   -0.477059   0.328394
0.0940925   0.16818   0.135809
0.0354711   0.0165928   -0.240965
0.0823451   -0.472702   -0.245057
0.0711851   0.0307017   -0.431046
-0.385849   -0.253728   -0.4118
0.0541246   0.35435   0.136073
0.141245   -0.28808   0.498491
0.460572   -0.242193   0.298449
-0.325719   0.0955624   -0.266608
-0.180194   0.296558   -0.118184
0.435562   0.17046   0.383129
-0.0918255   -0.0729518   -0.38325
-0.282481   0.490798   0.235676
0.34433   -0.495805   -0.126878
0.16267   0.392775   0.0318385
0.175667   -0.282053   0.0062678
0.372648   -0.12053   -0.413928
0.429803   -0.320199   0.268439
-0.290487   -0.159975   -0.0290617
-0.295044   -0.375438   -0.0244933
-0.0870869   -0.403686   0.386774
0.193425   0.278374   0.485709
0.347157   -0.0778641   0.483327
-0.253983   0.224308   0.340655
-0.338671   -0.229227   -0.271906
-0.471842   -0.494889   0.0587336
-0.0661487   0.284014   0.281976
-0.339444   -0.00232696   0.309236
-0.0735163   -0.291595   -0.230159
0.135159   0.0466916   -0.375614
0.19335   -0.220872   -0.419694
0.27138   0.276022   -0.0453591
0.242691   0.170934   -0.114481
-0.2001   -0.425587   0.453568
