0.243601   0.202319   -0.291047
-0.353903   -0.0905969   0.331432
-0.360109   -0.307906   -0.0340662
0.353065   -0.418261   0.0259066
0.207147   -0.361782   0.475061
0.423115   -0.204639   0.0692541
-0.492144   -0.379575   0.0183129
0.417225   0.478414   -0.31316
0.0527778   -0.234757   0.274548
0.432108   0.416523   -0.0711202
0.0924464   0.357107   -0.319064
0.448321   -0.141278   -0.347208
0.300661   -0.446404   -0.327109
-0.213024   0.0563933   -0.355386
0.059181   -0.00326811   0.277327
0.106657   -0.335975   0.344379
0.33867   0.0519484   -0.398896
-0.010941   -0.0371967   -0.459602
-0.478371   -0.230736   -0.431907
0.0351909   0.287536   0.190407
0.360391   -0.26766   0.30501
0.287173   0.492043   0.210698
-0.406968   0.354111   0.10528
-0.288029   -0.385163   -0.41134
0.371529   0.408391   -0.122865
0.305838   -0.0023031   0.32339
-0.0432867   0.139376   0.495987
0.378397   -0.425011   -0.0994034
-0.0227059   -0.290694   0.333648
-0.484146   -0.095543   0.187474
0.488674   -0.244822   0.230203
0.104755   -0.139347   -0.320103
0.431987   -0.428572   -0.0373988
0.23046   -0.442926   -0.399161
0.480936   -0.302776   -0.166416
0.00949748   0.296079   -0.094729
-0.201758   -0.465726   0.0923185
0.0709922   -0.161275   0.35314
0.382743   0.348748   0.485455
-0.00575902   0.0577539   -0.458339
0.465233   -0.367392   -0.117038
-0.0812207   -0.00550535   0.34714
-0.0040642   0.0198959   -0.161311
0.189753   0.497256   -0.456485
0.160524   -0.441221   0.469212
-0.197651   -0.0672629   -0.453856
-0.454853   0.336971   -0.194108
0.144972   -0.0372381   -0.0119167
0.214402   0.364312   0.302956
-0.104624   0.0986468   0.39734
-0.0859835   0.285755   -0.421213
0.23406   0.377709   -0.488717
-0.486513   0.232348   -0.0689353
0.341342   0.157727   -0.0433245
0.220594   -0.0622938   0.41634
0.0618792   -0.194167   -0.408848
0.170408   -0.0441785   -0.434763
-0.122058   -0.334921   -0.284286
-0.427898   0.332327   -0.379717
-0.371678   -0.301061   0.138235
0.340903   0.0972741   0.27817
-0.00568825   -0.238386   -0.145479
-0.324021   -0.0635783   -0.499492
-0.467813   -0.143954   -0.265185
0.157419   -0.185347   -0.0439103
0.0329649   -0.313921   0.424691
-0.259531   -0.244257   -0.0491193
0.219457   0.0382921   -0.218565
-0.243839   -0.000284036   0.499741
0.142307   0.223696   -0.185153
0.134965   -0.215306   0.300832
0.249589   0.330979   0.103187
-0.212052   -0.105809   0.0458975
-0.100698   -0.477045   0.328374
0.0941573   0.168165   0.135891
0.0354469   0.0165779   -0.241009
0.0823783   -0.472671   -0.244955
0.0711633   0.0306655   -0.431114
-0.385886   -0.253794   -0.411821
0.0540673   0.354354   0.136014
0.141274   -0.288033   0.498466
0.460536   -0.242169   0.298378
-0.325774   0.0956579   -0.266579
-0.180209   0.296557   -0.118167
0.435478   0.170467   0.383139
-0.0918234   -0.0729754   -0.383244
-0.282501   0.490816   0.235723
0.344321   -0.495801   -0.126877
0.162631   0.392803   0.0318059
0.175634   -0.282057   0.00626135
0.372679   -0.120489   -0.413885
0.429839   -0.320303   0.268404
-0.290501   -0.15991   -0.0290619
-0.295068   -0.375391   -0.0245128
-0.0871292   -0.40377   0.386788
0.193489   0.278316   0.48565
0.347184   -0.0778232   0.483358
-0.254057   0.2243   0.34065
-0.338724   -0.229253   -0.27199
-0.471846   -0.494858   0.0588167
-0.0660972   0.28397   0.281996
-0.33938   -0.00224491   0.309226
-0.0735317   -0.291616   -0.230081
0.135269   0.0467306   -0.375554
0.193373   -0.220928   -0.419676
0.271352   0.276064   -0.0453931
0.242691   0.17093   -0.114485
-0.200168   -0.425534   0.453594
