-4.54581
-4.5455
-4.5455
-4.54445
-4.54354
-4.54384
-4.54263
-4.54218
-4.54188
-4.54309
-4.54293
-4.54278
-4.54323
-4.54293
-4.54323
-4.54414
-4.54489
-4.5452
-4.5455
-4.54535
-4.5461
-4.54656
-4.54626
-4.54701
-4.54731
-4.54762
-4.54732
-4.54777
-4.54777
-4.54822
-4.54868
-4.54792
-4.54792
-4.54868
-4.54898
-4.54883
-4.54837
-4.54807
-4.54837
-4.54762
-4.54777
-4.54777
-4.54777
-4.54822
-4.54883
-4.54853
-4.54913
-4.54837
-4.54747
-4.54716
-4.54671
-4.54656
-4.54641
-4.54641
-4.54611
-4.54535
-4.5455
-4.5452
-4.5452
-4.54505
-4.5452
-4.54595
-4.54656
-4.54686
-4.54686
-4.54641
-4.54611
-4.54626
-4.54717
-4.54747
-4.54792
-4.54822
-4.54762
-4.54792
-4.54792
-4.54807
-4.54777
-4.54792
-4.54701
-4.54731
-4.54716
-4.54731
-4.5461
-4.54625
-4.54686
-4.54731
-4.54762
-4.54792
-4.54686
-4.54581
-4.54626
-4.54656
-4.54611
-4.54581
-4.5449
-4.54535
-4.54445
-4.54445
-4.54399
-4.54445
-3.9257
-3.92494
-3.92449
-3.92388
-3.92328
-3.92403
-3.92343
-3.92403
-3.92373
-3.92493
-3.92554
-3.92614
-3.9263
-3.92479
-3.92433
-3.92403
-3.92358
-3.92434
-3.92388
-3.92373
-3.92388
-3.92373
-3.92388
-3.92388
-3.92388
-3.92267
-3.92297
-3.92358
-3.92267
-3.92267
-3.92222
-3.92131
-3.92222
-3.92146
-3.92147
-3.92222
-3.92162
-3.92177
-3.92222
-3.92252
-3.92298
-3.92343
-3.92373
-3.92358
-3.92327
-3.92388
-3.92494
-3.92479
-3.92448
-3.92479
-3.92554
-3.92539
-3.92479
-3.92464
-3.92524
-3.92479
-3.92554
-3.9263
-3.9263
-3.92584
-3.92675
-3.92705
-3.9266
-3.92796
-3.92736
-3.92811
-3.92811
-3.9269
-3.92554
-3.92569
-3.92463
-3.92448
-3.92433
-3.92403
-3.92508
-3.92478
-3.92493
-3.92357
-3.92327
-3.92358
-3.92312
-3.92327
-3.92357
-3.92403
-3.92342
-3.92418
-3.92418
-3.92508
-3.92584
-3.92493
-3.92569
-3.92524
-3.92508
-3.92509
-3.92509
-3.92569
-3.92629
-3.92614
-3.92629
-3.92705
-3.54551
-3.54611
-3.54581
-3.54747
-3.54777
-3.54913
-3.54913
-3.54882
-3.54822
-3.54762
-3.54777
-3.54822
-3.54852
-3.54822
-3.54777
-3.54762
-3.54687
-3.54717
-3.54717
-3.54656
-3.54596
-3.54656
-3.54626
-3.54596
-3.54611
-3.5449
-3.54565
-3.54505
-3.54445
-3.54581
-3.54536
-3.54505
-3.5449
-3.5449
-3.54459
-3.54444
-3.5446
-3.54596
-3.54642
-3.54642
-3.54717
-3.54672
-3.54656
-3.54671
-3.54625
-3.54611
-3.54687
-3.54657
-3.54596
-3.5455
-3.5455
-3.5458
-3.54641
-3.54611
-3.54701
-3.54792
-3.54687
-3.54671
-3.54626
-3.54656
-3.54776
-3.54686
-3.54701
-3.54747
-3.54717
-3.54702
-3.54747
-3.54777
-3.54883
-3.54988
-3.54973
-3.54882
-3.54897
-3.54807
-3.54943
-3.55139
-3.55079
-3.55049
-3.54943
-3.54988
-3.54913
-3.54943
-3.54898
-3.54928
-3.54943
-3.54807
-3.54837
-3.54853
-3.54883
-3.54974
-3.55004
-3.54958
-3.54988
-3.54958
-3.54958
-3.54928
-3.54989
-3.54989
-3.54944
-3.54853
-3.4961
-3.49564
-3.49503
-3.49548
-3.49518
-3.49458
-3.49488
-3.49458
-3.49382
-3.49458
-3.49488
-3.49594
-3.49549
-3.49503
-3.49488
-3.49519
-3.49564
-3.49624
-3.49624
-3.49685
-3.49745
-3.497
-3.49639
-3.49669
-3.49609
-3.49624
-3.497
-3.49639
-3.49594
-3.49503
-3.49458
-3.49473
-3.49488
-3.49443
-3.49428
-3.49503
-3.49397
-3.49261
-3.49231
-3.49276
-3.49306
-3.49231
-3.49231
-3.49141
-3.4911
-3.4905
-3.4908
-3.49111
-3.49111
-3.49141
-3.49156
-3.49035
-3.49004
-3.4911
-3.4917
-3.49201
-3.49171
-3.4911
-3.49186
-3.49201
-3.49216
-3.49171
-3.4914
-3.49276
-3.49382
-3.49337
-3.49397
-3.49458
-3.49413
-3.49398
-3.49428
-3.49398
-3.49594
-3.49579
-3.49609
-3.49669
-3.49578
-3.49488
-3.49472
-3.49593
-3.49427
-3.49457
-3.49548
-3.49427
-3.49307
-3.49307
-3.49216
-3.49262
-3.49307
-3.49307
-3.49247
-3.49201
-3.49216
-3.49186
-3.49216
-3.49231
-3.49261
-3.49201
-3.49095
-3.49171
-3.52295
-3.5228
-3.52341
-3.52371
-3.52401
-3.52461
-3.5231
-3.5234
-3.52264
-3.52204
-3.52204
-3.52279
-3.52295
-3.5231
-3.5231
-3.52114
-3.52159
-3.52265
-3.52174
-3.52158
-3.52204
-3.52143
-3.52068
-3.52098
-3.52083
-3.52038
-3.52039
-3.52008
-3.52039
-3.52114
-3.52083
-3.52189
-3.52219
-3.52174
-3.52204
-3.52219
-3.52295
-3.52235
-3.52265
-3.52265
-3.52265
-3.52265
-3.52129
-3.52189
-3.5222
-3.52204
-3.5225
-3.5225
-3.52295
-3.52356
-3.52341
-3.52311
-3.52356
-3.52326
-3.52281
-3.5219
-3.5219
-3.52204
-3.52159
-3.52128
-3.52144
-3.52174
-3.5231
-3.52326
-3.5228
-3.5225
-3.52311
-3.52401
-3.52461
-3.52355
-3.5234
-3.52385
-3.52416
-3.52462
-3.52401
-3.52371
-3.52341
-3.52295
-3.52295
-3.52235
-3.5228
-3.52295
-3.52174
-3.52189
-3.52235
-3.52235
-3.5231
-3.52386
-3.52401
-3.52416
-3.52401
-3.52386
-3.52446
-3.5237
-3.52385
-3.52386
-3.52386
-3.52356
-3.5228
-3.52356
-3.45051
-3.45096
-3.45066
-3.45126
-3.45141
-3.45081
-3.45277
-3.45262
-3.45217
-3.45278
-3.45293
-3.45383
-3.45262
-3.45232
-3.45247
-3.45277
-3.45171
-3.45201
-3.45307
-3.45337
-3.45307
-3.45368
-3.45338
-3.45217
-3.45247
-3.45277
-3.45217
-3.45278
-3.45202
-3.45217
-3.45232
-3.45262
-3.45307
-3.45307
-3.45338
-3.45413
-3.45489
-3.45534
-3.45534
-3.45489
-3.45444
-3.45414
-3.45474
-3.45549
-3.4564
-3.45459
-3.45489
-3.45504
-3.45353
-3.45383
-3.45368
-3.45398
-3.45489
-3.45519
-3.45534
-3.45489
-3.45489
-3.45444
-3.45429
-3.45398
-3.45368
-3.45352
-3.45141
-3.45247
-3.45202
-3.45111
-3.45126
-3.45172
-3.45187
-3.44975
-3.44915
-3.44885
-3.4496
-3.45005
-3.44914
-3.44869
-3.44793
-3.44824
-3.44779
-3.44794
-3.44869
-3.44779
-3.4496
-3.44945
-3.45126
-3.45277
-3.45262
-3.45202
-3.45157
-3.45142
-3.45021
-3.44915
-3.4496
-3.44914
-3.44899
-3.44944
-3.44929
-3.45035
-3.45096
-3.4502
