1.64463
1.63443
1.61937
1.59921
1.57377
1.54295
1.5068
1.46565
1.42009
1.3711
1.3199
1.26796
1.21691
1.1683
1.12353
1.08378
1.04985
1.02213
1.00057
0.984727
0.973916
0.967354
0.964285
0.964008
0.965897
0.969338
0.973687
0.97823
0.982167
0.98463
0.984883
0.982603
0.978012
0.971913
0.965495
0.960059
0.956657
0.955852
0.957603
0.961364
0.966255
0.971258
0.975393
0.977942
0.978567
0.977386
0.974951
0.971915
0.968592
0.964754
0.959678
0.952613
0.94332
0.932334
0.920829
0.91029
0.902077
0.897182
0.896187
0.899278
0.906333
0.916911
0.930286
0.945516
0.961505
0.977123
0.991336
1.00327
1.01228
1.01798
1.02013
1.01869
1.0137
1.00531
0.993782
0.979499
0.96314
0.945776
0.928903
0.914378
0.904115
0.899653
0.901787
0.910355
0.924319
0.942089
0.961941
0.982324
1.00196
1.01987
1.0353
1.04772
1.05676
1.06224
1.06424
1.06301
1.05893
1.05236
1.04347
1.0323
1.63045
1.60141
1.56444
1.52131
1.47473
1.42789
1.38387
1.34509
1.31309
1.28856
1.27148
1.2614
1.25783
1.26012
1.26717
1.27706
1.28734
1.2955
1.29964
1.29882
1.29311
1.28332
1.27067
1.25639
1.24166
1.22742
1.21449
1.20378
1.19617
1.19253
1.19343
1.1989
1.2082
1.21964
1.23081
1.23938
1.24395
1.2443
1.24108
1.23536
1.22815
1.22047
1.21336
1.20795
1.20529
1.20611
1.21062
1.21848
1.2287
1.24002
1.2513
1.26189
1.27159
1.28029
1.28773
1.29365
1.29807
1.30147
1.30448
1.30765
1.31122
1.31499
1.31836
1.32039
1.32001
1.31627
1.30875
1.29785
1.28492
1.27203
1.26157
1.25563
1.25546
1.26109
1.27141
1.28464
1.2987
1.31168
1.32207
1.32882
1.33137
1.32973
1.3243
1.3158
1.30514
1.29358
1.28284
1.27484
1.27096
1.27136
1.27489
1.27975
1.28411
1.28655
1.28631
1.28348
1.27898
1.2743
1.27106
1.27037
1.64968
1.64721
1.64144
1.63143
1.61703
1.59946
1.58113
1.56498
1.55345
1.54766
1.54717
1.55048
1.55591
1.56212
1.56829
1.57386
1.57822
1.5805
1.57973
1.57522
1.56702
1.55606
1.54391
1.53252
1.52389
1.51978
1.52107
1.5272
1.53598
1.54431
1.54944
1.55031
1.54879
1.54975
1.5588
1.57776
1.60208
1.62356
1.63522
1.63363
1.61894
1.59417
1.56491
1.53853
1.52153
1.51565
1.51645
1.5174
1.51512
1.51092
1.50838
1.51023
1.51684
1.5266
1.53679
1.54471
1.54857
1.54843
1.54673
1.54783
1.55595
1.57255
1.59528
1.61945
1.64039
1.65488
1.66156
1.66072
1.6538
1.64299
1.63077
1.6195
1.61086
1.60534
1.60204
1.59912
1.59474
1.58797
1.57922
1.56987
1.5614
1.55512
1.55199
1.55253
1.55661
1.56336
1.5712
1.57802
1.58173
1.58119
1.57714
1.57229
1.57012
1.57317
1.58188
1.59439
1.60687
1.61452
1.6132
1.60098
1.62626
1.59475
1.56222
1.53482
1.51654
1.50693
1.50173
1.49671
1.49138
1.48923
1.49448
1.50837
1.52841
1.55063
1.57201
1.59131
1.60898
1.62616
1.64348
1.66033
1.67523
1.68665
1.69375
1.69645
1.69515
1.69035
1.68231
1.67094
1.65586
1.63676
1.61378
1.58784
1.56045
1.53302
1.50602
1.47887
1.45072
1.42225
1.39704
1.38113
1.38
1.39468
1.42116
1.45343
1.48658
1.51759
1.54459
1.56619
1.58124
1.58915
1.59033
1.58657
1.58076
1.57619
1.57555
1.57999
1.58875
1.59951
1.6094
1.61619
1.61909
1.61896
1.61785
1.61803
1.621
1.6269
1.6345
1.64172
1.64617
1.6458
1.63943
1.62697
1.6093
1.58787
1.56439
1.54085
1.51944
1.50243
1.49185
1.48921
1.49521
1.50939
1.53014
1.55505
1.58154
1.60739
1.63104
1.65145
1.66798
1.68019
1.68794
1.69155
1.69183
1.68981
1.68654
1.68294
1.67992
1.67835
1.67875
1.68091
1.65183
1.65275
1.65054
1.64356
1.63108
1.61361
1.59274
1.5707
1.54981
1.532
1.51848
1.50958
1.50469
1.50241
1.50078
1.498
1.49309
1.48647
1.48009
1.47688
1.47974
1.49048
1.50903
1.53331
1.55977
1.58428
1.60316
1.61392
1.61569
1.60944
1.59768
1.5839
1.57156
1.56321
1.55975
1.56044
1.56347
1.56687
1.56903
1.56883
1.56576
1.55985
1.55171
1.54249
1.53386
1.52797
1.52713
1.53296
1.54544
1.56268
1.58133
1.59764
1.60838
1.61161
1.60692
1.59558
1.58042
1.56522
1.55398
1.54997
1.55482
1.56798
1.58676
1.60707
1.62464
1.63626
1.64043
1.63782
1.63135
1.62574
1.62562
1.63283
1.64526
1.65845
1.66828
1.67257
1.67098
1.66422
1.65329
1.63924
1.62321
1.60655
1.59057
1.57615
1.56326
1.55097
1.53806
1.52358
1.5075
1.49077
1.47518
1.46312
1.45696
1.45847
1.46817
1.48525
1.50759
1.53214
1.55553
1.57479
1.66087
1.66526
1.66416
1.66084
1.65905
1.66146
1.66864
1.67913
1.69035
1.69958
1.70473
1.70479
1.7
1.69152
1.68097
1.67004
1.66029
1.65312
1.64955
1.65006
1.65428
1.66107
1.66883
1.67585
1.68061
1.682
1.67953
1.67334
1.66418
1.65331
1.6423
1.63286
1.62661
1.62481
1.62791
1.6353
1.64531
1.65552
1.66361
1.66794
1.66799
1.66424
1.65792
1.65047
1.64285
1.63525
1.62716
1.6181
1.60833
1.59904
1.59187
1.58789
1.58704
1.58807
1.58907
1.58825
1.58451
1.57767
1.56869
1.55937
1.55206
1.54913
1.55231
1.56225
1.57805
1.5974
1.61702
1.63361
1.6448
1.64957
1.64842
1.64297
1.63552
1.62848
1.62393
1.6233
1.6273
1.63559
1.64699
1.65968
1.67182
1.68201
1.68965
1.69482
1.69779
1.69834
1.69538
1.68706
1.67152
1.64789
1.61707
1.58188
1.54626
1.51403
1.48797
1.47008
1.4619
1.4639
1.47492
1.49264
