-6.19044
-6.17993
-6.16487
-6.14365
-6.11731
-6.08679
-6.04944
-6.00783
-5.96196
-5.91418
-5.86284
-5.81074
-5.76014
-5.71123
-5.66676
-5.62791
-5.59474
-5.56733
-5.54607
-5.53008
-5.52002
-5.51391
-5.51054
-5.51102
-5.51321
-5.51696
-5.521
-5.526
-5.52994
-5.53285
-5.53356
-5.53052
-5.52593
-5.52059
-5.51447
-5.50889
-5.50503
-5.50392
-5.50598
-5.50898
-5.51402
-5.51903
-5.52316
-5.52617
-5.52739
-5.52591
-5.52408
-5.52029
-5.51606
-5.51192
-5.50639
-5.49917
-5.48973
-5.47874
-5.46693
-5.45564
-5.44758
-5.44238
-5.44139
-5.44433
-5.45153
-5.46286
-5.47684
-5.49238
-5.50837
-5.52353
-5.53744
-5.54953
-5.55945
-5.56545
-5.56805
-5.56691
-5.56132
-5.55324
-5.5417
-5.52757
-5.51091
-5.4937
-5.47592
-5.46169
-5.45128
-5.44696
-5.44789
-5.45661
-5.47118
-5.4894
-5.50956
-5.53024
-5.54882
-5.56568
-5.58156
-5.59428
-5.60287
-5.60805
-5.60914
-5.60836
-5.60338
-5.5968
-5.58746
-5.57675
-5.55615
-5.52636
-5.48893
-5.4452
-5.39801
-5.35193
-5.3073
-5.26912
-5.23682
-5.2135
-5.19702
-5.18755
-5.18413
-5.18491
-5.1915
-5.20109
-5.21092
-5.21984
-5.22352
-5.22255
-5.217
-5.20706
-5.19455
-5.18028
-5.16554
-5.15009
-5.13747
-5.12735
-5.11884
-5.1152
-5.11564
-5.12021
-5.13042
-5.14111
-5.15227
-5.16161
-5.16557
-5.16607
-5.1633
-5.15788
-5.15112
-5.1439
-5.13709
-5.13153
-5.12856
-5.12999
-5.13556
-5.14326
-5.15318
-5.1648
-5.17684
-5.18728
-5.19637
-5.20492
-5.21297
-5.21844
-5.22362
-5.22777
-5.23078
-5.2335
-5.23797
-5.24204
-5.24496
-5.24835
-5.24736
-5.24438
-5.23686
-5.22475
-5.21046
-5.19772
-5.1862
-5.18011
-5.17979
-5.18511
-5.19649
-5.20942
-5.22363
-5.23526
-5.24535
-5.2524
-5.25449
-5.253
-5.24788
-5.23983
-5.22857
-5.21776
-5.20701
-5.19992
-5.1968
-5.19629
-5.20057
-5.20499
-5.2092
-5.21164
-5.2114
-5.20917
-5.20528
-5.20044
-5.19736
-5.19741
-5.19519
-5.19332
-5.18725
-5.1789
-5.1648
-5.14859
-5.13026
-5.1138
-5.10167
-5.09528
-5.09493
-5.09871
-5.10444
-5.11034
-5.11606
-5.12148
-5.12508
-5.12767
-5.1269
-5.12179
-5.11298
-5.10262
-5.09017
-5.07848
-5.07
-5.06468
-5.06673
-5.07225
-5.08043
-5.09012
-5.09479
-5.09536
-5.09369
-5.09464
-5.10339
-5.1222
-5.14668
-5.16953
-5.18164
-5.18005
-5.16611
-5.14088
-5.11148
-5.08524
-5.06779
-5.06175
-5.06332
-5.06397
-5.06108
-5.05643
-5.05388
-5.05603
-5.06325
-5.0727
-5.08381
-5.09263
-5.09544
-5.09515
-5.09299
-5.09439
-5.10372
-5.11941
-5.14229
-5.16692
-5.18756
-5.20189
-5.20903
-5.20849
-5.20263
-5.19287
-5.1805
-5.16832
-5.15983
-5.15341
-5.15146
-5.15051
-5.14553
-5.13846
-5.12866
-5.11975
-5.11052
-5.10455
-5.10097
-5.10181
-5.10604
-5.11143
-5.11957
-5.12654
-5.13056
-5.13092
-5.12718
-5.12187
-5.12
-5.12275
-5.13146
-5.14368
-5.15676
-5.16441
-5.16264
-5.14951
-5.12235
-5.09039
-5.05725
-5.0303
-5.01172
-5.00151
-4.99661
-4.99129
-4.9852
-4.98381
-4.98936
-5.0043
-5.02389
-5.04567
-5.06689
-5.0865
-5.10462
-5.1224
-5.13972
-5.15718
-5.17268
-5.18365
-5.19014
-5.19315
-5.19124
-5.18659
-5.1793
-5.16733
-5.1518
-5.13179
-5.10836
-5.08257
-5.05533
-5.02744
-5.0003
-4.9739
-4.9447
-4.91486
-4.88934
-4.87389
-4.87306
-4.88699
-4.91347
-4.94484
-4.97769
-5.00809
-5.03539
-5.05729
-5.07235
-5.08056
-5.08189
-5.07692
-5.07081
-5.06729
-5.06725
-5.07199
-5.08045
-5.09061
-5.10126
-5.1082
-5.11125
-5.11067
-5.10925
-5.11079
-5.11482
-5.12026
-5.12847
-5.1363
-5.1403
-5.13977
-5.13371
-5.12095
-5.10524
-5.08365
-5.06047
-5.03754
-5.01523
-4.9973
-4.98657
-4.98514
-4.98948
-5.00397
-5.02562
-5.04933
-5.07461
-5.10046
-5.1232
-5.14407
-5.16105
-5.17326
-5.18041
-5.18356
-5.184
-5.18167
-5.1787
-5.17525
-5.17253
-5.17036
-5.1697
-5.17261
-5.17478
-5.17555
-5.17395
-5.16727
-5.15509
-5.13822
-5.11584
-5.0941
-5.07245
-5.05404
-5.04052
-5.03237
-5.02764
-5.02551
-5.02388
-5.01914
-5.01468
-5.00911
-5.00183
-4.99846
-5.00178
-5.01191
-5.02971
-5.05429
-5.0806
-5.10467
-5.12354
-5.134
-5.13608
-5.13057
-5.11852
-5.10579
-5.09375
-5.08494
-5.08179
-5.08263
-5.08642
-5.08922
-5.09168
-5.09148
-5.08841
-5.0825
-5.073
-5.06439
-5.05606
-5.05001
-5.04963
-5.05545
-5.06839
-5.08624
-5.10474
-5.12074
-5.13195
-5.13487
-5.12972
-5.11748
-5.10231
-5.08726
-5.07557
-5.07125
-5.07625
-5.08972
-5.10987
-5.13033
-5.14744
-5.15876
-5.16354
-5.16183
-5.15596
-5.14929
-5.14901
-5.15669
-5.16942
-5.18306
-5.19229
-5.19628
-5.19439
-5.18717
-5.17624
-5.16158
-5.14601
-5.1295
-5.11232
-5.09804
-5.08561
-5.07332
-5.06116
-5.04744
-5.03151
-5.01493
-4.99919
-4.98698
-4.98142
-4.98217
-4.99203
-5.00911
-5.03144
-5.05569
-5.07833
-5.09835
-5.11138
-5.11622
-5.11482
-5.1121
-5.11046
-5.11227
-5.12141
-5.13175
-5.14252
-5.15236
-5.15766
-5.15863
-5.15262
-5.14384
-5.13344
-5.12282
-5.112
-5.10513
-5.10262
-5.10344
-5.10735
-5.11475
-5.12221
-5.12802
-5.13308
-5.13478
-5.1317
-5.12612
-5.1162
-5.10548
-5.09462
-5.08548
-5.07969
-5.07788
-5.08128
-5.08944
-5.1002
-5.11087
-5.11896
-5.12283
-5.12242
-5.11837
-5.11266
-5.10596
-5.09925
-5.08983
-5.08205
-5.07314
-5.06186
-5.05287
-5.04555
-5.04187
-5.04193
-5.04326
-5.04441
-5.04314
-5.0394
-5.03211
-5.02297
-5.01335
-5.00574
-5.00265
-5.00372
-5.01472
-5.03007
-5.04851
-5.06828
-5.08533
-5.09667
-5.09932
-5.09757
-5.09181
-5.08511
-5.07853
-5.07307
-5.07199
-5.07524
-5.08383
-5.09477
-5.10762
-5.12051
-5.12979
-5.13925
-5.14427
-5.14905
-5.15112
-5.148
-5.13908
-5.12308
-5.09931
-5.06728
-5.03103
-4.99586
-4.96317
-4.93696
-4.91952
-4.91119
-4.91425
-4.92588
-4.94284
