1.09642
1.08962
1.07958
1.06614
1.04918
1.02863
1.00454
0.9771
0.946724
0.914066
0.879934
0.845308
0.811272
0.778864
0.749021
0.722517
0.6999
0.681423
0.667045
0.656485
0.649278
0.644902
0.642857
0.642672
0.643932
0.646225
0.649125
0.652153
0.654778
0.65642
0.656589
0.655068
0.652008
0.647942
0.643663
0.640039
0.637772
0.637235
0.638402
0.64091
0.64417
0.647505
0.650262
0.651962
0.652378
0.651591
0.649967
0.647943
0.645728
0.643169
0.639785
0.635075
0.62888
0.621556
0.613886
0.60686
0.601385
0.598122
0.597458
0.599519
0.604222
0.611274
0.620191
0.630344
0.641003
0.651415
0.660891
0.668845
0.674856
0.678653
0.680088
0.679127
0.675799
0.670209
0.662521
0.652999
0.642093
0.630517
0.619269
0.609585
0.602744
0.599769
0.601192
0.606903
0.616213
0.628059
0.641294
0.654883
0.667973
0.679912
0.690199
0.698477
0.704505
0.708162
0.709492
0.708671
0.705954
0.70157
0.695646
0.6882
1.08697
1.06761
1.04296
1.01421
0.983156
0.951929
0.922583
0.896728
0.875396
0.859041
0.847651
0.840935
0.838553
0.840083
0.844778
0.851375
0.858227
0.863666
0.866425
0.86588
0.862075
0.85555
0.847111
0.837596
0.827771
0.818277
0.809662
0.802517
0.797446
0.79502
0.795617
0.799268
0.805469
0.813094
0.820538
0.826256
0.829302
0.829535
0.827389
0.823571
0.818766
0.813646
0.808907
0.805301
0.803525
0.804072
0.807081
0.812319
0.819133
0.826678
0.834198
0.841258
0.847724
0.853524
0.858485
0.862432
0.865382
0.867646
0.869653
0.871769
0.874149
0.87666
0.878906
0.880262
0.880005
0.877513
0.872498
0.865234
0.856614
0.84802
0.841044
0.837086
0.836975
0.840724
0.847604
0.856423
0.865797
0.874456
0.881382
0.88588
0.88758
0.886488
0.882868
0.8772
0.870097
0.862386
0.855224
0.849895
0.847309
0.847571
0.849924
0.853167
0.856076
0.857703
0.857543
0.855655
0.852655
0.849536
0.847376
0.846912
1.09979
1.09814
1.09429
1.08762
1.07802
1.06631
1.05409
1.04332
1.03563
1.03177
1.03145
1.03366
1.03727
1.04141
1.04552
1.04924
1.05215
1.05367
1.05315
1.05015
1.04468
1.03737
1.02928
1.02168
1.01593
1.01319
1.01405
1.01813
1.02399
1.02954
1.03296
1.03354
1.03253
1.03317
1.0392
1.05184
1.06805
1.08237
1.09014
1.08909
1.07929
1.06278
1.04328
1.02569
1.01435
1.01043
1.01097
1.0116
1.01008
1.00728
1.00559
1.00682
1.01123
1.01773
1.02453
1.02981
1.03238
1.03229
1.03115
1.03189
1.0373
1.04837
1.06352
1.07964
1.09359
1.10325
1.10771
1.10715
1.10254
1.09533
1.08718
1.07967
1.07391
1.07022
1.06802
1.06608
1.06316
1.05864
1.05282
1.04658
1.04093
1.03675
1.03466
1.03502
1.03774
1.04224
1.04746
1.05201
1.05449
1.05412
1.05143
1.04819
1.04675
1.04878
1.05459
1.06293
1.07125
1.07634
1.07547
1.06732
1.08417
1.06317
1.04148
1.02322
1.01103
1.00462
1.00115
0.997805
0.994253
0.992819
0.99632
1.00558
1.01894
1.03375
1.048
1.06087
1.07266
1.0841
1.09565
1.10689
1.11682
1.12443
1.12917
1.13097
1.1301
1.1269
1.12154
1.11396
1.10391
1.09117
1.07585
1.05856
1.0403
1.02201
1.00401
0.985912
0.967149
0.948168
0.931358
0.920755
0.920002
0.929787
0.947438
0.968956
0.991055
1.01173
1.02973
1.04412
1.05416
1.05944
1.06022
1.05772
1.05384
1.05079
1.05037
1.05332
1.05917
1.06634
1.07293
1.07746
1.07939
1.07931
1.07857
1.07869
1.08067
1.0846
1.08966
1.09448
1.09745
1.0972
1.09296
1.08465
1.07287
1.05858
1.04293
1.02723
1.01296
1.00162
0.994564
0.992807
0.996809
1.00626
1.02009
1.0367
1.05436
1.07159
1.08736
1.10097
1.11199
1.12013
1.1253
1.1277
1.12789
1.12654
1.12436
1.12196
1.11995
1.1189
1.11916
1.1206
1.10122
1.10183
1.10036
1.0957
1.08739
1.07574
1.06183
1.04713
1.0332
1.02133
1.01232
1.00639
1.00313
1.00161
1.00052
0.998667
0.995391
0.990978
0.986726
0.984587
0.986495
0.993652
1.00602
1.0222
1.03985
1.05619
1.06877
1.07594
1.07713
1.07296
1.06512
1.05593
1.04771
1.04214
1.03984
1.04029
1.04231
1.04458
1.04602
1.04589
1.04384
1.0399
1.03448
1.02833
1.02257
1.01865
1.01809
1.02197
1.03029
1.04179
1.05422
1.06509
1.07226
1.07441
1.07128
1.06372
1.05361
1.04348
1.03599
1.03331
1.03655
1.04532
1.05784
1.07138
1.08309
1.09084
1.09362
1.09188
1.08757
1.08383
1.08374
1.08855
1.09684
1.10563
1.11219
1.11505
1.11399
1.10948
1.10219
1.09282
1.08214
1.07103
1.06038
1.05077
1.04217
1.03398
1.02537
1.01572
1.005
0.993844
0.983454
0.975415
0.971308
0.972311
0.978782
0.990168
1.00506
1.02142
1.03702
1.04986
1.10725
1.11017
1.10944
1.10723
1.10604
1.10764
1.11243
1.11942
1.1269
1.13306
1.13649
1.13653
1.13333
1.12768
1.12064
1.11336
1.10686
1.10208
1.0997
1.10004
1.10285
1.10738
1.11255
1.11723
1.1204
1.12133
1.11969
1.11556
1.10946
1.1022
1.09486
1.08857
1.08441
1.08321
1.08527
1.0902
1.09687
1.10368
1.10908
1.11196
1.11199
1.10949
1.10528
1.10031
1.09523
1.09016
1.08477
1.07873
1.07222
1.06603
1.06124
1.0586
1.05803
1.05871
1.05938
1.05883
1.05634
1.05178
1.04579
1.03958
1.03471
1.03275
1.03488
1.0415
1.05203
1.06494
1.07801
1.08908
1.09653
1.09971
1.09894
1.09531
1.09034
1.08566
1.08262
1.0822
1.08487
1.09039
1.09799
1.10645
1.11454
1.12134
1.12644
1.12988
1.13186
1.13223
1.13025
1.12471
1.11434
1.09859
1.07805
1.05459
1.03084
1.00935
0.991978
0.980052
0.974599
0.975933
0.983282
0.995092
