1.11288
1.12541
1.1348
1.13898
1.13704
1.13017
1.12135
1.11383
1.10946
1.10804
1.10816
1.10868
1.10942
1.11101
1.11413
1.11902
1.12531
1.13222
1.13867
1.14347
1.14542
1.14351
1.13728
1.127
1.11408
1.10114
1.09162
1.08863
1.09344
1.10493
1.1203
1.13641
1.15058
1.16098
1.16645
1.16634
1.16057
1.14989
1.13619
1.12239
1.11162
1.10612
1.1068
1.11344
1.125
1.13978
1.15536
1.16906
1.17844
1.18195
1.1792
1.17095
1.15902
1.14623
1.13588
1.13066
1.13128
1.13627
1.14297
1.14892
1.15267
1.15387
1.1528
1.15
1.146
1.14125
1.13586
1.12937
1.12066
1.1085
1.09249
1.07404
1.05645
1.04389
1.03957
1.04437
1.0573
1.07643
1.09965
1.12482
1.14996
1.17341
1.19397
1.21081
1.22317
1.2302
1.23101
1.22481
1.21118
1.19033
1.1635
1.13319
1.10254
1.07416
1.04936
1.02914
1.01547
1.01124
1.01864
1.03757
1.06529
1.09732
1.12875
1.15554
1.17533
1.18761
1.19331
1.19404
1.19127
1.18609
1.17929
1.17163
1.16398
1.15716
1.15177
1.14804
1.14611
1.14603
1.14766
1.1505
1.1536
1.15568
1.15537
1.15146
1.14324
1.13089
1.11564
1.09959
1.08508
1.07375
1.06611
1.06177
1.06001
1.06024
1.0619
1.06445
1.06734
1.07015
1.07266
1.07483
1.07678
1.07879
1.08121
1.08424
1.08771
1.0908
1.09202
1.08944
1.08176
1.06959
1.05591
1.04432
1.03563
1.02656
1.01298
0.994756
0.977932
0.971911
0.982929
1.00924
1.04317
1.07674
1.10477
1.12482
1.13602
1.13837
1.13248
1.11962
1.10182
1.08192
1.06353
1.05046
1.04522
1.04777
1.05652
1.06985
1.08628
1.10351
1.11848
1.12845
1.13208
1.12983
1.12328
1.1143
1.10435
1.09446
1.08548
1.07812
1.07264
1.06859
1.06492
1.06045
1.05431
1.04623
1.03625
1.02464
1.01188
0.999021
0.987845
0.98062
0.979215
0.984484
0.996335
1.01423
1.0374
1.06479
1.09493
1.12576
1.15471
1.17907
1.19673
1.20668
1.20894
1.20414
1.19314
1.17679
1.15603
1.13209
1.10658
1.08145
1.05878
1.04048
1.02802
1.02208
1.02247
1.02834
1.03835
1.05078
1.06365
1.07502
1.08354
1.08879
1.09139
1.0925
1.09313
1.09371
1.09436
1.09519
1.09643
1.09844
1.10162
1.10637
1.11302
1.12162
1.13175
1.14272
1.15381
1.16442
1.17395
1.18185
1.18763
1.19121
1.19302
1.19402
1.19529
1.19756
1.20073
1.2037
1.20465
1.2017
1.19372
1.18108
1.16585
1.1513
1.14058
1.13551
1.13645
1.14258
1.15222
1.16299
1.17227
1.17798
1.17923
1.17657
1.17178
1.16703
1.16401
1.16313
1.16339
1.16314
1.16123
1.15781
1.15396
1.15049
1.14731
1.14415
1.14153
1.14086
1.14362
1.1504
1.16053
1.17221
1.18308
1.19088
1.19412
1.19215
1.18516
1.1739
1.15962
1.14399
1.12902
1.11666
1.10819
1.104
1.10367
1.10626
1.11041
1.11449
1.117
1.11717
1.1152
1.11213
1.10952
1.10915
1.11245
1.11986
1.13032
1.14156
1.15111
1.15732
1.1599
1.15931
1.15595
1.14978
1.14112
1.13133
1.12271
1.11737
1.11595
1.11714
1.11858
1.11814
1.11489
1.10916
1.10211
1.09529
1.09048
1.08939
1.09343
1.10327
1.11855
1.13777
1.1585
1.1778
1.19291
1.20198
1.20446
1.20114
1.19362
1.18382
1.17361
1.16488
1.15953
1.15927
1.165
1.17633
1.19159
1.20845
1.22444
1.23736
1.24539
1.2473
1.24261
1.23174
1.21586
1.19678
1.17655
1.15714
1.14013
1.1267
1.11772
1.11389
1.11557
1.12244
1.13329
1.14592
1.15751
1.16516
1.16659
1.1606
1.14737
1.12859
1.10741
1.08766
1.0728
1.06467
1.06314
1.06665
1.07326
1.08162
1.09125
1.10214
1.11407
1.1262
1.13727
1.14604
1.15148
1.15274
1.14909
1.14023
1.12676
1.11044
1.09395
1.07989
1.06995
1.06481
1.06459
1.06911
1.07776
1.08937
1.1024
1.11514
1.12611
1.13446
1.14003
1.14326
1.14481
1.14518
1.14441
1.14211
1.1375
1.12957
1.1174
1.10048
1.0792
1.0552
1.03135
1.01103
0.996933
0.990251
0.990832
0.99786
1.01027
1.0268
1.04586
1.0657
1.08467
1.10151
1.11557
1.12679
1.13553
1.14214
1.14652
1.14818
1.14634
1.14019
1.12922
1.11362
1.0947
1.07499
1.05749
1.04459
1.03739
1.03626
1.04164
1.05375
1.07181
1.09363
1.11622
1.13681
1.15351
1.16541
1.17242
1.17512
1.17479
1.17302
1.17115
1.16978
1.16861
1.16677
1.16337
1.15791
1.15073
1.14301
1.13651
1.13295
1.13332
1.13742
1.1439
1.15058
1.15496
1.15486
1.14906
1.13771
1.12232
1.10527
1.08918
1.07624
1.06789
1.06465
1.06632
1.07207
1.08059
1.09025
1.09941
1.10676
1.11126
1.1123
1.11
1.10551
1.10099
1.09916
1.10223
1.11089
1.12375
1.13802
1.15097
1.16118
1.16889
1.17499
1.17958
1.18146
1.17913
1.172
1.16088
1.14776
1.13509
1.12522
1.11982
1.1196
1.12431
1.13299
1.14426
1.15657
1.16851
1.17883
1.18661
1.19137
1.19313
1.19233
1.18956
1.18543
1.18038
1.17459
1.16797
1.16033
1.15125
1.14032
1.12756
1.11412
1.10288
1.09783
1.10135
1.11107
1.1206
1.12404
1.11922
1.10784
1.09431
1.08421
1.08289
1.09357
1.11536
1.14286
1.16852
1.18594
1.19146
1.184
1.16474
1.1372
1.10702
1.0805
1.0617
1.05092
1.04593
1.04417
1.04367
1.04298
1.04091
1.03691
1.03151
1.02636
1.02333
1.02336
1.026
1.02986
1.03364
1.03686
1.03991
1.04349
1.048
1.05318
1.05823
1.06228
1.06482
1.066
1.06663
1.06786
1.07056
1.07474
1.07948
1.08338
1.08518
1.08426
1.08088
1.07616
1.07182
1.06957
1.07049
1.07469
1.08152
1.09002
1.0991
1.10757
1.11435
1.11894
1.12185
1.12431
1.12769
1.13288
1.13998
1.14828
1.15664
1.16391
1.16927
1.17237
1.17304
1.17105
1.16603
1.15761
1.14582
1.13144
1.11604
1.10176
1.09077
1.08443
1.08293
1.08534
1.09026
1.09651
1.10307
1.1089
1.11299
1.11475
1.11449
1.11357
1.11401
1.11778
1.12597
1.13841
1.15402
1.17135
1.18879
1.20455
1.21684
1.22435
1.22657
1.22387
1.21734
1.20843
1.19852
1.18864
1.17935
1.17072
1.16259
1.15476
1.14713
1.13979
1.13291
1.12657
1.12056
1.11438
1.10744
1.0994
1.09051
1.08179
1.07475
1.07085
1.0707
1.07358
1.07778
1.08142
1.08323
1.08288
1.08085
1.078
1.07518
1.07294
1.07151
1.07084
1.07081
1.0713
1.07197
1.07197
1.07013
1.06544
1.05803
1.04989
1.04475
1.04587
1.05315
1.06294
1.07114
1.0758
1.07718
1.07669
1.07568
1.07504
1.07507
1.07582
1.07727
1.07937
1.08189
1.08423
1.0856
1.08558
1.08482
1.08538
1.09003
1.1009
1.11836
1.14094
1.16602
1.19066
1.21206
1.22781
1.23596
1.23515
1.22491
1.20581
1.17975
1.14971
1.11927
1.09196
1.07088
1.0583
1.05518
1.0609
1.07362
1.09083
1.10975
1.12774
1.14273
1.15382
1.1613
1.16619
1.16947
1.17153
1.17224
1.17161
1.17029
1.16961
1.17125
1.17662
1.1859
1.19754
1.20874
1.21674
1.22001
1.21855
1.21358
1.20672
1.19937
1.19228
1.18569
1.17959
1.1739
1.1685
1.16313
1.1576
1.15196
1.14662
1.14239
1.14026
1.14107
1.14522
1.15252
1.16229
1.17361
1.18551
1.19714
1.20782
1.21704
1.22432
1.22897
1.23008
1.22671
1.21815
1.2044
1.18669
1.16743
1.14964
1.13567
1.12626
1.12062
1.11743
1.11592
1.11625
1.11877
1.12308
1.12786
1.13195
1.13514
1.13781
1.14013
1.14145
1.14071
1.13721
1.13134
1.12479
1.11995
1.11906
1.12319
1.13212
1.1443
1.15728
1.16804
1.17373
1.17239
1.16372
1.14933
1.13215
1.11521
1.10058
1.08929
1.08184
1.07855
1.07941
1.0837
1.08995
1.09629
1.10088
1.10225
1.09977
1.09389
1.08637
1.08001
1.07775
1.08149
1.09123
1.10512
1.12032
1.13415
1.14501
1.15256
1.15732
1.15993
1.16038
1.15792
1.15147
1.14025
1.12426
1.10426
1.08181
1.059
1.0382
1.02189
1.01252
1.01198
1.02087
1.03779
1.05951
1.08224
1.1032
1.12155
1.13809
1.15388
1.16904
1.18254
1.19297
1.19932
1.20129
1.19892
1.19227
1.18125
1.1658
1.14634
1.12417
1.10167
1.08177
1.06718
1.05956
1.05901
1.06432
1.07353
1.08473
1.09662
1.10873
1.12104
1.13359
1.14595
1.1571
1.16562
1.16996
1.16882
1.16155
1.14841
1.13087
1.11162
1.09425
1.08221
1.0774
1.0796
1.08704
1.09768
1.11031
1.12479
1.14134
1.15922
1.17616
1.18912
1.19566
1.19499
1.18825
1.17827
1.169
1.16435
1.16658
1.17502
1.18643
1.19716
1.20494
1.20908
1.20972
1.20721
1.20168
1.19295
1.18076
1.16502
1.14634
1.12611
1.10623
1.08833
1.07325
1.06099
1.05106
1.04295
1.0366
1.03267
1.03227
1.0363
1.04482
1.05706
1.07153
1.08604
1.09772
1.10382
1.10315
1.09746
1.09109
1.08847
1.09172
1.10039
1.11275
1.12653
1.13922
1.14848
1.15271
1.15141
1.1452
1.13539
1.12353
1.11103
1.09908
1.08875
1.0815
1.07966
1.08591
1.1007
1.12009
1.1372
1.14612
1.14439
1.13337
1.11772
1.10364
1.09576
1.09453
1.09676
1.09811
1.09538
1.08764
1.07602
1.06287
1.05058
1.04116
1.03641
1.03794
1.04672
1.06229
1.08264
1.10482
1.12595
1.14401
1.15846
1.17007
1.18011
1.18942
1.19782
1.20448
1.20844
1.20913
1.20681
1.20267
1.19837
1.19527
1.19382
1.19354
1.19324
1.19137
1.18639
1.17703
1.16241
1.14245
1.11855
1.09398
1.07311
1.05955
1.05433
1.0558
1.06116
1.0684
1.07725
1.08876
1.10408
1.12327
1.14472
1.16559
1.18269
1.1935
1.19667
1.19227
1.18179
1.16775
1.15294
1.13953
1.12854
1.12032
1.11514
1.1135
1.11583
1.12212
1.1316
1.14269
1.1532
1.16067
1.16286
1.15826
1.14657
1.12914
1.10876
1.08914
1.07398
1.06622
1.0673
1.07666
1.09158
1.10811
1.12235
1.13163
1.13478
1.1318
1.12343
1.11085
1.09584
1.08082
1.06862
1.0617
1.06124
1.06673
1.07647
1.08842
1.10081
1.11225
1.12175
1.12857
1.13213
1.13208
1.12848
1.12203
1.1141
1.10632
1.1
1.09563
1.09298
1.09161
1.09142
1.09288
1.09667
1.10322
1.11226
1.12302
1.13438
1.1448
1.15232
1.15496
1.15148
1.1421
1.12876
1.1148
1.104
1.09951
1.10284
1.11345
1.12892
1.14558
1.1597
1.16868
1.17163
1.16941
1.16413
1.15842
1.15441
1.15314
1.15452
1.15754
1.16083
1.1633
1.16495
1.16717
1.17201
1.18082
1.19273
1.20439
1.21134
1.21001
1.19909
1.17965
1.15453
1.12753
1.10259
1.0828
1.06974
1.06326
1.06206
1.06458
1.06956
1.07585
1.08207
1.08678
1.08897
1.08831
1.08497
1.07922
1.07135
1.06166
1.05081
1.0402
1.03225
1.03004
1.0363
1.05207
1.07599
1.10469
1.1337
1.15874
1.17671
1.18606
1.18681
1.18024
1.1686
1.1549
1.14248
1.13446
1.13286
1.13793
1.14803
1.16014
1.17093
1.17759
1.17837
1.17277
1.16155
1.14653
1.13028
1.11571
1.10538
1.10073
1.10181
1.10728
1.11495
1.12248
1.12803
1.1307
1.1304
1.12744
1.12209
1.11456
1.10552
1.09645
1.08952
1.08686
1.08985
1.09875
1.11246
1.12878
1.14485
1.15788
1.16565
1.16671
1.16054
1.14789
1.13175
1.11788
1.11281
1.11918
1.13389
1.1516
1.16848
1.18292
1.19463
1.20369
1.21001
1.21323
1.21294
1.2091
1.20236
1.19407
1.18591
1.17928
1.17483
1.17233
1.17088
1.16941
1.16702
1.16328
1.15832
1.1529
1.14821
1.1454
1.14498
1.14645
1.14844
1.14917
1.14725
1.14245
1.1363
1.13131
1.12941
1.13064
1.13342
1.13585
1.13671
1.13577
1.13348
1.1304
1.12655
1.12124
1.11344
1.10271
1.08988
1.07724
1.06787
1.06443
1.06811
1.07833
1.09296
1.10922
1.12462
1.13749
1.14698
1.15281
1.15531
1.1555
1.15503
1.15584
1.15955
1.16666
1.17625
1.18597
1.19263
1.19317
1.18557
1.16963
1.14753
1.12368
1.10354
1.09129
1.08781
1.09061
1.09553
1.09886
1.09836
1.09332
1.0844
1.07369
1.06485
1.06226
1.06893
1.08469
1.10637
1.12939
1.14977
1.16512
1.17463
1.17851
1.17701
1.16981
1.15644
1.13798
1.11819
1.10228
1.09419
1.09477
1.10218
1.11335
1.12516
1.13504
1.14133
1.14362
1.14258
1.13951
1.13546
1.13079
1.12537
1.11938
1.11379
1.11014
1.10962
1.11245
1.11795
1.12502
1.13252
1.13895
1.14249
1.14135
1.13438
1.12149
1.10377
1.0837
1.06511
1.05244
1.0489
1.05476
1.06766
1.08466
1.10365
1.12327
1.14196
1.15776
1.16896
1.17497
1.1765
1.17521
1.17293
1.17094
1.16969
1.16881
1.16747
1.16461
1.15909
1.15005
1.13747
1.12278
1.1088
1.09818
1.09136
1.08584
1.07828
1.06757
1.05608
1.04834
1.04783
1.05476
1.06656
1.08058
1.09596
1.1132
1.13216
1.15092
1.16648
1.17649
1.18031
1.17889
1.17423
1.16857
1.16397
1.16201
1.16332
1.16721
1.17157
1.17343
1.16971
1.15809
1.13826
1.11413
1.09469
1.08867
1.09603
1.10838
1.11734
1.1194
1.11512
1.10688
1.09724
1.08812
1.08059
1.07503
1.07143
1.06958
1.06929
1.07032
1.07237
1.0754
1.08002
1.08712
1.09697
1.10868
1.12052
1.13052
1.13711
1.13944
1.13776
1.13337
1.12822
1.12462
1.12495
1.13097
1.14281
1.15877
1.17629
1.19327
1.20846
1.22104
1.2302
1.23536
1.23664
1.235
1.23195
1.22885
1.22649
1.22505
1.22424
1.22355
1.22229
1.21978
1.21545
1.20916
1.20133
1.19293
1.1852
1.17919
1.17533
1.17337
1.17267
1.17254
1.17251
1.17239
1.17217
1.17202
1.17214
1.17264
1.17344
1.17408
1.17363
1.17102
1.16549
1.15679
1.14543
1.13256
1.11989
1.10925
1.10201
1.09837
1.097
1.09539
1.09113
1.08336
1.073
1.06213
1.05293
1.04685
1.04445
1.04555
1.04955
1.05559
1.06269
1.06975
1.07568
1.07971
1.08177
1.08276
1.08417
1.08723
1.09197
1.0973
1.10185
1.10512
1.10783
1.1115
1.11711
1.1239
1.12965
1.13207
1.13023
1.12477
1.11744
1.11037
1.10534
1.10327
1.10411
1.10697
1.11069
1.11457
1.11881
1.12464
1.13372
1.14676
1.16245
1.17768
1.18911
1.19477
1.19472
1.1906
1.18459
1.17838
1.17282
1.16823
1.16469
1.16182
1.15878
1.15457
1.14865
1.14145
1.13439
1.12994
1.1316
1.1428
1.16485
1.19575
1.23125
1.26668
1.29814
1.32291
1.33938
1.3466
1.34412
1.33197
1.31087
1.28247
1.24958
1.21591
1.18513
1.15947
1.13905
1.12253
1.10839
1.09576
1.0845
1.07497
1.06794
1.06454
1.06612
1.07355
1.08653
1.10329
1.12104
1.13686
1.14892
1.15699
1.16176
1.16383
1.16304
1.15821
1.14766
1.13005
1.10563
1.07689
1.04829
1.02508
1.01144
1.00849
1.01406
1.02431
1.03569
1.04573
1.05314
1.05801
1.06193
1.06733
1.07578
1.08688
1.09869
1.1091
1.1168
1.12141
1.12292
1.12112
1.11545
1.10587
1.09402
1.08367
1.07932
1.08403
1.09764
1.11706
1.13787
1.15593
1.16835
1.17413
1.17431
1.17179
1.17039
1.17314
1.18101
1.1931
1.20757
1.22225
1.23466
1.24218
1.2427
1.23558
1.22237
1.20654
1.19208
1.18163
1.17562
1.17298
1.17206
1.17134
1.16969
1.16659
1.16208
1.15647
1.14976
1.1414
1.13094
1.11898
1.10787
1.10145
1.10347
1.11563
1.13625
1.16082
1.18395
1.20155
1.21185
1.21525
1.21352
1.20888
1.20337
1.19841
1.1946
1.19176
1.18912
1.18573
1.18084
1.17419
1.166
1.15668
1.14649
1.13549
1.12369
1.11148
1.0997
1.08943
1.08137
1.07552
1.07119
1.06749
1.06382
1.0603
1.05769
1.05709
1.05953
1.06551
1.07487
1.0868
1.10007
1.11336
1.12554
1.13604
1.14503
1.1533
1.16186
1.17139
1.1818
1.1924
1.20226
1.21052
1.21641
1.21931
1.21875
1.21451
1.20678
1.19633
1.18434
1.17236
1.16176
1.15335
1.14712
1.14214
1.13685
1.12966
1.11955
1.10647
1.09136
1.07574
1.06123
1.04918
1.04055
1.03592
1.03555
1.03952
1.04793
1.06089
1.07829
1.09946
1.123
1.14689
1.16894
1.18725
1.20041
1.20751
1.20794
1.20152
1.18903
1.17273
1.15617
1.14236
1.13136
1.1201
1.10478
1.08388
1.05937
1.03614
1.02002
1.01527
1.02301
1.04147
1.06737
1.09711
1.12726
1.15486
1.17805
1.19644
1.21097
1.22314
1.23423
1.24477
1.25456
1.26279
1.26831
1.26985
1.26619
1.25648
1.24068
1.22002
1.19725
1.1763
1.16148
1.15576
1.15874
1.16623
1.1728
1.17496
1.17229
1.16673
1.16133
1.15886
1.16043
1.16516
1.17129
1.17751
1.18353
1.18955
1.19579
1.20219
1.20834
1.21353
1.21695
1.21786
1.21603
1.21196
1.20678
1.20173
1.19742
1.19353
1.18932
1.18439
1.17911
1.17447
1.17148
1.1707
1.17212
1.17521
1.17916
1.18306
1.18625
1.18853
1.19011
1.19141
1.19267
1.19367
1.19364
1.19145
1.18591
1.17642
1.16336
1.14819
1.13284
1.11894
1.10749
1.09921
1.09482
1.09489
1.09952
1.10811
1.11944
1.13198
1.14406
1.15407
1.16081
1.16369
1.16279
1.15865
1.15208
1.14426
1.13698
1.13216
1.13108
1.13376
1.1389
1.14431
1.1476
1.14693
1.14151
1.13178
1.11947
1.10729
1.0982
1.09426
1.09592
1.10212
1.11081
1.11899
1.12281
1.1187
1.10551
1.0856
1.06428
1.04735
1.03871
1.03959
1.04896
1.06426
1.08191
1.09805
1.10926
1.11333
1.1099
1.10082
1.09023
1.08352
1.08503
1.09555
1.11196
1.12964
1.14511
1.15716
1.16637
1.17419
1.18196
1.19036
1.1992
1.20786
1.21592
1.22332
1.22995
1.23528
1.23835
1.23821
1.23426
1.22631
1.21466
1.20027
1.18484
1.17047
1.15914
1.15213
1.14973
1.15128
1.15525
1.15972
1.16304
1.16437
1.16387
1.16247
1.16124
1.16077
1.16121
1.16264
1.16555
1.17072
1.17885
1.19013
1.20409
1.21943
1.23426
1.24673
1.25552
1.25996
1.25984
1.25519
1.24621
1.23328
1.21703
1.19831
1.17806
1.15696
1.13511
1.11207
1.08732
1.06112
1.03535
1.01335
0.998845
0.994531
1.00124
1.01783
1.04152
1.06873
1.09611
1.12131
1.14326
1.16196
1.17797
1.19183
1.20366
1.21314
1.21972
1.22304
1.22304
1.21997
1.21417
1.2058
1.19483
1.18122
1.16523
1.14771
1.12988
1.11307
1.09821
1.08567
1.07551
1.06787
1.0632
1.06195
1.06417
1.0693
1.07653
1.08537
1.09593
1.10845
1.12251
1.1367
1.14898
1.15776
1.16265
1.16471
1.16608
1.16912
1.17545
1.18537
1.19777
1.21042
1.22067
1.22637
1.22669
1.22241
1.21546
1.2081
1.20198
1.1978
1.1954
1.19408
1.19296
1.19123
1.18845
1.18473
1.18063
1.1769
1.17414
1.17246
1.17138
1.17005
1.1677
1.16409
1.1598
1.15624
1.15528
1.15862
1.16719
1.18064
1.19724
1.21437
1.22917
1.23925
1.24318
1.24069
1.23255
1.22059
1.20772
1.19725
1.19107
1.18839
1.18655
1.18302
1.17672
1.16867
1.16235
1.16216
1.1696
1.181
1.19011
1.19206
1.18491
1.16906
1.14624
1.11886
1.08973
1.06213
1.03982
1.02673
1.02564
1.03671
1.05717
1.08276
1.10959
1.13511
1.15795
1.17741
1.193
1.20423
1.21076
1.21257
1.21018
1.2049
1.19874
1.19399
1.19217
1.19314
1.19534
1.19703
1.19729
1.19586
1.19248
1.18648
1.17698
1.16321
1.14496
1.12299
1.09935
1.07728
1.06017
1.05034
1.0483
1.05304
1.06237
1.07343
1.0833
1.08985
1.09253
1.09233
1.09105
1.09024
1.09044
1.09141
1.09281
1.09474
1.0975
1.1012
1.10557
1.11043
1.11652
1.12563
1.1392
1.15648
1.17443
1.18958
1.19958
1.2035
1.20114
1.19268
1.17878
1.16116
1.1426
1.12595
1.11265
1.10237
1.09407
1.08703
1.08104
1.07574
1.07039
1.06458
1.05987
1.06036
1.07013
1.08917
1.11285
1.13571
1.15448
1.16828
1.17761
1.18342
1.18671
1.18834
1.18894
1.18872
1.18731
1.1838
1.17706
1.1662
1.15102
1.13233
1.11182
1.09164
1.07374
1.05939
1.0493
1.04393
1.04359
1.04816
1.05696
1.06897
1.08316
1.09876
1.11532
1.13249
1.14977
1.16634
1.18118
1.19341
1.20253
1.20855
1.21177
1.21263
1.21174
1.2102
1.20933
1.20993
1.21129
1.21112
1.20666
1.19591
1.17818
1.15407
1.12537
1.09511
1.06751
1.04721
1.03777
1.04014
1.05247
1.07116
1.09212
1.11163
1.12682
1.13578
1.13762
1.13251
1.12168
1.10737
1.09233
1.07895
1.06839
1.06066
1.05579
1.05507
1.061
1.07543
1.09723
1.12238
1.14628
1.16576
1.17956
1.18765
1.19038
1.18813
1.18166
1.17251
1.16295
1.15498
1.14914
1.14431
1.13856
1.1306
1.12081
1.11143
1.10581
1.10638
1.11294
1.12345
1.13606
1.14995
1.16465
1.17922
1.19232
1.2027
1.20971
1.21333
1.2139
1.2119
1.20766
1.20139
1.19345
1.18466
1.17659
1.17122
1.17017
1.17362
1.18023
1.18796
1.19505
1.20048
1.20397
1.20564
1.20578
1.20457
1.20198
1.19774
1.1915
1.18314
1.1731
1.16254
1.15306
1.14618
1.14274
1.14261
1.14464
1.14713
1.14826
1.14658
1.1414
1.13296
1.12236
1.11126
1.10141
1.09409
1.08976
1.08793
1.08748
1.08738
1.08757
1.08937
1.09491
1.10552
1.12048
1.13725
1.15267
1.16415
1.17037
1.17159
1.1697
1.16772
1.1683
1.17206
1.17714
1.18061
1.18018
1.17515
1.16663
1.15751
1.15141
1.15046
1.1537
1.15815
1.16131
1.16246
1.16197
1.16019
1.15682
1.15123
1.14335
1.13409
1.1251
1.11815
1.11456
1.1148
1.11836
1.12402
1.13032
1.13609
1.14063
1.1438
1.14586
1.14722
1.14827
1.14918
1.14986
1.15009
1.14967
1.14867
1.1476
1.14743
1.14925
1.15365
1.16005
1.1666
1.17085
1.17075
1.16557
1.15631
1.14543
1.13596
1.13025
1.12943
1.1336
1.14228
1.15427
1.16754
1.17936
1.18673
1.187
1.17848
1.16095
1.13612
1.10749
1.07976
1.05783
1.04568
1.04535
1.05628
1.07553
1.09903
1.12286
1.14413
1.16124
1.17391
1.18282
1.18911
1.19381
1.19743
1.19993
1.20077
1.19908
1.19387
1.18425
1.1699
1.1516
1.1314
1.11192
1.09542
1.08316
1.07527
1.07102
1.06895
1.06753
1.06595
1.06437
1.06356
1.06426
1.06685
1.07125
1.07706
1.08351
1.08947
1.09372
1.09544
1.09496
1.09386
1.09414
1.09676
1.10096
1.10519
1.10877
1.11273
1.11913
1.12953
1.14368
1.15948
1.17406
1.18488
1.19047
1.19053
1.18559
1.17661
1.16471
1.15117
1.13759
1.12581
1.1176
1.11409
1.11533
1.1204
1.12773
1.1355
1.14186
1.14503
1.14366
1.13747
1.12771
1.11708
1.10892
1.10601
1.10952
1.11886
1.13231
1.14787
1.16368
1.17821
1.19033
1.19934
1.20508
1.20795
1.20886
1.20887
1.20874
1.20822
1.20611
1.20102
1.19267
1.1825
1.17293
1.16592
1.16186
1.15971
1.15771
1.1544
1.14937
1.14375
1.14012
1.14139
1.14878
1.1606
1.17295
1.18178
1.18456
1.18068
1.1712
1.15821
1.14426
1.13161
1.12148
1.1136
1.10647
1.09844
1.08924
1.08086
1.0766
1.07856
1.08616
1.09721
1.10979
1.12282
1.13552
1.14677
1.1552
1.15971
1.16012
1.15711
1.15162
1.14408
1.13428
1.12193
1.10741
1.09216
1.07824
1.06756
1.06127
1.05971
1.06278
1.07023
1.08182
1.09735
1.11623
1.13676
1.15592
1.17007
1.1762
1.1729
1.16056
1.14118
1.11809
1.09521
1.07595
1.06219
1.05413
1.05103
1.05198
1.05606
1.06231
1.06973
1.07747
1.08505
1.09266
1.1013
1.11232
1.12642
1.14276
1.15917
1.17325
1.18335
1.1889
1.19007
1.18745
1.18172
1.17362
1.16398
1.15384
1.14441
1.13681
1.13176
1.12941
1.12949
1.13168
1.13598
1.14276
1.15245
1.16511
1.18016
1.19657
1.21335
1.22991
1.24602
1.26126
1.27485
1.28562
1.2923
1.29378
1.28926
1.27819
1.26017
1.23508
1.20342
1.16664
1.1275
1.08986
1.05802
1.03576
1.02561
1.0283
1.04247
1.06493
1.09152
1.11833
1.1425
1.16242
1.17745
1.18752
1.19292
1.19436
1.19296
1.19044
1.18889
1.19027
1.19575
1.20524
1.21749
1.23037
1.24114
1.24717
1.24664
1.23913
1.22563
1.20802
1.18843
1.1686
1.14965
1.13249
1.11856
1.10997
1.10814
1.11214
1.11877
1.12453
1.12755
1.12789
1.12691
1.12647
1.12822
1.13316
1.14152
1.15287
1.16645
1.18175
1.19901
1.21898
1.24195
1.2666
1.29004
1.30888
1.32034
1.32274
1.31551
1.29912
1.27499
1.24532
1.21286
1.18045
1.15054
1.12485
1.10422
1.08876
1.07796
1.07081
1.06603
1.06237
1.05905
1.05598
1.05382
1.05374
1.05701
1.06432
1.07539
1.08879
1.10276
1.11629
1.12921
1.14108
1.15067
1.15655
1.15762
1.15322
1.14334
1.12887
1.11157
1.09369
1.07745
1.06452
1.05571
1.05103
1.04984
1.05128
1.05452
1.059
1.06444
1.07066
1.07729
1.08372
1.08924
1.09347
1.09651
1.09893
1.10149
1.10487
1.10964
1.11638
1.12569
1.13803
1.15325
1.17039
1.18796
1.20442
1.21852
1.22938
1.23631
1.23867
1.23585
1.22747
1.21377
1.19636
1.17842
1.16388
1.15589
1.1554
1.16067
1.16831
1.17558
1.18168
1.18725
1.19287
1.19794
1.2006
1.19838
1.18921
1.17201
1.14675
1.1145
1.07744
1.03904
1.00367
0.975625
0.957926
0.951624
0.955815
0.968328
0.986463
1.00759
1.02953
1.05077
1.07051
1.0885
1.10485
1.11976
1.13343
1.14606
1.1578
1.16851
1.17769
1.18448
1.1879
1.18713
1.18182
1.17228
1.15953
1.14515
1.13102
1.11886
1.10984
1.10437
1.10203
1.10189
1.10295
1.10454
1.10635
1.10821
1.1097
1.11016
1.10888
1.10551
1.10024
1.09383
1.08731
1.08155
1.07686
1.0729
1.06919
1.06604
1.06505
1.06837
1.07667
1.088
1.09887
1.10668
1.1113
1.11482
1.1203
1.13035
1.14607
1.16665
1.18975
1.21216
1.23086
1.24356
1.24905
1.24704
1.23803
1.22317
1.20406
1.18259
1.16051
1.13887
1.11781
1.09748
1.07935
1.06652
1.06223
1.0678
1.08166
1.10029
1.12008
1.13845
1.1541
1.16654
1.1758
1.18245
1.18756
1.19211
1.19631
1.19954
1.20096
1.20006
1.19668
1.19087
1.18276
1.17268
1.16146
1.15054
1.14177
1.13666
1.13549
1.13709
1.13926
1.13972
1.13682
1.1298
1.11894
1.10572
1.09284
1.08395
1.08261
1.09082
1.108
1.13117
1.15608
1.1786
1.19568
1.20591
1.20956
1.20826
1.20429
1.19973
1.19576
1.19256
1.18962
1.18626
1.18199
1.17652
1.16961
1.161
1.15047
1.13821
1.12485
1.1112
1.09813
1.08647
1.07688
1.06957
1.06432
1.06105
1.06006
1.06156
1.06507
1.0697
1.07448
1.07846
1.0805
1.07947
1.07481
1.06719
1.05854
1.05138
1.04775
1.04859
1.05384
1.0631
1.0761
1.09249
1.11139
1.13114
1.14981
1.16578
1.17816
1.18661
1.191
1.19111
1.18645
1.17636
1.16027
1.13825
1.11177
1.08454
1.06217
1.05017
1.05112
1.06365
1.08394
1.10781
1.13174
1.15346
1.172
1.1876
1.20101
1.21266
1.22228
1.22893
1.2314
1.22861
1.21993
1.20545
1.18601
1.16292
1.13756
1.11147
1.08702
1.06799
1.05869
1.06169
1.07602
1.09741
1.12045
1.14105
1.15717
1.16817
1.17379
1.17406
1.16966
1.16192
1.15241
1.14245
1.13284
1.12406
1.11683
1.11277
1.11453
1.12454
1.14297
1.16674
1.19065
1.20966
1.2204
1.22146
1.21322
1.19752
1.17763
1.15788
1.14266
1.13495
1.13512
1.1411
1.14961
1.15759
1.16304
1.16539
1.16536
1.16436
1.16363
1.16354
1.16335
1.16163
1.1569
1.1485
1.13706
1.12453
1.11345
1.10588
1.10268
1.10383
1.10895
1.11757
1.12895
1.14211
1.15585
1.16873
1.17922
1.18568
1.18667
1.18121
1.16904
1.15093
1.12873
1.1053
1.08433
1.06973
1.06473
1.07078
1.08685
1.10972
1.13505
1.15881
1.17829
1.19247
1.20194
1.2084
1.21399
1.22031
1.22748
1.23382
1.23683
1.23479
1.22792
1.21825
1.20835
1.19964
1.19145
1.18163
1.16814
1.15064
1.13125
1.11425
1.10443
1.10439
1.11288
1.12586
1.13901
1.14958
1.15675
1.16095
1.16337
1.16535
1.16791
1.17128
1.17468
1.17669
1.17592
1.17187
1.16524
1.15748
1.15017
1.14426
1.13995
1.13696
1.13488
1.13338
1.13195
1.12973
1.12562
1.11875
1.10905
1.09759
1.08636
1.0777
1.07317
1.07276
1.07488
1.07742
1.07879
1.0784
1.0765
1.0737
1.0707
1.06806
1.06611
1.06504
1.06498
1.06614
1.0687
1.07268
1.07809
1.08516
1.09444
1.1066
1.12203
1.13992
1.15788
1.17288
1.18284
1.18735
1.18712
1.18305
1.17584
1.16609
1.15469
1.14273
1.13126
1.12119
1.11343
1.10868
1.10697
1.1073
1.10796
1.1072
1.10404
1.0988
1.09296
1.08854
1.08735
1.09047
1.09823
1.11056
1.12709
1.14654
1.16606
1.1817
1.18999
1.18927
1.18006
1.16468
1.14662
1.1297
1.11731
1.11177
1.11393
1.12294
1.13645
1.15131
1.16434
1.17293
1.1755
1.17161
1.162
1.14834
1.13282
1.11747
1.10373
1.09247
1.08417
1.07923
1.07805
1.08103
1.08845
1.10021
1.11579
1.13425
1.15423
1.17387
1.19099
1.2035
1.20998
1.20984
1.20343
1.19199
1.17747
1.16211
1.14789
1.13612
1.1275
1.12257
1.12198
1.12586
1.1328
1.13979
1.14378
1.14297
1.13715
1.12718
1.11438
1.10041
1.08725
1.07716
1.07216
1.07341
1.08063
1.09218
1.10561
1.11846
1.12881
1.13557
1.13835
1.13737
1.13323
1.1271
1.12059
1.11532
1.11216
1.11073
1.10973
1.10783
1.10438
1.09976
1.0953
1.09308
1.09503
1.10187
1.11265
1.12561
1.13947
1.15435
1.17138
1.19111
1.21216
1.23137
1.24534
1.2517
1.24956
1.23939
1.22279
1.20235
1.18145
1.1635
1.15058
1.1424
1.1368
1.13147
1.12557
1.12004
1.11685
1.11761
1.12261
1.13072
1.14024
1.14984
1.159
1.16769
1.17593
1.1836
1.19048
1.1964
1.20112
1.20438
1.20581
1.20499
1.20148
1.19503
1.18548
1.17284
1.15732
1.13939
1.11996
1.10056
1.08338
1.07097
1.0654
1.06731
1.07576
1.08877
1.10422
1.12035
1.13603
1.15075
1.16437
1.1765
1.18593
1.19081
1.18971
1.18254
1.17097
1.1582
1.14771
1.14141
1.13814
1.13449
1.12707
1.11466
1.09883
1.08345
1.07321
1.07169
1.07985
1.09587
1.11619
1.13708
1.1557
1.17031
1.18005
1.18472
1.18477
1.18136
1.17623
1.1714
1.16863
1.16871
1.171
1.17333
1.17292
1.16786
1.15821
1.1457
1.132
1.1176
1.1028
1.08901
1.07854
1.07328
1.07391
1.08029
1.09192
1.10777
1.12591
1.14357
1.15785
1.1665
1.16835
1.16325
1.15193
1.13571
1.11639
1.09621
1.07755
1.06224
1.05101
1.04342
1.03849
1.03542
1.03376
1.03341
1.03466
1.03826
1.04526
1.05626
1.07076
1.08739
1.10471
1.12137
1.13581
1.14607
1.15017
1.14677
1.13556
1.11741
1.09434
1.06939
1.04618
1.02806
1.01717
1.01381
1.01666
1.0234
1.03139
1.0381
1.04135
1.03967
1.03271
1.02139
1.00778
0.994607
0.984574
0.979797
0.981445
0.989673
1.00366
1.0218
1.04195
1.06161
1.07842
1.09053
1.09697
1.09772
1.09346
1.08534
1.07496
1.06452
1.05689
1.05504
1.06099
1.0749
1.09497
1.11814
1.14147
1.16316
1.18288
1.2012
1.21872
1.23538
1.25037
1.26245
1.27039
1.2733
1.27084
1.26331
1.25171
1.23762
1.22278
1.20871
1.19638
1.18608
1.17771
1.17114
1.16662
1.16489
1.16696
1.17357
1.18461
1.19885
1.21425
1.22842
1.23925
1.24524
1.24582
1.24144
1.23338
1.22305
1.21128
1.1984
1.18522
1.17363
1.16526
1.15959
1.15406
1.14604
1.13448
1.12012
1.10484
1.09093
1.08031
1.07404
1.07203
1.07316
1.07567
1.07785
1.07848
1.07719
1.07451
1.0716
1.06983
1.07015
1.07258
1.07608
1.07884
1.0788
1.07417
1.06399
1.0488
1.03111
1.01536
1.00693
1.01012
1.02596
1.05122
1.07981
1.10553
1.12409
1.13338
1.13296
1.12364
1.10763
1.0889
1.07301
1.06523
1.06773
1.0788
1.09489
1.1128
1.13023
1.1454
1.15688
1.1637
1.1654
1.16209
1.15424
1.14263
1.12841
1.11334
1.0997
1.08965
1.08431
1.08329
1.0852
1.08867
1.09293
1.09784
1.10348
1.10969
1.11604
1.12205
1.12744
1.13218
1.13661
1.14129
1.14671
1.15294
1.15941
1.16496
1.16828
1.16832
1.16447
1.15659
1.14512
1.13132
1.11725
1.10536
1.09763
1.09502
1.09738
1.10375
1.11282
1.12325
1.13393
1.14407
1.15332
1.16173
1.16967
1.17738
1.18464
1.19053
1.1938
1.19338
1.18891
1.18091
1.1705
1.15914
1.14841
1.13978
1.13405
1.13097
1.12952
1.1287
1.12808
1.128
1.12915
1.1321
1.1369
1.14312
1.15007
1.15718
1.16418
1.17111
1.17793
1.18418
1.18885
1.19098
1.19013
1.18681
1.18228
1.17797
1.17481
1.1729
1.17167
1.17039
1.16851
1.1657
1.16182
1.15709
1.15234
1.14909
1.14876
1.15176
1.15691
1.16213
1.1655
1.1661
1.16415
1.16082
1.15786
1.15713
1.16003
1.16705
1.17755
1.1899
1.20183
1.21104
1.21566
1.21469
1.20821
1.19748
1.18458
1.17185
1.16113
1.15305
1.14717
1.14243
1.1377
1.13213
1.1252
1.11676
1.10685
1.09566
1.0834
1.07044
1.057
1.043
1.02808
1.01235
0.997212
0.985353
0.979441
0.980447
0.987177
0.997795
1.01145
1.02833
1.04845
1.07054
1.09187
1.10905
1.11912
1.12048
1.1133
1.09941
1.08165
1.06305
1.04618
1.03292
1.02448
1.02123
1.02253
1.02685
1.03225
1.03712
1.0407
1.04341
1.04691
1.05369
1.06593
1.084
1.10582
1.12775
1.14646
1.16049
1.17052
1.17837
1.18562
1.19267
1.1989
1.20336
1.20544
1.20483
1.20101
1.19308
1.1803
1.16268
1.14131
1.11808
1.09531
1.07515
1.05919
1.04815
1.04191
1.03981
1.04114
1.04562
1.05351
1.0652
1.08039
1.09762
1.11439
1.1281
1.13695
1.14046
1.13939
1.13528
1.12998
1.12529
1.12274
1.12342
1.12767
1.13465
1.14218
1.14728
1.14713
1.14025
1.12719
1.11066
1.09476
1.08356
1.07964
1.08317
1.0925
1.10546
1.12038
1.13611
1.15155
1.16511
1.17474
1.17821
1.17388
1.16154
1.14296
1.12189
1.10324
1.09136
1.08807
1.09214
1.10099
1.11246
1.12468
1.13544
1.14223
1.14304
1.13715
1.12507
1.10822
1.08866
1.06904
1.05226
1.04075
1.03564
1.03629
1.0406
1.04584
1.04968
1.05101
1.05025
1.04898
1.04906
1.05166
1.05682
1.06337
1.06943
1.07307
1.07318
1.07015
1.06585
1.06272
1.06255
1.06548
1.06985
1.07294
1.07241
1.06775
1.06059
1.05377
1.04957
1.04888
1.05149
1.05701
1.06532
1.07652
1.09045
1.1063
1.12242
1.13663
1.14674
1.15104
1.14868
1.13983
1.12572
1.10864
1.09156
1.07741
1.06828
1.06501
1.06725
1.07392
1.08368
1.09523
1.10745
1.11903
1.12818
1.13281
1.13137
1.12349
1.11028
1.09416
1.07854
1.06716
1.06305
1.06749
1.07946
1.09629
1.11499
1.13334
1.15016
1.16505
1.17797
1.18893
1.19786
1.20447
1.20844
1.20956
1.20792
1.204
1.1985
1.19225
1.18601
1.18037
1.17575
1.17219
1.16919
1.16577
1.16072
1.15323
1.1434
1.13266
1.12349
1.1186
1.11965
1.12665
1.13837
1.15309
1.16891
1.18378
1.19588
1.20413
1.20831
1.20873
1.206
1.201
1.1949
1.18923
1.18533
1.18365
1.18348
1.1833
1.18158
1.17735
1.17041
1.16157
1.1524
1.14476
1.14004
1.13878
1.1407
1.14501
1.15084
1.15751
1.1647
1.17249
1.18134
1.19172
1.20364
1.21621
1.2277
1.236
1.23931
1.23676
1.22869
1.21656
1.20249
1.1886
1.17633
1.16617
1.15772
1.14996
1.14136
1.12994
1.11372
1.09141
1.06321
1.03129
0.999875
0.974332
0.959082
0.955371
0.960755
0.971036
0.982707
0.994076
1.00466
1.01429
1.02282
1.03044
1.0381
1.04733
1.05967
1.0759
1.09552
1.11675
1.13716
1.15443
1.16704
1.17435
1.17633
1.17314
1.16507
1.15262
1.13676
1.11893
1.10102
1.08504
1.07285
1.06576
1.06415
1.06764
1.0756
1.08746
1.10241
1.11907
1.13556
1.1502
1.16209
1.17108
1.17749
1.18174
1.18434
1.18603
1.18806
1.19175
1.19714
1.2022
1.20386
1.2001
1.19111
1.1792
1.16776
1.15969
1.1559
1.155
1.15461
1.15291
1.14927
1.14382
1.13695
1.12903
1.12044
1.11152
1.10313
1.09769
1.09998
1.11454
1.14008
1.16832
1.19044
1.20229
1.20415
1.19846
1.18812
1.1758
1.16362
1.15309
1.14493
1.13902
1.13455
1.13036
1.12552
1.11981
1.11377
1.10847
1.10504
1.10447
1.1076
1.11509
1.1269
1.14168
1.15694
1.16997
1.17892
1.18335
1.18416
1.18311
1.18212
1.18268
1.18545
1.19031
1.19656
1.20325
1.20944
1.2143
1.2171
1.21727
1.21461
1.2095
1.20312
1.19707
1.1926
1.19021
1.18993
1.19148
1.194
1.19589
1.19548
1.1917
1.18437
1.17405
1.16174
1.14885
1.13708
1.12839
1.12464
1.12722
1.13641
1.15111
1.16894
1.18709
1.20333
1.21653
1.22673
1.23455
1.24073
1.24564
1.24911
1.25064
1.24975
1.24645
1.24139
1.23557
1.2299
1.22475
1.22006
1.21576
1.21231
1.21075
1.21223
1.21718
1.22474
1.23289
1.23905
1.24093
1.23692
1.22633
1.20925
1.18674
1.16099
1.13569
1.11555
1.10457
1.10407
1.11252
1.1268
1.14374
1.16063
1.1753
1.18609
1.19197
1.19259
1.18823
1.17978
1.16845
1.15559
1.14248
1.13027
1.11994
1.11231
1.10773
1.1058
1.10546
1.10546
1.10505
1.10439
1.10437
1.10624
1.11098
1.11924
1.13139
1.14764
1.16785
1.19124
1.21635
1.24125
1.2638
1.28194
1.29392
1.29855
1.29532
1.28441
1.26667
1.24351
1.21667
1.18816
1.16003
1.13437
1.11316
1.09791
1.08894
1.08507
1.08441
1.08569
1.0889
1.09482
1.10393
1.11569
1.12861
1.1411
1.15262
1.16399
1.17644
1.18968
1.20146
1.20911
1.21152
1.20955
1.2052
1.20037
1.19598
1.19188
1.18741
1.18197
1.17522
1.16724
1.15873
1.15092
1.14512
1.14174
1.13974
1.13718
1.13273
1.12692
1.12197
1.12009
1.12173
1.12542
1.12931
1.13252
1.13529
1.1383
1.14194
1.14631
1.15152
1.15807
1.16648
1.17615
1.18489
1.18972
1.18836
1.18006
1.16566
1.14725
1.1275
1.10906
1.09427
1.08541
1.08461
1.09213
1.10474
1.11665
1.1228
1.1212
1.11287
1.10067
1.08789
1.07703
1.06918
1.06413
1.06124
1.06005
1.06014
1.06063
1.06027
1.05829
1.05558
1.05496
1.05996
1.07242
1.0908
1.11083
1.12792
1.13917
1.14397
1.14355
1.14037
1.1374
1.13742
1.14216
1.15155
1.16381
1.17616
1.18595
1.19145
1.19205
1.18811
1.18065
1.17105
1.16081
1.15136
1.14378
1.1386
1.13569
1.13438
1.13374
1.13304
1.13209
1.13132
1.13164
1.13391
1.13855
1.14532
1.1535
1.16225
1.17077
1.17818
1.18343
1.18537
1.18292
1.17543
1.16277
1.14551
1.12485
1.10281
1.08224
1.06657
1.05898
1.06124
1.0729
1.09151
1.11386
1.13704
1.15889
1.17766
1.19186
1.20052
1.2036
1.20225
1.19854
1.19492
1.19347
1.19505
1.19894
1.20305
1.20475
1.20187
1.19341
1.17956
1.16106
1.13875
1.1136
1.0873
1.06254
1.04253
1.02993
1.02576
1.02921
1.03793
1.04848
1.05711
1.06082
1.05859
1.05231
1.04639
1.04575
1.05289
1.06655
1.0829
1.09778
1.10813
1.11245
1.11074
1.10447
1.09628
1.08934
1.08605
1.087
1.09072
1.09475
1.09699
1.09664
1.09434
1.09165
1.09017
1.09058
1.0921
1.09298
1.0913
1.08576
1.07627
1.06416
1.05221
1.04391
1.04206
1.04757
1.05936
1.07525
1.09291
1.11053
1.12702
1.14199
1.15543
1.16728
1.17702
1.18389
1.18706
1.18605
1.18086
1.1718
1.15939
1.14448
1.12839
1.11288
1.09971
1.08998
1.0837
1.0798
1.07656
1.07228
1.06589
1.05727
1.04731
1.03755
1.02965
1.02467
1.0225
1.02176
1.02025
1.01577
1.00698
0.994053
0.97913
0.966051
0.958842
0.959316
0.965875
0.974779
0.982536
0.987455
0.989964
0.991751
0.994085
0.996584
0.997698
0.996399
0.993638
0.992479
0.996913
1.00958
1.02992
1.05427
1.07774
1.09643
1.10835
1.11338
1.11259
1.1078
1.10107
1.09455
1.09019
1.08919
1.0915
1.09615
1.10198
1.10818
1.11445
1.12072
1.12692
1.13289
1.13827
1.14248
1.14476
1.14434
1.14068
1.13374
1.12403
1.11244
1.10003
1.08764
1.07573
1.06444
1.05379
1.04402
1.03574
1.02977
1.02677
1.02676
1.02908
1.03278
1.03696
1.04095
1.04422
1.04638
1.04703
1.04584
1.04271
1.03827
1.03397
1.03145
1.0316
1.03409
1.03799
1.04267
1.04836
1.05583
1.06559
1.07728
1.08974
1.10161
1.11189
1.12004
1.12562
1.12798
1.12631
1.12016
1.10974
1.09589
1.08006
1.06415
1.05057
1.04176
1.03966
1.04511
1.0578
1.07645
1.09919
1.12366
1.14715
1.16693
1.18068
1.18689
1.18519
1.17635
1.16211
1.1448
1.12684
1.11027
1.09641
1.08595
1.07916
1.07601
1.07599
1.07805
1.08097
1.0843
1.08883
1.09599
1.10655
1.11971
1.13341
1.14545
1.15434
1.1595
1.16109
1.15976
1.15642
1.15206
1.14769
1.1442
1.14239
1.14283
1.14583
1.15142
1.15922
1.16849
1.17844
1.18828
1.1974
1.20528
1.21154
1.21597
1.2185
1.21902
1.21732
1.213
1.20562
1.19491
1.18103
1.16472
1.14739
1.13106
1.11812
1.11061
1.10936
1.1137
1.12213
1.13349
1.14724
1.16313
1.18045
1.19776
1.21309
1.22454
1.23061
1.23031
1.2233
1.21008
1.19233
1.17313
1.15669
1.147
1.14594
1.15216
1.16174
1.17017
1.17407
1.17204
1.16447
1.15299
1.13986
1.12757
1.11851
1.1147
1.11729
1.12603
1.139
1.15313
1.16546
1.1742
1.17906
1.18089
1.18085
1.17976
1.17781
1.17494
1.17126
1.16736
1.16418
1.16267
1.16356
1.16715
1.17336
1.18151
1.19024
1.19769
1.20209
1.20236
1.19831
1.19046
1.17974
1.16743
1.15498
1.14367
1.13417
1.12656
1.12055
1.11585
1.1121
1.10909
1.10699
1.10648
1.10866
1.11445
1.12409
1.13696
1.15174
1.16695
1.18143
1.19448
1.20569
1.21465
1.22069
1.22301
1.22105
1.21518
1.20709
1.1996
1.19529
1.19491
1.19694
1.19895
1.19914
1.19687
1.19223
1.18563
1.17785
1.17031
1.16514
1.1646
1.16999
1.18091
1.19526
1.20999
1.22194
1.22854
1.22814
1.22012
1.20507
1.18492
1.1627
1.14198
1.12584
1.1159
1.11173
1.11133
1.11229
1.11294
1.11292
1.11278
1.11334
1.1154
1.11977
1.12702
1.13682
1.14777
1.15802
1.16587
1.17046
1.17179
1.17058
1.16794
1.16478
1.16146
1.15782
1.15352
1.14835
1.14236
1.13578
1.12907
1.12289
1.11792
1.11472
1.1136
1.11478
1.11812
1.12293
1.12797
1.13188
1.13376
1.13331
1.13104
1.12825
1.12675
1.12817
1.13338
1.1421
1.15309
1.16466
1.17538
1.18454
1.19216
1.19858
1.20386
1.20762
1.2093
1.20843
1.20497
1.19909
1.19099
1.18078
1.16819
1.15256
1.13309
1.1095
1.08274
1.05556
1.03199
1.01581
1.00898
1.01155
1.02255
1.04056
1.06363
1.08919
1.11432
1.13615
1.15231
1.16112
1.16183
1.15485
1.1422
1.12751
1.1151
1.10798
1.10642
1.10834
1.11129
1.11389
1.1163
1.11961
1.12482
1.13196
1.13977
1.14626
1.14964
1.14904
1.14479
1.13831
1.13169
1.12706
1.12585
1.12836
1.13365
1.13992
1.14519
1.14775
1.14641
1.14072
1.1311
1.11882
1.10576
1.09405
1.08545
1.08103
1.08078
1.08355
1.08708
1.0886
1.0858
1.07796
1.06649
1.05436
1.04478
1.03988
1.04023
1.04507
1.0529
1.06189
1.0702
1.07647
1.0803
1.0825
1.08462
1.08774
1.09171
1.09536
1.09758
1.09825
1.09849
1.09999
1.10408
1.11094
1.11945
1.12768
1.13389
1.13731
1.1386
1.13948
1.14144
1.14445
1.14677
1.14624
1.14177
1.13373
1.12337
1.11196
1.10044
1.0894
1.07908
1.06941
1.06029
1.05217
1.0466
1.04604
1.05275
1.06743
1.08865
1.11329
1.13746
1.15739
1.17021
1.17433
1.16942
1.15613
1.13593
1.11125
1.08595
1.06542
1.05507
1.05744
1.07081
1.09104
1.11374
1.13499
1.15176
1.1626
1.1677
1.16821
1.16577
1.16218
1.15893
1.15677
1.15586
1.15618
1.15762
1.15979
1.16171
1.16171
1.15783
1.14836
1.13282
1.11298
1.09315
1.07871
1.07329
1.07677
1.08584
1.09624
1.1042
1.10701
1.10301
1.09173
1.07417
1.05299
1.03238
1.01713
1.01104
1.01537
1.02858
1.04725
1.06754
1.08628
1.1014
1.11179
1.11685
1.11629
1.11021
1.10003
1.08949
1.0842
1.08859
1.10263
1.1223
1.14258
1.15959
1.17099
1.17573
1.17383
1.16617
1.15422
1.1397
1.12437
1.10985
1.09775
1.08976
1.08739
1.09127
1.10016
1.11103
1.1205
1.12642
1.12842
1.12742
1.1245
1.12013
1.11416
1.10649
1.09778
1.08981
1.08488
1.08437
1.08776
1.09274
1.09665
1.09778
1.09603
1.09282
1.09036
1.09072
1.09501
1.10293
1.11289
1.12265
1.13003
1.13345
1.13206
1.12545
1.11362
1.0973
1.07848
1.06064
1.0479
1.04333
1.04782
1.06022
1.07844
1.10014
1.12303
1.14501
1.16448
1.18067
1.1936
1.20358
1.21065
1.21424
1.21347
1.20773
1.19735
1.18375
1.16906
1.15515
1.143
1.13255
1.12327
1.11476
1.10735
1.10181
1.09855
1.09693
1.09548
1.09305
1.0896
1.08635
1.08521
1.08787
1.095
1.10598
1.11911
1.13229
1.14358
1.15156
1.15539
1.15486
1.15048
1.14349
1.13575
1.12927
1.12544
1.12434
1.12524
1.12769
1.13206
1.13879
1.14727
1.1556
1.16125
1.1622
1.15759
1.14802
1.13527
1.12155
1.1085
1.09679
1.08656
1.07792
1.07111
1.06638
1.06392
1.06415
1.06813
1.07732
1.09253
1.1126
1.13431
1.1537
1.16777
1.17514
1.17589
1.17105
1.16221
1.15116
1.13972
1.12938
1.12102
1.11476
1.11024
1.10697
1.10445
1.10209
1.09916
1.09501
1.08977
1.08487
1.08297
1.08592
1.09258
1.09932
1.10323
1.1041
1.10408
1.10644
1.11446
1.13041
1.15436
1.18382
1.21446
1.24171
1.26198
1.27326
1.27525
1.26912
1.25706
1.24151
1.2244
1.20676
1.18885
1.17065
1.1524
1.13499
1.11971
1.10762
1.09882
1.09256
1.08803
1.08523
1.08499
1.0881
1.09447
1.10307
1.11253
1.12162
1.12933
1.13493
1.13823
1.13968
1.14013
1.14015
1.13965
1.13803
1.13481
1.13005
1.12452
1.11945
1.11637
1.11672
1.12159
1.13138
1.14555
1.16235
1.179
1.19227
1.1994
1.19882
1.19048
1.1758
1.15733
1.1383
1.12189
1.1104
1.10484
1.1048
1.10882
1.11479
1.12055
1.12428
1.1248
1.12174
1.11557
1.10758
1.09968
1.09417
1.09323
1.09827
1.10935
1.1249
1.14213
1.15791
1.16962
1.17581
1.17646
1.17307
1.16826
1.16476
1.16423
1.1667
1.17106
1.17586
1.17968
1.18126
1.17947
1.17343
1.16297
1.14906
1.13381
1.11996
1.10979
1.10403
1.10161
1.10021
1.09731
1.09102
1.08061
1.06678
1.0518
1.039
1.03162
1.03162
1.03892
1.05179
1.06792
1.08572
1.10488
1.12603
1.14939
1.17384
1.19704
1.21658
1.23101
1.24003
1.24405
1.24368
1.23943
1.23176
1.22134
1.20914
1.19642
1.18445
1.17415
1.16588
1.15952
1.15479
1.15158
1.15022
1.15153
1.15649
1.1656
1.17869
1.19492
1.21305
1.23134
1.24753
1.25911
1.26408
1.26176
1.25301
1.23979
1.22439
1.20864
1.19378
1.18067
1.17021
1.16336
1.1609
1.16298
1.16904
1.17791
1.18829
1.19881
1.20818
1.21513
1.21864
1.21827
1.21444
1.20836
1.20157
1.19538
1.19065
1.18795
1.18788
1.19077
1.19622
1.20278
1.20831
1.21059
1.20808
1.20049
1.18914
1.17694
1.16782
1.16533
1.17082
1.18246
1.1962
1.20768
1.21394
1.21394
1.20825
1.19835
1.1859
1.17214
1.15773
1.14299
1.12861
1.1161
1.10763
1.10497
1.10828
1.11584
1.12501
1.13338
1.13946
1.14289
1.14414
1.14411
1.1439
1.14468
1.14742
1.15243
1.15887
1.16468
1.16729
1.16473
1.15661
1.14427
1.13027
1.11731
1.10732
1.10097
1.09797
1.0977
1.0998
1.10433
1.11156
1.12152
1.13348
1.14589
1.15665
1.16371
1.16564
1.16199
1.15344
1.14166
1.12903
1.11867
1.1142
1.11811
1.1297
1.14546
1.16156
1.17554
1.18644
1.19424
1.19944
1.20258
1.20406
1.20414
1.20304
1.20103
1.19859
1.19642
1.19521
1.19533
1.19666
1.19875
1.20118
1.20381
1.20674
1.21009
1.21394
1.21816
1.2225
1.22649
1.22941
1.23014
1.22725
1.21916
1.20478
1.18405
1.15838
1.13088
1.1059
1.08795
1.0803
1.084
1.09781
1.11889
1.14383
1.16959
1.19393
1.21537
1.23277
1.24523
1.25233
1.2545
1.25312
1.25011
1.24704
1.24452
1.24213
1.23878
1.23323
1.22452
1.21223
1.19651
1.17802
1.15781
1.13721
1.11781
1.10142
1.08977
1.08398
1.08421
1.08979
1.09954
1.11199
1.12547
1.13809
1.14791
1.15314
1.15235
1.14477
1.13063
1.11145
1.09013
1.07023
1.0548
1.04519
1.04084
1.04007
1.04115
1.04289
1.04455
1.04547
1.04487
1.04189
1.03586
1.0267
1.01546
1.0048
0.998388
0.99916
1.00752
1.02139
1.0379
1.05496
1.07176
1.0885
1.10572
1.12362
1.14158
1.15839
1.17263
1.18309
1.18908
1.19046
1.18744
1.18052
1.17054
1.15879
1.14697
1.13671
1.12882
1.12309
1.11863
1.11464
1.11098
1.10817
1.10693
1.10749
1.10951
1.11234
1.11524
1.11745
1.11807
1.11616
1.1108
1.10135
1.08774
1.07078
1.05219
1.03422
1.0192
1.00901
1.00474
1.00649
1.01365
1.02522
1.04002
1.05694
1.07507
1.09382
1.1127
1.13093
1.14746
1.16141
1.17242
1.18062
1.18587
1.18755
1.18483
1.17751
1.16664
1.1544
1.14345
1.13594
1.1329
1.13417
1.13868
1.14473
1.15049
1.15432
1.15503
1.15224
1.14651
1.1392
1.13202
1.12633
1.12271
1.1209
1.12014
1.11964
1.1188
1.11709
1.11382
1.10802
1.09861
1.08497
1.06747
1.04765
1.02807
1.0115
1.00006
0.994715
0.995422
1.00215
1.01578
1.03736
1.06587
1.09731
1.12645
1.14873
1.16073
1.1599
1.14502
1.11777
1.08452
1.05524
1.03795
1.03374
1.03847
1.0475
1.05771
1.0674
1.07573
1.08243
1.08738
1.09054
1.09226
1.09377
1.09699
1.1034
1.11304
1.12462
1.13639
1.14679
1.15461
1.15892
1.15924
1.15582
1.14975
1.1429
1.13741
1.13503
1.13651
1.14144
1.14851
1.15596
1.162
1.16521
1.16466
1.16012
1.15212
1.14194
1.13139
1.12249
1.11711
1.11642
1.12069
1.12921
1.14063
1.15354
1.16684
1.17979
1.19173
1.20182
1.20897
1.21214
1.21067
1.20452
1.19445
1.18188
1.16864
1.15656
1.14714
1.14137
1.13957
1.14134
1.1455
1.1502
1.15335
1.153
1.14805
1.13855
1.12587
1.11259
1.10214
1.09788
1.10157
1.1123
1.127
1.14228
1.15548
1.16466
1.16833
1.16551
1.15624
1.14173
1.12442
1.10766
1.09491
1.08852
1.08888
1.09481
1.1046
1.11681
1.13018
1.14298
1.15259
1.15629
1.15259
1.14216
1.12765
1.11263
1.10045
1.09351
1.093
1.09889
1.11019
1.12526
1.14199
1.15824
1.1724
1.18397
1.19323
1.20013
1.20327
1.20058
1.19083
1.17473
1.15497
1.13545
1.1202
1.112
1.11127
1.11599
1.12283
1.12858
1.13126
1.13039
1.12666
1.12155
1.11697
1.11497
1.11722
1.1245
1.13632
1.15105
1.16644
1.18032
1.19119
1.19829
1.20158
1.20146
1.19866
1.19427
1.18984
1.18698
1.18654
1.188
1.18945
1.18844
1.18312
1.17285
1.15825
1.14067
1.12154
1.10215
1.08398
1.06908
1.05967
1.0569
1.05984
1.06588
1.07205
1.07641
1.07871
1.08008
1.08208
1.08612
1.09297
1.10265
1.11421
1.12566
1.13434
1.1374
1.13303
1.12202
1.10872
1.09881
1.09476
1.09428
1.09393
1.09231
1.08982
1.08703
1.08376
1.07928
1.07304
1.06526
1.05699
1.04974
1.04489
1.04338
1.04571
1.05189
1.06119
1.07233
1.08381
1.09434
1.1029
1.10892
1.11244
1.11422
1.1154
1.11702
1.11969
1.12345
1.12792
1.13229
1.13542
1.13601
1.13297
1.12581
1.11484
1.10124
1.0868
1.0738
1.06454
1.0611
1.06489
1.07605
1.09292
1.1123
1.13063
1.14534
1.15539
1.16085
1.16226
1.16018
1.1551
1.1475
1.13776
1.12595
1.11191
1.09576
1.07861
1.06249
1.04968
1.04173
1.03927
1.0423
1.05034
1.06202
1.07492
1.08616
1.09365
1.09711
1.09819
1.09971
1.1039
1.11094
1.119
1.1256
1.12877
1.12752
1.12207
1.11403
1.10606
1.101
1.10058
1.10469
1.11148
1.11851
1.12385
1.12663
1.12706
1.12613
1.12525
1.12568
1.12802
1.13196
1.13657
1.14091
1.14449
1.14713
1.14881
1.14955
1.14957
1.14929
1.14938
1.15052
1.15325
1.15781
1.16394
1.17093
1.17779
1.18341
1.18675
1.18705
1.18386
1.17702
1.1667
1.15346
1.13854
1.12394
1.11243
1.1068
1.10892
1.11881
1.13437
1.15193
1.16739
1.17764
1.18142
1.17946
1.17411
1.16848
1.16543
1.16657
1.17162
1.17875
1.18553
1.18981
1.19015
1.18577
1.1763
1.16179
1.14313
1.12232
1.1023
1.08582
1.07462
1.06941
1.07039
1.07752
1.0903
1.10758
1.12767
1.14851
1.16794
1.18399
1.19504
1.20001
1.19841
1.1905
1.17743
1.16122
1.14448
1.12995
1.11972
1.11475
1.11465
1.11785
1.12193
1.12409
1.12222
1.11574
1.10577
1.09406
1.0819
1.06986
1.0584
1.04827
1.04041
1.03563
1.0345
1.03732
1.0441
1.05442
1.06742
1.08194
1.09669
1.11046
1.12228
1.13141
1.13735
1.1398
1.13872
1.13471
1.12933
1.12503
1.12415
1.12759
1.13452
1.14316
1.15181
1.15915
1.16405
1.16534
1.1622
1.15507
1.14622
1.13876
1.13447
1.13287
1.13265
1.13345
1.13627
1.14215
1.15089
1.16072
1.16927
1.17494
1.17744
1.17737
1.17541
1.17207
1.16793
1.16378
1.16036
1.15799
1.15629
1.15438
1.15134
1.14662
1.14008
1.13183
1.12205
1.11103
1.09966
1.08965
1.08298
1.08077
1.08247
1.08642
1.09088
1.09434
1.09539
1.09279
1.08625
1.07723
1.06869
1.06371
1.0636
1.06755
1.07392
1.0817
1.09064
1.10028
1.10956
1.117
1.12119
1.12114
1.11672
1.10891
1.09942
1.09008
1.08225
1.07648
1.07271
1.07058
1.0699
1.0708
1.07354
1.07825
1.08467
1.09216
1.09995
1.10758
1.11543
1.12453
1.13557
1.14795
1.16024
1.1713
1.18057
1.18757
1.19165
1.19226
1.18945
1.18398
1.17685
1.1687
1.15947
1.14881
1.13665
1.12352
1.11036
1.09794
1.0866
1.0766
1.06874
1.06464
1.06624
1.0747
1.08935
1.10768
1.12621
1.14181
1.15252
1.15771
1.15781
1.15379
1.14693
1.13839
1.12901
1.11931
1.10978
1.10135
1.09531
1.09258
1.09312
1.09645
1.1024
1.11123
1.12302
1.13723
1.15275
1.16813
1.18192
1.19266
1.19904
1.20016
1.19569
1.18611
1.17263
1.1568
1.14008
1.12362
1.10836
1.09539
1.08598
1.08092
1.0797
1.08072
1.08223
1.08321
1.08341
1.08304
1.08241
1.0817
1.08095
1.0804
1.08096
1.08418
1.09173
1.10433
1.12117
1.13999
1.15782
1.1719
1.18036
1.18255
1.17899
1.17109
1.16064
1.14945
1.13918
1.13122
1.12632
1.12448
1.12511
1.12729
1.13007
1.13279
1.13525
1.13784
1.14135
1.14667
1.15441
1.16449
1.17607
1.18779
1.19808
1.2056
1.20947
1.20934
1.20536
1.19791
1.18753
1.17477
1.16035
1.14525
1.13107
1.12007
1.11474
1.11652
1.12454
1.13575
1.14618
1.15253
1.15308
1.14777
1.13783
1.12533
1.11283
1.10278
1.09695
1.09579
1.09866
1.10466
1.11345
1.12493
1.13819
1.15116
1.1616
1.16835
1.1716
1.17239
1.17188
1.17079
1.16917
1.1666
1.16246
1.15626
1.14793
1.13811
1.12806
1.11935
1.11322
1.11022
1.11012
1.11216
1.11533
1.11861
1.12147
1.12401
1.12695
1.13111
1.13684
1.14346
1.14931
1.15221
1.15046
1.14373
1.13352
1.12277
1.11464
1.11114
1.11224
1.11622
1.12065
1.12356
1.12421
1.12343
1.12335
1.12668
1.13551
1.15017
1.16884
1.18798
1.20362
1.21264
1.21368
1.20737
1.19592
1.18205
1.16818
1.15583
1.14573
1.13827
1.13372
1.1322
1.13353
1.13702
1.14165
1.14652
1.15108
1.15511
1.15832
1.15999
1.15895
1.15388
1.14404
1.12995
1.11378
1.0988
1.08797
1.08248
1.08163
1.08402
1.08881
1.09605
1.10592
1.11782
1.13015
1.14094
1.14865
1.15244
1.15209
1.14764
1.13947
1.12855
1.11651
1.10527
1.09643
1.09079
1.08819
1.08763
1.08771
1.08718
1.08535
1.0825
1.07975
1.07864
1.08041
1.08543
1.09303
1.10176
1.10985
1.11569
1.1181
1.11669
1.11217
1.10641
1.10203
1.10159
1.10661
1.11713
1.13203
1.14945
1.16725
1.18302
1.19429
1.19896
1.1959
1.18527
1.16884
1.14983
1.13228
1.12005
1.11534
1.11733
1.12237
1.12603
1.12568
1.12129
1.11454
1.10757
1.10215
1.09915
1.09832
1.09838
1.09738
1.09352
1.08633
1.07754
1.07108
1.07147
1.08112
1.09851
1.11897
1.13746
1.15066
1.15742
1.1584
1.1555
1.15139
1.14883
1.14999
1.15579
1.16563
1.17771
1.18961
1.19882
1.20323
1.20136
1.1926
1.17739
1.15711
1.13385
1.11006
1.08809
1.06963
1.05558
1.04622
1.04134
1.04027
1.04175
1.04393
1.04497
1.0437
1.04013
1.03542
1.03165
1.03115
1.03584
1.04645
1.06205
1.08036
1.09846
1.11362
1.12387
1.12825
1.12704
1.12179
1.11498
1.10898
1.10501
1.10305
1.10264
1.10342
1.10501
1.10694
1.10891
1.11121
1.11477
1.12076
1.12969
1.14092
1.15273
1.16306
1.17033
1.17376
1.17333
1.16948
1.16276
1.1538
1.14333
1.13213
1.12095
1.11044
1.10112
1.09329
1.08708
1.08243
1.07931
1.07786
1.07854
1.08207
1.0892
1.10048
1.11586
1.13423
1.1532
1.16972
1.18119
1.18626
1.18509
1.17911
1.17025
1.16011
1.14938
1.13809
1.12607
1.11322
1.09948
1.08488
1.0699
1.0557
1.04427
1.03771
1.03721
1.04211
1.05012
1.05839
1.06487
1.06901
1.07173
1.07487
1.08035
1.08956
1.1028
1.11886
1.13515
1.14858
1.15661
1.15814
1.15347
1.1439
1.13114
1.11714
1.10411
1.09445
1.09047
1.09349
1.10298
1.11631
1.12983
1.14058
1.14735
1.15076
1.15242
1.15397
1.15632
1.15939
1.16234
1.1642
1.16439
1.16307
1.16104
1.15959
1.1599
1.16238
1.16646
1.17096
1.17446
1.17581
1.17421
1.16938
1.16154
1.1514
1.14002
1.12882
1.11923
1.11224
1.10797
1.10568
1.10441
1.10359
1.10324
1.1036
1.10475
1.10662
1.10925
1.11279
1.11727
1.12229
1.12719
1.13139
1.13447
1.13564
1.13372
1.12763
1.11715
1.10323
1.08784
1.07359
1.06311
1.05823
1.05906
1.0641
1.07112
1.07854
1.08602
1.09401
1.10259
1.11078
1.11691
1.1196
1.11859
1.11482
1.10992
1.10527
1.1014
1.09793
1.09396
1.08832
1.07994
1.06833
1.05401
1.03875
1.02518
1.01593
1.01276
1.0161
1.02531
1.03915
1.05622
1.07529
1.09543
1.11612
1.13701
1.15781
1.17813
1.19739
1.21481
1.2294
1.2401
1.24603
1.24661
1.24176
1.23181
1.21714
1.19775
1.17304
1.14242
1.10628
1.06709
1.02963
1.00029
0.985208
0.987918
1.00777
1.0403
1.07947
1.11967
1.15652
1.18676
1.20805
1.21899
1.21947
1.21081
1.19576
1.17752
1.15862
1.14032
1.12329
1.10872
1.09846
1.09412
1.09587
1.10216
1.11048
1.11835
1.12401
1.12641
1.12492
1.11911
1.10869
1.0939
1.07604
1.05771
1.04217
1.03226
1.02946
1.03345
1.04252
1.05447
1.06742
1.07996
1.09121
1.10074
1.10849
1.11448
1.11861
1.12068
1.12067
1.11902
1.11678
1.11531
1.11579
1.1186
1.12316
1.12832
1.13299
1.13669
1.13971
1.14285
1.14704
1.15281
1.16012
1.16861
1.17816
1.18925
1.20273
1.21897
1.23695
1.25453
1.26935
1.27974
1.28478
1.28404
1.27723
1.26396
1.24391
1.21732
1.18569
1.15241
1.12232
1.10013
1.08851
1.08759
1.09573
1.11046
1.12899
1.14852
1.16659
1.18153
1.19262
1.20002
1.20462
1.20758
1.20975
1.21122
1.2113
1.20892
1.20315
1.19359
1.18053
1.16515
1.14953
1.1364
1.12831
1.12654
1.13053
1.1383
1.14749
1.15629
1.16363
1.16921
1.1734
1.1771
1.18129
1.18672
1.19344
1.20066
1.20696
1.21074
1.21054
1.20546
1.19532
1.18077
1.16342
1.1456
1.13005
1.11926
1.11491
1.11742
1.12588
1.13835
1.15244
1.16589
1.17699
1.18487
1.18929
1.19032
1.18786
1.18149
1.17104
1.1574
1.14297
1.13109
1.12467
1.12477
1.13024
1.13902
1.14959
1.16159
1.17512
1.18974
1.20403
1.21605
1.22409
1.22711
1.22471
1.21693
1.20437
1.18842
1.17163
1.15737
1.14892
1.14806
1.15411
1.16424
1.17467
1.1822
1.18506
1.18322
1.17803
1.17169
1.16649
1.16417
1.16531
1.16923
1.17426
1.1783
1.17944
1.17643
1.1689
1.15759
1.1444
1.13212
1.1239
1.12251
1.12931
1.14347
1.16204
1.18129
1.19818
1.21066
1.21711
1.21625
1.20765
1.19216
1.17175
1.14934
1.12839
1.11239
1.10401
1.10409
1.11119
1.12219
1.13354
1.1424
1.14705
1.14681
1.14186
1.13316
1.12232
1.11141
1.1025
1.09702
1.09552
1.09771
1.10293
1.11043
1.11941
1.12889
1.13778
1.14506
1.14991
1.15184
1.15066
1.14649
1.13974
1.13116
1.12184
1.11315
1.10632
1.10205
1.10033
1.10062
1.1022
1.10462
1.10786
1.11231
1.1185
1.12684
1.13739
1.14976
1.16309
1.17604
1.18693
1.19413
1.19649
1.19379
1.18671
1.17633
1.16362
1.1492
1.13353
1.1173
1.10154
1.08745
1.07575
1.06615
1.05719
1.04687
1.03374
1.01798
1.00184
0.989088
0.983685
0.987881
1.00097
1.01937
1.03821
1.05347
1.06315
1.06763
1.06896
1.06975
1.07203
1.07647
1.08247
1.08883
1.09438
1.09849
1.10113
1.10296
1.10524
1.10939
1.11642
1.1264
1.13836
1.15052
1.1609
1.16791
1.1709
1.17026
1.16702
1.16198
1.15523
1.14638
1.13502
1.12123
1.10565
1.08951
1.0745
1.06237
1.05441
1.05093
1.05135
1.05468
1.06032
1.06842
1.07968
1.09465
1.11321
1.13449
1.15733
1.18061
1.20334
1.22471
1.24403
1.26072
1.27401
1.28291
1.28624
1.28298
1.27263
1.25546
1.23259
1.20598
1.17844
1.15337
1.134
1.122
1.11648
1.11435
1.11193
1.10692
1.09947
1.09204
1.08816
1.09036
1.09857
1.11019
1.12148
1.12933
1.13226
1.13073
1.1269
1.12403
1.12526
1.13231
1.14486
1.16075
1.17696
1.19067
1.20022
1.20559
1.20817
1.20951
1.21025
1.2099
1.20747
1.20225
1.19409
1.18331
1.17044
1.156
1.14035
1.12383
1.10687
1.09028
1.07524
1.06304
1.05471
1.05069
1.05077
1.05425
1.06008
1.06691
1.0733
1.07792
1.07971
1.07802
1.07268
1.06421
1.05387
1.04351
1.03499
1.02949
1.02731
1.02825
1.03212
1.03906
1.0494
1.06314
1.07953
1.0971
1.11405
1.12866
1.13965
1.14625
1.14811
1.1454
1.13894
1.13031
1.12192
1.11652
1.11645
1.12277
1.13503
1.15167
1.17093
1.19144
1.21234
1.23284
1.25168
1.26705
1.27711
1.28044
1.27632
1.26461
1.24569
1.22037
1.18998
1.15644
1.12233
1.0908
1.06523
1.04855
1.04231
1.04559
1.05496
1.06612
1.07589
1.08307
1.08793
1.09131
1.09392
1.09613
1.09815
1.10047
1.10405
1.11013
1.11945
1.13159
1.14478
1.15647
1.16419
1.1664
1.16278
1.15402
1.14133
1.12605
1.10955
1.09329
1.07903
1.06894
1.06532
1.07005
1.08396
1.10637
1.135
1.16621
1.1957
1.21942
1.23436
1.23917
1.23418
1.22088
1.20107
1.17624
1.14772
1.11745
1.08815
1.06272
1.04301
1.02938
1.02119
1.01776
1.01889
1.02494
1.03624
1.05225
1.07121
1.09071
1.10871
1.12429
1.13753
1.14902
1.15921
1.16834
1.17664
1.18453
1.19259
1.2011
1.20971
1.21732
1.2223
1.22297
1.21809
1.20706
1.18999
1.16772
1.14173
1.11431
1.08867
1.06871
1.0581
1.05898
1.07093
1.09099
1.11478
1.13785
1.15678
1.16939
1.17458
1.17201
1.1619
1.14526
1.12414
1.10155
1.081
1.06553
1.05703
1.05587
1.06117
1.07143
1.08517
1.10121
1.11825
1.13466
1.14864
1.15879
1.16445
1.1658
1.16372
1.15954
1.15493
1.15163
1.15122
1.15461
1.16156
1.17058
1.17944
1.18594
1.18858
1.18684
1.18104
1.17202
1.16075
1.14819
1.1352
1.12267
1.11154
1.10262
1.09641
1.09292
1.09148
1.09085
1.08979
1.08775
1.08538
1.08393
1.08405
1.08482
1.08435
1.08131
1.07647
1.07291
1.07482
1.08538
1.10508
1.13147
1.16013
1.18625
1.20585
1.21636
1.21652
1.2063
1.18708
1.16173
1.13409
1.10782
1.08545
1.06852
1.05778
1.05321
1.05392
1.05843
1.06566
1.07559
1.08888
1.10523
1.12252
1.13792
1.14956
1.15738
1.16286
1.16805
1.17432
1.18169
1.18914
1.19555
1.20015
1.2024
1.20153
1.19658
1.18704
1.17347
1.15753
1.14155
1.1279
1.11872
1.1156
1.11894
1.12746
1.13863
1.14981
1.15937
1.16696
1.17314
1.17875
1.18441
1.19018
1.1954
1.19891
1.19942
1.19607
1.18896
1.17921
1.1687
1.15933
1.15217
1.14681
1.1416
1.13429
1.12317
1.10784
1.08968
1.07163
1.05736
1.05007
1.05173
1.0627
1.08183
1.1067
1.13444
1.16246
1.1887
1.21143
1.22887
1.23917
1.24077
1.23292
1.216
1.19155
1.16203
1.13034
1.09915
1.0704
1.04529
1.02444
1.00814
0.996399
0.98901
0.985551
0.985447
0.98822
0.993767
1.00246
1.01486
1.03123
1.05097
1.07243
1.0932
1.11065
1.12274
1.12861
1.12896
1.12589
1.12235
1.12096
1.12287
1.12729
1.13209
1.1352
1.13611
1.13637
1.13888
1.14586
1.15727
1.17074
1.18312
1.19184
1.19556
1.19409
1.18829
1.17999
1.1719
1.16694
1.16706
1.17211
1.17978
1.18656
1.189
1.18478
1.17315
1.15506
1.13319
1.1115
1.09418
1.08397
1.08092
1.08276
1.08652
1.09003
1.09215
1.09244
1.09082
1.08774
1.08435
1.08252
1.08431
1.09096
1.10259
1.1184
1.13692
1.15608
1.17345
1.1866
1.19363
1.19324
1.18502
1.1699
1.15124
1.13491
1.12659
1.12753
1.13372
1.1396
1.14159
1.13872
1.13179
1.12235
1.11182
1.10115
1.09091
1.08159
1.07355
1.06702
1.06235
1.06048
1.06285
1.07046
1.08304
1.09888
1.11559
1.13105
1.14405
1.15427
1.16195
1.16743
1.17097
1.17274
1.17301
1.17231
1.17131
1.17065
1.17062
1.17108
1.17147
1.171
1.16879
1.1641
1.15644
1.14576
1.13249
1.11754
1.10219
1.08775
1.07516
1.06482
1.05659
1.05016
1.04539
1.04243
1.04172
1.04373
1.04875
1.05671
1.06712
1.07898
1.09087
1.10118
1.10831
1.11106
1.10904
1.10283
1.09403
1.08503
1.07863
1.07758
1.08341
1.09539
1.11025
1.12365
1.13198
1.13328
1.1272
1.11461
1.09745
1.07878
1.06257
1.0527
1.05165
1.05992
1.07636
1.09871
1.12383
1.1485
1.17062
1.18967
1.20584
1.21859
1.22646
1.22796
1.22249
1.21065
1.19422
1.17599
1.15897
1.14501
1.13393
1.12417
1.1142
1.10358
1.09344
1.08623
1.08481
1.09045
1.10083
1.11082
1.11529
1.11119
1.0978
1.07598
1.04748
1.01473
0.981149
0.951493
0.931442
0.926011
0.937474
0.964361
1.00234
1.04572
1.08871
1.12633
1.15534
1.17482
1.186
1.19114
1.19221
1.19023
1.18559
1.17881
1.1708
1.16263
1.15504
1.14824
1.14194
1.13556
1.12855
1.1206
1.11191
1.1031
1.09516
1.08914
1.08578
1.08516
1.0866
1.08901
1.09122
1.0925
1.0926
1.09158
1.08924
1.08491
1.07773
1.06752
1.05548
1.04409
1.03633
1.03464
1.04025
1.05306
1.07186
1.09472
1.11943
1.14372
1.16546
1.18273
1.19405
1.19862
1.19681
1.19034
1.18164
1.17252
1.16328
1.15298
1.1406
1.12609
1.11074
1.09711
1.08807
1.0856
1.08999
1.10006
1.11386
1.12924
1.14397
1.15577
1.16234
1.16153
1.15178
1.13266
1.10523
1.07218
1.03759
1.00624
0.982301
0.967751
0.961878
0.962652
0.968648
0.979705
0.996007
1.01685
1.04019
1.06325
1.08355
1.09955
1.11079
1.11768
1.12115
1.12238
1.12255
1.12259
1.12313
1.1244
1.12622
1.12813
1.12973
1.13085
1.13171
1.13271
1.13423
1.13633
1.13866
1.14037
1.14013
1.1364
1.12798
1.11464
1.09755
1.07922
1.0629
1.05175
1.04806
1.0527
1.06509
1.08332
1.10473
1.1265
1.146
1.16112
1.17025
1.17248
1.16768
1.15681
1.14215
1.12719
1.11586
1.11087
1.11238
1.11824
1.12561
1.13244
1.13821
1.14355
1.14907
1.1539
1.15554
1.15158
1.14147
1.12689
1.11097
1.09713
1.08832
1.08621
1.09059
1.09945
1.11037
1.12213
1.13518
1.15048
1.16777
1.18483
1.19823
1.20469
1.20214
1.19022
1.17035
1.14567
1.12085
1.1011
1.08965
1.08532
1.08342
1.07958
1.07247
1.06402
1.05737
1.05482
1.05679
1.06244
1.07094
1.08202
1.09544
1.11041
1.12539
1.13856
1.14839
1.15391
1.15489
1.15163
1.14478
1.13511
1.12359
1.11147
1.10035
1.09218
1.08885
1.09179
1.10175
1.11857
1.14104
1.1668
1.19246
1.21455
1.23039
1.23872
1.2396
1.23398
1.22319
1.20853
1.19124
1.17291
1.1555
1.14063
1.12881
1.11997
1.1146
1.114
1.11896
1.1285
1.14002
1.15041
1.15729
1.15974
1.15828
1.15457
1.15079
1.14889
1.15006
1.15451
1.16144
1.16948
1.17732
1.18442
1.19109
1.19774
1.20397
1.20829
1.2088
1.20422
1.19485
1.18251
1.16989
1.1594
1.15273
1.15077
1.15375
1.16097
1.17074
1.18079
1.18909
1.19439
1.19636
1.1954
1.19238
1.18846
1.18494
1.18302
1.18344
1.18631
1.19101
1.19637
1.20096
1.20327
1.20205
1.1968
1.18816
1.17779
1.16761
1.15864
1.15023
1.14065
1.12835
1.11319
1.09667
1.08131
1.06929
1.06159
1.05777
1.0567
1.05763
1.06051
1.06575
1.07357
1.08341
1.094
1.10361
1.11074
1.11486
1.11676
1.11836
1.12196
1.12918
1.14016
1.15332
1.16582
1.17459
1.17736
1.17332
1.16341
1.14996
1.13623
1.12545
1.12001
1.12089
1.12762
1.13845
1.15071
1.16137
1.16791
1.16913
1.1657
1.15999
1.15521
1.15418
1.15834
1.16753
1.18034
1.19453
1.20735
1.21592
1.21804
1.21327
1.20366
1.19336
1.18682
1.18667
1.19279
1.20313
1.215
1.22585
1.23351
1.23641
1.23372
1.22544
1.21226
1.19529
1.17564
1.15429
1.13214
1.11009
1.08916
1.07039
1.05458
1.04207
1.0324
1.02443
1.01699
1.00975
1.00375
1.00132
1.00546
1.01901
1.04345
1.07765
1.11755
1.15755
1.19254
1.21903
1.23492
1.23894
1.23043
1.21025
1.18298
1.15854
1.14775
1.15292
1.16661
1.18032
1.19008
1.19545
1.19722
1.19633
1.19353
1.18916
1.1831
1.17523
1.16598
1.15675
1.14962
1.14665
1.14879
1.1555
1.1652
1.17628
1.18767
1.19863
1.20843
1.21621
1.22127
1.22328
1.22232
1.21872
1.21287
1.205
1.19509
1.18297
1.16843
1.15152
1.13266
1.11272
1.09286
1.07421
1.05771
1.04427
1.03487
1.03052
1.03167
1.03769
1.04701
1.05784
1.06939
1.08241
1.09843
1.11769
1.13805
1.1561
1.16904
1.17562
1.17589
1.17034
1.15938
1.14335
1.12313
1.10081
1.07993
1.0649
1.05941
1.06448
1.07788
1.09536
1.11277
1.12731
1.13766
1.14344
1.14482
1.14222
1.1363
1.12784
1.11774
1.1069
1.09615
1.08617
1.07761
1.07108
1.06727
1.0668
1.06997
1.07649
1.0855
1.09574
1.10582
1.11421
1.11957
1.12114
1.11926
1.11528
1.11094
1.10758
1.1059
1.10618
1.10882
1.11426
1.12265
1.13346
1.14565
1.15813
1.16999
1.18051
1.18895
1.19441
1.19589
1.19263
1.18434
1.1715
1.15528
1.13727
1.11889
1.10111
1.0844
1.06938
1.05743
1.05093
1.05265
1.06416
1.08421
1.10876
1.13323
1.15455
1.17156
1.18412
1.19236
1.19653
1.1972
1.19522
1.19164
1.18749
1.18357
1.18019
1.17701
1.17285
1.16604
1.15516
1.14011
1.12287
1.10743
1.09835
1.09867
1.10863
1.12607
1.14771
1.17005
1.18996
1.20492
1.21332
1.21464
1.20939
1.19887
1.18487
1.16947
1.15472
1.14235
1.1335
1.12846
1.12666
1.12679
1.12716
1.126
1.12205
1.11527
1.10732
1.101
1.09849
1.10024
1.10577
1.11498
1.12833
1.146
1.16712
1.18986
1.21203
1.23166
1.24717
1.25727
1.26089
1.25728
1.24634
1.22899
1.20751
1.18545
1.1666
1.15326
1.14514
1.14024
1.13667
1.13361
1.13097
1.12863
1.12581
1.12125
1.11392
1.10401
1.09348
1.08568
1.08384
1.08946
1.10182
1.1189
1.13833
1.15795
1.17599
1.19111
1.20259
1.21044
1.21535
1.21813
1.21892
1.21678
1.21033
1.19902
1.1842
1.16908
1.15715
1.15027
1.14802
1.14896
1.15196
1.15647
1.16227
1.16908
1.17656
1.18446
1.19248
1.20019
1.20696
1.21204
1.21462
1.21389
1.20915
1.1999
1.18625
1.16944
1.15225
1.13824
1.13005
1.12777
1.1288
1.12907
1.12466
1.11344
1.09636
1.07787
1.06422
1.05977
1.06433
1.07427
1.08551
1.0952
1.10185
1.1051
1.10555
1.1044
1.10283
1.10151
1.10072
1.10081
1.10267
1.10762
1.1167
1.13001
1.14641
1.16391
1.18027
1.19365
1.20283
1.20735
1.20745
1.20375
1.19701
1.18764
1.17556
1.16022
1.14105
1.11846
1.0954
1.07764
1.07068
1.0746
1.08401
1.09345
1.10116
1.10864
1.11842
1.13215
1.14947
1.16797
1.18423
1.19505
1.19833
1.19316
1.17965
1.15889
1.1332
1.10644
1.08358
1.06941
1.06683
1.07576
1.09342
1.11592
1.13969
1.16226
1.18202
1.19797
1.20951
1.21644
1.21905
1.21795
1.214
1.20807
1.20081
1.19249
1.18302
1.17215
1.1601
1.14822
1.13902
1.13468
1.13481
1.13628
1.13574
1.13201
1.12606
1.11961
1.114
1.11017
1.109
1.11139
1.11803
1.12913
1.14429
1.16244
1.18204
1.2013
1.21833
1.23149
1.23964
1.24257
1.24127
1.23773
1.23425
1.23229
1.23166
1.23068
1.22697
1.21851
1.2044
1.18528
1.16328
1.14141
1.12251
1.10842
1.09986
1.09673
1.09868
1.10521
1.1155
1.12805
1.14083
1.15208
1.16127
1.16914
1.17686
1.185
1.1932
1.20046
1.2055
1.20708
1.20424
1.19663
1.18469
1.1696
1.15305
1.13688
1.12289
1.11271
1.1078
1.10907
1.11657
1.12914
1.14461
1.16047
1.17465
1.18598
1.1942
1.19952
1.20233
1.20297
1.20174
1.1989
1.19471
1.18947
1.18346
1.17673
1.16905
1.16007
1.14975
1.13885
1.12938
1.12407
1.12499
1.13218
1.14361
1.15625
1.16745
1.17541
1.17911
1.17824
1.17329
1.16577
1.15795
1.1517
1.14744
1.14426
1.14109
1.13761
1.13422
1.13157
1.13022
1.1305
1.13232
1.13496
1.13694
1.13626
1.1311
1.12105
1.10843
1.0987
1.0981
1.10925
1.12938
1.15292
1.17499
1.19254
1.20399
1.2089
1.20781
1.20211
1.19378
1.18474
1.17625
1.16861
1.16123
1.15305
1.14291
1.13005
1.11443
1.09681
1.07854
1.06105
1.04559
1.03297
1.02364
1.01795
1.01638
1.01935
1.02685
1.03799
1.05093
1.06339
1.0734
1.07987
1.08291
1.08337
1.0823
1.08034
1.07763
1.07408
1.06976
1.06504
1.06013
1.05447
1.04705
1.03748
1.02708
1.01917
1.01794
1.02637
1.0446
1.07012
1.09929
1.12883
1.15649
1.18096
1.20165
1.21825
1.23045
1.23782
1.23979
1.23595
1.22634
1.21167
1.19359
1.17447
1.15702
1.14348
1.13498
1.13133
1.13137
1.13378
1.13791
1.14405
1.15291
1.16461
1.17811
1.19143
1.20258
1.20998
1.21234
1.20861
1.19824
1.18163
1.16023
1.1361
1.1116
1.08919
1.07138
1.06056
1.05842
1.06526
1.07949
1.09764
1.11518
1.1277
1.132
1.12669
1.11238
1.09141
1.06768
1.04601
1.03121
1.02684
1.0342
1.05205
1.07723
1.10571
1.1337
1.15828
1.17749
1.19019
1.19575
1.19381
1.18432
1.16761
1.14456
1.11677
1.08639
1.05623
1.02985
1.01178
1.00679
1.01789
1.0438
1.07873
1.11535
1.14778
1.17265
1.18858
1.1955
1.1943
1.18662
1.17472
1.16127
1.14899
1.14026
1.13647
1.13761
1.14215
1.14764
1.15183
1.15375
1.15441
1.15634
1.16211
1.1723
1.18485
1.19613
1.20283
1.20339
1.19837
1.18998
1.18106
1.17406
1.17045
1.17077
1.17476
1.18144
1.18911
1.19561
1.19909
1.19843
1.19339
1.18458
1.1735
1.16236
1.15355
1.14888
1.14884
1.1526
1.15846
1.1647
1.1701
1.17404
1.17609
1.17575
1.17267
1.1672
1.16083
1.15602
1.15539
1.16066
1.17191
1.18745
1.20441
1.21977
1.23094
1.23614
1.23431
1.22507
1.20878
1.18657
1.16024
1.1321
1.1046
1.07999
1.05998
1.0456
1.03717
1.03441
1.03692
1.04449
1.05706
1.07405
1.09356
1.11245
1.12746
1.1362
1.13764
1.13209
1.12098
1.10635
1.09023
1.07411
1.05904
1.04623
1.0377
1.03575
1.04175
1.05529
1.07449
1.09675
1.11939
1.13981
1.15578
1.16577
1.16924
1.16672
1.15949
1.14905
1.13672
1.12354
1.11046
1.0984
1.08814
1.08025
1.07506
1.07274
1.07349
1.07729
1.08377
1.09217
1.1018
1.11227
1.12352
1.13544
1.14761
1.15937
1.17005
1.17911
1.18622
1.19122
1.19413
1.19518
1.19488
1.19406
1.19387
1.19552
1.19987
1.20685
1.21516
1.22254
1.22659
1.22557
1.21873
1.20635
1.18956
1.17053
1.15232
1.13829
1.13093
1.13085
1.13685
1.14659
1.15742
1.16701
1.17361
1.17614
1.17416
1.16784
1.15772
1.14463
1.12957
1.11365
1.09785
1.08294
1.06932
1.05722
1.04724
1.04073
1.0396
1.04504
1.05639
1.07127
1.08695
1.1015
1.11374
1.12297
1.12891
1.13218
1.13422
1.13662
1.1404
1.14584
1.15279
1.16083
1.16934
1.17749
1.18448
1.18975
1.19303
1.1944
1.1944
1.19392
1.19391
1.19488
1.1965
1.19771
1.19727
1.19433
1.18848
1.17974
1.16855
1.15576
1.14271
1.13096
1.12202
1.11682
1.11538
1.11666
1.11901
1.12112
1.12287
1.12515
1.12888
1.13411
1.13997
1.1451
1.14817
1.14827
1.14519
1.13936
1.13149
1.12204
1.11073
1.09682
1.0799
1.0609
1.04246
1.02814
1.02101
1.02223
1.03093
1.04487
1.06171
1.07961
1.09727
1.11351
1.12725
1.13783
1.14531
1.1502
1.15308
1.15419
1.15352
1.15136
1.14908
1.14923
1.15442
1.16543
1.18049
1.19644
1.2107
1.22225
1.23149
1.23935
1.24633
1.25202
1.2552
1.25459
1.24981
1.24203
1.23382
1.2281
1.2265
1.22858
1.23227
1.23518
1.23561
1.23286
1.22699
1.21844
1.20784
1.19599
1.18406
1.17334
1.16489
1.15909
1.15565
1.15408
1.15419
1.15594
1.15883
1.16185
1.16392
1.16454
1.1636
1.16088
1.15574
1.14749
1.13608
1.12241
1.10793
1.094
1.08153
1.07114
1.06317
1.05737
1.05296
1.049
1.04499
1.04138
1.03942
1.04082
1.04709
1.05907
1.07676
1.09936
1.12533
1.15266
1.17914
1.20276
1.22212
1.23637
1.24513
1.24817
1.24537
1.23678
1.2229
1.20485
1.18448
1.16419
1.14647
1.13336
1.12586
1.12369
1.1254
1.12893
1.13236
1.13463
1.13561
1.13588
1.13618
1.13697
1.13849
1.14105
1.14517
1.15135
1.15939
1.16801
1.17521
1.17918
1.17925
1.17611
1.17143
1.16713
1.16481
1.16534
1.16874
1.17419
1.18018
1.18491
1.18692
1.18557
1.18114
1.17446
1.16642
1.15761
1.14823
1.13825
1.12757
1.11595
1.10304
1.08844
1.0721
1.05506
1.04022
1.03204
1.03433
1.04725
1.06704
1.08872
1.10867
1.12537
1.13888
1.15002
1.15959
1.16788
1.17448
1.17855
1.17945
1.17704
1.17197
1.16568
1.16023
1.15769
1.15928
1.1645
1.17117
1.17653
1.17854
1.17645
1.17048
1.16126
1.14943
1.13574
1.12116
1.10695
1.0944
1.08459
1.07812
1.07491
1.07428
1.07504
1.07598
1.07619
1.07532
1.07334
1.07006
1.06503
1.05781
1.04856
1.03827
1.02887
1.02302
1.02365
1.03263
1.04915
1.06971
1.09013
1.10754
1.12082
1.12991
1.13514
1.13689
1.13565
1.1322
1.12781
1.12403
1.12239
1.12385
1.12861
1.13616
1.14541
1.15501
1.16351
1.1697
1.17275
1.17237
1.16901
1.16389
1.15891
1.15603
1.15637
1.15946
1.16329
1.16534
1.16391
1.15903
1.15256
1.14756
1.14726
1.15386
1.16762
1.18657
1.20715
1.22534
1.23791
1.243
1.2403
1.23069
1.21587
1.19791
1.17885
1.16052
1.14462
1.13305
1.12773
1.12996
1.1395
1.15436
1.17137
1.18708
1.19844
1.20318
1.20006
1.18935
1.17318
1.15538
1.14029
1.13114
1.12881
1.13177
1.13717
1.142
1.14415
1.14276
1.13798
1.13063
1.12199
1.11377
1.10813
1.10733
1.11298
1.12532
1.14287
1.16284
1.18192
1.19715
1.20657
1.20955
1.20655
1.19852
1.18634
1.17057
1.15157
1.13005
1.10748
1.08627
1.06925
1.05869
1.05524
1.05747
1.06249
1.06713
1.0691
1.06762
1.06331
1.05756
1.05164
1.04632
1.04206
1.0395
1.03961
1.04317
1.05016
1.0594
1.06884
1.07631
1.08028
1.08028
1.07705
1.0721
1.06707
1.06317
1.06116
1.06155
1.0644
1.0691
1.07492
1.08166
1.08876
1.09451
1.09725
1.09686
1.09422
1.09011
1.08499
1.0796
1.07539
1.07392
1.07621
1.08239
1.09192
1.10408
1.11808
1.13297
1.14757
1.16056
1.17065
1.17687
1.17895
1.17764
1.1745
1.17158
1.17069
1.17288
1.17805
1.18507
1.19214
1.19753
1.20028
1.20055
1.19959
1.19924
1.20109
1.20565
1.21198
1.21808
1.22176
1.2215
1.21689
1.20864
1.19814
1.18679
1.17523
1.16298
1.14895
1.13221
1.11305
1.09345
1.07673
1.06607
1.06279
1.06589
1.07282
1.08074
1.08763
1.09278
1.09691
1.10159
1.10845
1.11842
1.13143
1.14653
1.16241
1.17787
1.1919
1.20355
1.21185
1.21585
1.21504
1.2097
1.20082
1.18983
1.17797
1.16598
1.15416
1.14262
1.13186
1.12315
1.1185
1.11981
1.12761
1.1402
1.15422
1.16629
1.17418
1.17727
1.17607
1.17149
1.16428
1.15487
1.14373
1.13185
1.12095
1.11324
1.11072
1.11409
1.12217
1.13215
1.14053
1.14425
1.14147
1.13177
1.11604
1.09618
1.07494
1.05589
1.04308
1.03956
1.04545
1.05804
1.07429
1.09256
1.11219
1.13229
1.15163
1.16925
1.18457
1.19711
1.20623
1.21121
1.21164
1.20755
1.19941
1.18789
1.17347
1.15616
1.13561
1.11152
1.08415
1.05497
1.02697
1.00417
0.990106
0.986098
0.990715
1.00066
1.01238
1.0235
1.03357
1.04382
1.05627
1.07214
1.09057
1.10882
1.124
1.13465
1.14098
1.14412
1.14531
1.14536
1.14481
1.14404
1.14324
1.14229
1.14074
1.13822
1.13479
1.13111
1.12805
1.12629
1.12611
1.12745
1.13017
1.13413
1.13905
1.14444
1.14971
1.15448
1.15868
1.16233
1.16513
1.16623
1.16413
1.15701
1.14311
1.12124
1.09146
1.05661
1.02421
1.00572
1.00928
1.03176
1.06153
1.08813
1.10705
1.11845
1.12444
1.12727
1.12854
1.12919
1.12985
1.13084
1.13177
1.13157
1.12942
1.12534
1.11983
1.11329
1.1061
1.09894
1.09302
1.08965
1.0897
1.09306
1.09851
1.10415
1.10811
1.1092
1.10701
1.10167
1.09376
1.08467
1.07709
1.07434
1.07845
1.08867
1.10217
1.11608
1.1288
1.13996
1.14964
1.15778
1.16403
1.16806
1.16972
1.16911
1.16642
1.16181
1.15569
1.14905
1.14334
1.13995
1.13959
1.14244
1.14861
1.15836
1.17159
1.18742
1.20403
1.21911
1.23042
1.23638
1.23658
1.23222
1.22569
1.21936
1.21463
1.21225
1.21316
1.21814
1.2267
1.23632
1.24307
1.24343
1.23581
1.22098
1.20173
1.1819
1.16499
1.15273
1.14437
1.13706
1.12744
1.11394
1.09897
1.08865
1.08868
1.09933
1.11565
1.1316
1.14355
1.15051
1.15293
1.15167
1.1477
1.14218
1.13665
1.13278
1.13188
1.13455
1.14042
1.14814
1.15573
1.16129
1.16377
1.16334
1.16107
1.15842
1.15674
1.15712
1.16019
1.1662
1.17497
1.18589
1.19775
1.20869
1.21654
1.2197
1.21786
1.21198
1.20332
1.19251
1.17975
1.1658
1.15257
1.14271
1.13859
1.14106
1.149
1.15983
1.17059
1.17888
1.18337
1.18383
1.18086
1.17545
1.16847
1.16033
1.15102
1.14029
1.12793
1.11387
1.09819
1.08129
1.06418
1.0486
1.03672
1.03041
1.03068
1.03735
1.04906
1.06337
1.0772
1.08757
1.09245
1.09148
1.08616
1.07918
1.0731
1.06943
1.06843
1.06973
1.07286
1.07741
1.08292
1.08869
1.09376
1.09682
1.09648
1.0918
1.08287
1.07098
1.05844
1.04782
1.0414
1.04061
1.0459
1.05653
1.0705
1.08474
1.0959
1.10155
1.10119
1.09644
1.09042
1.08668
1.08791
1.09517
1.10747
1.12248
1.13799
1.15304
1.16793
1.18292
1.1971
1.20839
1.21468
1.21479
1.20861
1.19682
1.18052
1.16104
1.13976
1.1179
1.09637
1.07587
1.05716
1.04145
1.03065
1.02665
1.03
1.03903
1.05057
1.06148
1.06964
1.07415
1.07509
1.07329
1.07017
1.06736
1.06654
1.06919
1.07635
1.08817
1.10371
1.12102
1.13797
1.15306
1.16559
1.17536
1.18225
1.18592
1.18573
1.18098
1.17173
1.15975
1.14879
1.14278
1.14309
1.14745
1.15201
1.1539
1.15211
1.14695
1.13936
1.13045
1.12149
1.11385
1.10884
1.10724
1.10901
1.11324
1.11844
1.12296
1.12564
1.12617
1.12469
1.12121
1.11528
1.10635
1.09441
1.08046
1.06634
1.05397
1.0446
1.0386
1.03594
1.0371
1.0435
1.05713
1.07929
1.10935
1.14411
1.17869
1.20827
1.22972
1.24244
1.24809
1.24944
1.24909
1.24835
1.24714
1.24455
1.23983
1.23291
1.22451
1.21573
1.20742
1.20005
1.19371
1.18844
1.1843
1.18145
1.18009
1.18047
1.18263
1.18618
1.19009
1.19274
1.19241
1.18795
1.17957
1.16901
1.15903
1.15204
1.14872
1.14773
1.14687
1.14452
1.14027
1.13447
1.12755
1.11977
1.11136
1.1028
1.09483
1.08841
1.08464
1.08452
1.08831
1.09495
1.10236
1.10909
1.11557
1.12356
1.13422
1.14715
1.16119
1.17574
1.19093
1.20706
1.22375
1.2396
1.2524
1.25985
1.26027
1.25311
1.23918
1.22024
1.1983
1.17492
1.15117
1.12842
1.10883
1.09459
1.08639
1.0829
1.0819
1.08199
1.08329
1.0866
1.09239
1.10041
1.10995
1.11994
1.12913
1.13652
1.14185
1.14562
1.14873
1.15196
1.15555
1.15913
1.16206
1.16396
1.16517
1.16656
1.169
1.17278
1.17755
1.1826
1.18716
1.19061
1.19249
1.19256
1.19089
1.18802
1.1847
1.18139
1.17784
1.17299
1.16548
1.15439
1.13983
1.12325
1.1072
1.09445
1.08661
1.08316
1.08191
1.0808
1.07952
1.07938
1.08163
1.08601
1.09082
1.09421
1.09562
1.0963
1.09829
1.103
1.11043
1.1194
1.12845
1.13674
1.1444
1.15169
1.1581
1.1622
1.16249
1.15812
1.14921
1.13683
1.12271
1.10867
1.09616
1.08618
1.07952
1.077
1.07923
1.08626
1.09774
1.11314
1.1317
1.15216
1.17272
1.19124
1.20564
1.21415
1.21551
1.20918
1.19547
1.17564
1.1522
1.12887
1.10963
1.09679
1.08952
1.08463
1.07894
1.07143
1.06353
1.05792
1.05674
1.06031
1.06703
1.07438
1.07997
1.08215
1.08029
1.07467
1.0663
1.05668
1.0475
1.04028
1.03582
1.03389
1.03349
1.03357
1.03394
1.03574
1.04124
1.05252
1.06982
1.09062
1.11023
1.12387
1.1289
1.12598
1.11875
1.11182
1.10845
1.10946
1.11376
1.11964
1.12563
1.1312
1.13699
1.144
1.15213
1.1596
1.16397
1.16363
1.1586
1.15076
1.14338
1.13988
1.14204
1.14931
1.15964
1.17067
1.18032
1.18681
1.18871
1.18516
1.17608
1.16233
1.1457
1.12839
1.11228
1.09776
1.08358
1.06814
1.05127
1.03495
1.02225
1.01542
1.01454
1.0179
1.02341
1.02997
1.03777
1.04765
1.06007
1.0745
1.08937
1.10275
1.1129
1.11866
1.11958
1.11593
1.10858
1.099
1.08909
1.08088
1.07605
1.07565
1.07997
1.08849
1.09985
1.11188
1.12207
1.12837
1.1298
1.12656
1.11966
1.11038
1.09985
1.089
1.07883
1.07062
1.06592
1.06587
1.07017
1.07667
1.08226
1.08439
1.08195
1.07527
1.06566
1.05492
1.04495
1.03726
1.03254
1.03079
1.03173
1.03526
1.04144
1.04967
1.05829
1.06537
1.07045
1.07528
1.08249
1.09357
1.10788
1.12344
1.13811
1.15018
1.15847
1.16206
1.16026
1.15283
1.14083
1.12717
1.11627
1.1122
1.11673
1.12847
1.14348
1.15654
1.1628
1.15901
1.1443
1.12015
1.09017
1.0593
1.03293
1.01557
1.00985
1.01593
1.03165
1.0533
1.07677
1.09852
1.11611
1.12828
1.13472
1.13591
1.13285
1.12694
1.11987
1.1135
1.10947
1.109
1.11258
1.12004
1.13066
1.14325
1.15625
1.16782
1.17614
1.17992
1.17884
1.17366
1.16599
1.15765
1.14994
1.14322
1.13701
1.13044
1.12258
1.11267
1.1002
1.08571
1.07234
1.0664
1.07283
1.089
1.10644
1.1185
1.12391
1.12523
1.12614
1.12956
1.1368
1.14734
1.15947
1.17114
1.18079
1.1876
1.19158
1.19326
1.19328
1.192
1.18955
1.18611
1.18227
1.17916
1.17803
1.17926
1.18187
1.18405
1.18404
1.18087
1.17446
1.16537
1.15458
1.14321
1.1321
1.1214
1.1104
1.09806
1.084
1.06992
1.06038
1.06098
1.07443
1.09796
1.12535
1.15083
1.17109
1.18497
1.19262
1.1949
1.19313
1.18886
1.18348
1.17775
1.17158
1.1642
1.15489
1.14358
1.13117
1.1193
1.10994
1.1048
1.10463
1.10888
1.11576
1.12291
1.12814
1.1299
1.12766
1.12195
1.11405
1.10561
1.09832
1.0936
1.09251
1.09548
1.10234
1.11237
1.12465
1.13828
1.15226
1.16525
1.17557
1.18136
1.18117
1.17455
1.16249
1.14737
1.1324
1.12061
1.11379
1.11211
1.11449
1.11945
1.12572
1.13255
1.13968
1.14706
1.1547
1.16253
1.17049
1.17871
1.18742
1.19679
1.20681
1.2174
1.22861
1.24046
1.25262
1.26417
1.27367
1.27954
1.28056
1.27629
1.26715
1.25436
1.23955
1.2242
1.20909
1.19398
1.17794
1.16007
1.1404
1.12031
1.10242
1.08957
1.08364
1.08471
1.09129
1.10136
1.11323
1.12577
1.13804
1.14912
1.15796
1.16368
1.16579
1.16432
1.15988
1.15351
1.14671
1.14139
1.13943
1.14195
1.14831
1.15589
1.16086
1.15971
1.15042
1.13302
1.10918
1.0815
1.05288
1.02636
1.00519
0.99269
0.991423
1.00231
1.02411
1.05352
1.08611
1.11763
1.14514
1.16755
1.18526
1.19922
1.20996
1.21702
1.21902
1.21444
1.20252
1.18415
1.16226
1.14118
1.12502
1.11579
1.11317
1.1155
1.12097
1.12804
1.13546
1.14244
1.14864
1.15431
1.16021
1.16722
1.17576
1.18533
1.19474
1.20265
1.20819
1.21108
1.21146
1.20962
1.20574
1.19988
1.19212
1.18285
1.17286
1.16298
1.15332
1.14317
1.13178
1.11922
1.10602
1.09249
1.0788
1.0655
1.05373
1.04516
1.04165
1.04499
1.05634
1.0754
1.09976
1.12532
1.14734
1.16185
1.16658
1.16134
1.14807
1.13025
1.11177
1.09547
1.08212
1.07071
1.05952
1.04741
1.03462
1.02294
1.01548
1.01619
1.02859
1.05307
1.08471
1.11551
1.13918
1.154
1.1618
1.16516
1.16519
1.16127
1.15234
1.13836
1.121
1.10397
1.09223
1.08976
1.09704
1.11115
1.12835
1.14586
1.16176
1.17463
1.18357
1.18842
1.18994
1.18952
1.18861
1.18809
1.18804
1.1878
1.18634
1.1828
1.17685
1.16883
1.15956
1.14987
1.14014
1.13013
1.11933
1.10722
1.0935
1.07836
1.06325
1.05138
1.04622
1.04843
1.05514
1.06286
1.07017
1.07765
1.08621
1.09577
1.10511
1.1125
1.11648
1.11658
1.11344
1.10868
1.10456
1.10333
1.10668
1.11516
1.12809
1.14382
1.16025
1.17541
1.18792
1.19724
1.20353
1.20735
1.20924
1.20933
1.20723
1.20222
1.19363
1.18136
1.166
1.14869
1.1308
1.11373
1.09895
1.08814
1.083
1.08474
1.09346
1.10754
1.12374
1.13797
1.14658
1.14714
1.13884
1.1224
1.09982
1.07425
1.04989
1.03155
1.02382
1.02961
1.04879
1.0778
1.11101
1.14296
1.16989
1.19006
1.20314
1.20934
1.20889
1.2019
1.18874
1.17041
1.14862
1.12535
1.10246
1.08176
1.06518
1.05461
1.05132
1.05521
1.06474
1.07747
1.0909
1.10283
1.11152
1.11568
1.11472
1.10874
1.09838
1.08468
1.06905
1.05328
1.0394
1.02927
1.02403
1.02364
1.0269
1.03189
1.03664
1.03963
1.0402
1.0387
1.03647
1.0354
1.03719
1.04265
1.0515
1.06281
1.07562
1.08946
1.10437
1.12056
1.13767
1.15439
1.16854
1.17792
1.18144
1.17971
1.17489
1.16957
1.16564
1.16383
1.16396
1.1652
1.16651
1.16714
1.16689
1.16597
1.1648
1.16389
1.16355
1.16336
1.16206
1.158
1.15003
1.13788
1.12216
1.10397
1.08461
1.06547
1.04802
1.03387
1.02465
1.02189
1.02646
1.03793
1.05443
1.07346
1.09287
1.11139
1.12839
1.14353
1.15655
1.16726
1.17574
1.1825
1.18849
1.19484
1.20234
1.21102
1.22005
1.22804
1.23361
1.23583
1.23441
1.22967
1.22233
1.21326
1.20328
1.19296
1.1827
1.17285
1.16387
1.15604
1.14919
1.14263
1.13563
1.12781
1.11923
1.11013
1.10072
1.09128
1.0822
1.07406
1.0674
1.06247
1.0593
1.05807
1.0595
1.06458
1.07375
1.08616
1.1
1.11346
1.12543
1.13553
1.14383
1.15054
1.15583
1.15949
1.16072
1.15824
1.15071
1.13744
1.11878
1.09632
1.07278
1.05174
1.03721
1.03304
1.04196
1.06434
1.09752
1.13645
1.17528
1.20904
1.23448
1.25019
1.25634
1.25426
1.24607
1.23426
1.22153
1.21045
1.20305
1.20019
1.20108
1.20368
1.20576
1.20605
1.20466
1.20258
1.20069
1.19913
1.1974
1.19472
1.19016
1.18275
1.17165
1.15666
1.13874
1.12032
1.1051
1.09655
1.09586
1.10129
1.10983
1.11979
1.13151
1.14556
1.16076
1.17439
1.18406
1.18897
1.18994
1.18873
1.1873
1.18713
1.18865
1.19103
1.19261
1.19168
1.18715
1.17862
1.16628
1.15054
1.13185
1.11069
1.08784
1.06465
1.04328
1.02651
1.01727
1.01774
1.0281
1.04644
1.06962
1.09441
1.11804
1.13816
1.15274
1.16031
1.1603
1.15305
1.13951
1.12097
1.09909
1.07588
1.05356
1.03421
1.0194
1.01007
1.00646
1.00817
1.01419
1.02296
1.03268
1.04187
1.04979
1.0563
1.06165
1.06646
1.07181
1.07906
1.08908
1.10148
1.11441
1.12506
1.13068
1.12985
1.12359
1.11553
1.11042
1.11152
1.1191
1.1314
1.14656
1.16351
1.1818
1.20096
1.21991
1.23675
1.24916
1.25511
1.25358
1.24491
1.23073
1.21356
1.19618
1.1811
1.17004
1.16363
1.16141
1.16197
1.16313
1.16228
1.15693
1.14555
1.12816
1.10701
1.08633
1.07095
1.06419
1.06716
1.07928
1.09857
1.12153
1.14392
1.1623
1.17492
1.18159
1.18325
1.18152
1.17851
1.17638
1.17657
1.17905
1.18214
1.18319
1.17974
1.17049
1.15589
1.13809
1.12037
1.10617
1.098
1.09664
1.10114
1.10935
1.11885
1.12769
1.13481
1.14019
1.14473
1.14971
1.1561
1.16392
1.17219
1.17957
1.18512
1.18862
1.19043
1.19094
1.18986
1.18608
