-4.96561
-4.98395
-4.99865
-5.00507
-5.00156
-4.99064
-4.9777
-4.96658
-4.96048
-4.95835
-4.95854
-4.96052
-4.96194
-4.96416
-4.96839
-4.97543
-4.98501
-4.99491
-5.0049
-5.01256
-5.01472
-5.01156
-5.00191
-4.98589
-4.96741
-4.94844
-4.93477
-4.93043
-4.93704
-4.95473
-4.9778
-5.00075
-5.02276
-5.03807
-5.0449
-5.04399
-5.03503
-5.01826
-4.99845
-4.97865
-4.96234
-4.95455
-4.95618
-4.96628
-4.98303
-5.00534
-5.02933
-5.05032
-5.065
-5.07027
-5.0666
-5.05422
-5.03557
-5.01713
-5.00222
-4.99514
-4.99698
-5.00432
-5.01407
-5.02359
-5.02861
-5.02995
-5.02729
-5.02158
-5.0168
-5.00997
-5.00174
-4.99261
-4.97909
-4.961
-4.93729
-4.91066
-4.88488
-4.86559
-4.8591
-4.86691
-4.88646
-4.91364
-4.94862
-4.98669
-5.02516
-5.06048
-5.09283
-5.1184
-5.13587
-5.14613
-5.14734
-5.13743
-5.11668
-5.08511
-5.04456
-4.99954
-4.95357
-4.91084
-4.87364
-4.84437
-4.82341
-4.81736
-4.82937
-4.85762
-4.89814
-4.94573
-4.99258
-5.03232
-5.06185
-5.08056
-5.08852
-5.089
-5.08545
-5.07829
-5.06793
-5.05659
-5.04436
-5.03444
-5.02619
-5.0203
-5.01786
-5.01728
-5.02033
-5.0246
-5.0297
-5.03252
-5.03145
-5.02513
-5.01265
-4.99472
-4.97245
-4.94718
-4.9254
-4.90811
-4.89605
-4.89104
-4.88765
-4.88875
-4.89049
-4.89416
-4.89819
-4.9024
-4.90677
-4.90928
-4.91251
-4.91537
-4.91825
-4.92234
-4.92769
-4.93294
-4.93295
-4.92878
-4.91726
-4.89886
-4.87848
-4.86034
-4.84868
-4.83704
-4.81681
-4.78872
-4.76347
-4.75474
-4.77051
-4.80998
-4.86149
-4.91124
-4.95345
-4.98277
-4.99957
-5.00293
-4.99515
-4.97541
-4.94871
-4.91901
-4.89157
-4.87258
-4.86562
-4.86809
-4.87985
-4.90015
-4.92495
-4.95126
-4.97417
-4.98942
-4.99532
-4.99314
-4.98241
-4.9691
-4.95221
-4.93737
-4.92345
-4.91302
-4.90434
-4.89902
-4.89382
-4.88832
-4.87957
-4.86623
-4.85082
-4.83355
-4.81456
-4.79512
-4.7782
-4.76736
-4.76646
-4.77376
-4.79244
-4.81944
-4.85541
-4.89589
-4.94139
-4.9878
-5.03047
-5.0661
-5.09305
-5.10782
-5.1109
-5.10431
-5.08887
-5.06374
-5.03184
-4.99593
-4.95721
-4.91816
-4.88505
-4.8567
-4.83891
-4.83031
-4.83105
-4.84046
-4.85532
-4.87487
-4.89387
-4.91123
-4.92507
-4.9331
-4.93715
-4.93866
-4.94035
-4.94093
-4.94085
-4.94238
-4.9444
-4.94667
-4.95143
-4.9581
-4.96884
-4.98248
-4.99814
-5.01338
-5.03017
-5.04805
-5.0622
-5.07434
-5.08287
-5.08853
-5.09201
-5.09199
-5.0936
-5.09655
-5.10236
-5.10697
-5.10779
-5.10337
-5.09155
-5.07243
-5.04943
-5.02746
-5.01092
-5.00332
-5.00413
-5.01317
-5.02612
-5.04257
-5.05619
-5.06386
-5.06648
-5.06265
-5.055
-5.04727
-5.04259
-5.04143
-5.04197
-5.04023
-5.03692
-5.03194
-5.02601
-5.0193
-5.01453
-5.01039
-5.00615
-5.00561
-5.0105
-5.02112
-5.03662
-5.05596
-5.07135
-5.08321
-5.08806
-5.08451
-5.07448
-5.05805
-5.03768
-5.01393
-4.99072
-4.97217
-4.95932
-4.95228
-4.95284
-4.95672
-4.9628
-4.96937
-4.97239
-4.97235
-4.96908
-4.96477
-4.96207
-4.96182
-4.96676
-4.97863
-4.99463
-5.01165
-5.02582
-5.03484
-5.0384
-5.03722
-5.03292
-5.02337
-5.00993
-4.99434
-4.98186
-4.97324
-4.9705
-4.972
-4.97295
-4.97258
-4.96846
-4.96048
-4.94989
-4.93891
-4.93169
-4.93066
-4.93687
-4.95134
-4.9735
-5.00188
-5.03252
-5.06133
-5.08383
-5.09774
-5.10087
-5.09542
-5.08384
-5.07034
-5.05563
-5.0433
-5.03512
-5.03473
-5.04438
-5.06153
-5.08412
-5.1088
-5.13204
-5.15126
-5.16346
-5.16678
-5.16051
-5.14449
-5.11963
-5.09085
-5.06095
-5.03214
-5.00754
-4.98844
-4.97513
-4.96863
-4.97099
-4.98084
-4.99636
-5.01562
-5.0324
-5.04388
-5.04512
-5.03629
-5.01583
-4.98736
-4.95679
-4.92672
-4.90471
-4.89207
-4.89069
-4.89581
-4.90618
-4.9181
-4.93301
-4.94995
-4.96739
-4.98528
-5.00053
-5.01413
-5.02215
-5.02404
-5.01916
-5.00648
-4.98611
-4.96179
-4.93615
-4.91324
-4.89954
-4.89152
-4.8918
-4.90025
-4.91246
-4.92943
-4.94807
-4.96657
-4.98363
-4.99615
-5.0045
-5.00814
-5.00987
-5.01012
-5.00973
-5.00613
-4.99905
-4.98717
-4.96937
-4.94369
-4.91146
-4.87651
-4.84013
-4.80995
-4.7885
-4.77954
-4.7792
-4.78914
-4.80714
-4.833
-4.86205
-4.89121
-4.92027
-4.94553
-4.96721
-4.98405
-4.99626
-5.00586
-5.01213
-5.01493
-5.01216
-5.00279
-4.98604
-4.96157
-4.9335
-4.90377
-4.87889
-4.85818
-4.84752
-4.84644
-4.85496
-4.87342
-4.90097
-4.93476
-4.96896
-4.99742
-5.02323
-5.04229
-5.0531
-5.05715
-5.05666
-5.05505
-5.05194
-5.04959
-5.04753
-5.04447
-5.03952
-5.03179
-5.01981
-5.00883
-4.99923
-4.99525
-4.9961
-5.00271
-5.01319
-5.02397
-5.0313
-5.03099
-5.0238
-5.00753
-4.98444
-4.95977
-4.93564
-4.91683
-4.90505
-4.9002
-4.90422
-4.91164
-4.92352
-4.93754
-4.95069
-4.96216
-4.96892
-4.96972
-4.96582
-4.95938
-4.95336
-4.9503
-4.95537
-4.9691
-4.98764
-5.0083
-5.02758
-5.04228
-5.05339
-5.06195
-5.06913
-5.07241
-5.06891
-5.05851
-5.04289
-5.02366
-5.0039
-4.98894
-4.98039
-4.98036
-4.98607
-4.99909
-5.01599
-5.03401
-5.05206
-5.06755
-5.07861
-5.08591
-5.08886
-5.0875
-5.08349
-5.07776
-5.07124
-5.06149
-5.05096
-5.03783
-5.02346
-5.00721
-4.98701
-4.96732
-4.95135
-4.94302
-4.94876
-4.96365
-4.97764
-4.98236
-4.97512
-4.95745
-4.93774
-4.92259
-4.92076
-4.93723
-4.96962
-5.01118
-5.04982
-5.07535
-5.08424
-5.07274
-5.04385
-5.00374
-4.95802
-4.9199
-4.8917
-4.87492
-4.86819
-4.86555
-4.86466
-4.86302
-4.85946
-4.85331
-4.84612
-4.83794
-4.83324
-4.83359
-4.83634
-4.84182
-4.84734
-4.85172
-4.85765
-4.86197
-4.86829
-4.87574
-4.88424
-4.89107
-4.89457
-4.89634
-4.89729
-4.90004
-4.90438
-4.9105
-4.91732
-4.92257
-4.92557
-4.92343
-4.91821
-4.91098
-4.90416
-4.90079
-4.90201
-4.9071
-4.91781
-4.9304
-4.94327
-4.95613
-4.9675
-4.97378
-4.98102
-4.98501
-4.98932
-4.99817
-5.00776
-5.02021
-5.03184
-5.04229
-5.04928
-5.05453
-5.05538
-5.05226
-5.04442
-5.03119
-5.01335
-4.99193
-4.96943
-4.94802
-4.93272
-4.92353
-4.92113
-4.92489
-4.93213
-4.9418
-4.95119
-4.96024
-4.96638
-4.96887
-4.96817
-4.96708
-4.96834
-4.97416
-4.9872
-5.00495
-5.02851
-5.05466
-5.08067
-5.10385
-5.1229
-5.13342
-5.13689
-5.13284
-5.12229
-5.10786
-5.09224
-5.07758
-5.06228
-5.05009
-5.0376
-5.0251
-5.01289
-5.00339
-4.99262
-4.98296
-4.97409
-4.96437
-4.95442
-4.9416
-4.92812
-4.91533
-4.90538
-4.90014
-4.89975
-4.90528
-4.91204
-4.91705
-4.92007
-4.91985
-4.91695
-4.91327
-4.90829
-4.90388
-4.90219
-4.90073
-4.90098
-4.90066
-4.90272
-4.90364
-4.90238
-4.8952
-4.88303
-4.87082
-4.86249
-4.86447
-4.87766
-4.89266
-4.90511
-4.91194
-4.91417
-4.91297
-4.91177
-4.9099
-4.90949
-4.91152
-4.91399
-4.9176
-4.92152
-4.92399
-4.92544
-4.9248
-4.92442
-4.92494
-4.93268
-4.94838
-4.97473
-5.0098
-5.04758
-5.08408
-5.11543
-5.14057
-5.15279
-5.15248
-5.13636
-5.10817
-5.06862
-5.02356
-4.97699
-4.93603
-4.90305
-4.88342
-4.87904
-4.88748
-4.90687
-4.93253
-4.96136
-4.9894
-5.0119
-5.02853
-5.04004
-5.04708
-5.0514
-5.05509
-5.05706
-5.05581
-5.05337
-5.05401
-5.05708
-5.06498
-5.07845
-5.09501
-5.11151
-5.12336
-5.12841
-5.12577
-5.11906
-5.10938
-5.0982
-5.08787
-5.07889
-5.06868
-5.06046
-5.05265
-5.04339
-5.03601
-5.02723
-5.01877
-5.01213
-5.00772
-5.00909
-5.01426
-5.02521
-5.04002
-5.05715
-5.0756
-5.09364
-5.10951
-5.12215
-5.13321
-5.14079
-5.14292
-5.13786
-5.12532
-5.1047
-5.07782
-5.05045
-5.02436
-5.00416
-4.9908
-4.9828
-4.97831
-4.97561
-4.97534
-4.97973
-4.98634
-4.9926
-4.99798
-5.00246
-5.00572
-5.00919
-5.01163
-5.01067
-5.00602
-4.99571
-4.98603
-4.97893
-4.97653
-4.98394
-4.99762
-5.01591
-5.03461
-5.05092
-5.05991
-5.05775
-5.04443
-5.02224
-4.99692
-4.97182
-4.94972
-4.93172
-4.92054
-4.91531
-4.91661
-4.92289
-4.93316
-4.94163
-4.94896
-4.95208
-4.9473
-4.93802
-4.92689
-4.91795
-4.91501
-4.92017
-4.93403
-4.95412
-4.976
-4.99569
-5.01168
-5.02165
-5.02879
-5.03254
-5.03398
-5.03134
-5.02303
-5.00606
-4.98282
-4.95266
-4.9202
-4.88568
-4.85478
-4.83002
-4.8164
-4.81575
-4.82909
-4.85463
-4.88661
-4.91994
-4.95138
-4.97966
-5.00462
-5.02785
-5.0506
-5.0704
-5.08543
-5.09526
-5.09897
-5.09467
-5.08438
-5.06634
-5.04302
-5.01413
-4.98073
-4.94576
-4.9162
-4.89357
-4.88303
-4.88221
-4.89003
-4.90416
-4.9211
-4.93879
-4.95635
-4.97526
-4.99348
-5.01187
-5.02875
-5.04093
-5.04714
-5.04573
-5.03513
-5.01543
-4.98896
-4.96024
-4.93433
-4.91687
-4.90936
-4.91295
-4.92381
-4.94008
-4.95947
-4.98074
-5.00633
-5.03345
-5.05901
-5.07936
-5.08963
-5.08862
-5.07941
-5.06489
-5.05099
-5.04476
-5.04796
-5.06077
-5.07713
-5.09399
-5.10566
-5.11156
-5.11313
-5.10921
-5.10076
-5.08858
-5.06954
-5.04684
-5.01881
-4.98802
-4.95789
-4.93134
-4.90918
-4.89064
-4.87499
-4.86222
-4.85209
-4.84694
-4.84634
-4.85284
-4.86638
-4.88519
-4.90675
-4.92821
-4.94605
-4.95459
-4.95404
-4.94429
-4.93487
-4.93019
-4.93521
-4.94777
-4.96632
-4.98653
-5.00526
-5.01991
-5.02747
-5.02567
-5.01605
-5.00254
-4.98506
-4.96645
-4.94927
-4.93318
-4.92335
-4.9206
-4.92966
-4.95246
-4.98065
-5.00692
-5.01955
-5.0165
-4.99982
-4.97497
-4.9543
-4.94218
-4.93989
-4.94353
-4.94541
-4.94148
-4.93001
-4.91167
-4.89165
-4.87214
-4.85892
-4.85088
-4.85243
-4.86606
-4.88941
-4.91903
-4.95291
-4.98475
-5.012
-5.03337
-5.05153
-5.06584
-5.07995
-5.09377
-5.10452
-5.10969
-5.11195
-5.10832
-5.10345
-5.09716
-5.09205
-5.09019
-5.08992
-5.08901
-5.08756
-5.0792
-5.06546
-5.04292
-5.01253
-4.97502
-4.938
-4.9067
-4.88787
-4.87989
-4.88255
-4.8909
-4.90055
-4.91337
-4.92942
-4.95315
-4.98209
-5.01382
-5.04481
-5.07122
-5.08804
-5.0943
-5.08696
-5.07169
-5.05062
-5.02856
-5.00859
-4.99226
-4.98038
-4.97306
-4.97105
-4.97424
-4.98338
-4.99745
-5.01363
-5.02834
-5.0388
-5.04148
-5.03488
-5.01796
-4.99165
-4.96168
-4.93104
-4.90785
-4.89529
-4.89798
-4.91217
-4.9347
-4.95995
-4.98087
-4.99434
-4.99905
-4.99473
-4.98247
-4.96331
-4.9411
-4.91901
-4.90071
-4.88988
-4.89025
-4.89938
-4.91324
-4.93117
-4.9499
-4.96662
-4.98072
-4.99019
-4.99569
-4.99546
-4.99036
-4.97963
-4.96863
-4.95757
-4.94869
-4.94259
-4.93921
-4.93761
-4.93749
-4.94057
-4.94657
-4.95548
-4.96919
-4.98443
-5.00086
-5.01725
-5.02869
-5.03325
-5.02834
-5.01517
-4.99486
-4.9733
-4.9568
-4.94916
-4.95506
-4.97144
-4.99404
-5.01872
-5.03961
-5.05338
-5.05841
-5.05522
-5.04731
-5.03798
-5.03151
-5.02931
-5.03122
-5.03501
-5.03889
-5.04258
-5.04597
-5.04869
-5.05443
-5.0681
-5.08658
-5.10544
-5.11586
-5.11401
-5.0984
-5.06954
-5.03124
-4.99149
-4.95287
-4.92515
-4.90481
-4.89569
-4.8948
-4.89859
-4.90621
-4.91458
-4.92512
-4.93144
-4.93548
-4.93434
-4.93022
-4.92085
-4.9089
-4.89406
-4.87732
-4.86186
-4.84993
-4.84556
-4.8557
-4.88041
-4.9154
-4.95889
-5.00151
-5.03908
-5.06497
-5.0796
-5.08104
-5.07117
-5.05357
-5.03285
-5.01241
-5.00038
-4.99767
-5.00574
-5.02133
-5.0392
-5.0557
-5.06569
-5.0664
-5.0577
-5.03997
-5.01804
-4.99456
-4.97226
-4.95675
-4.95024
-4.952
-4.95855
-4.97051
-4.98227
-4.98954
-4.99383
-4.99308
-4.98819
-4.98001
-4.96903
-4.95636
-4.94276
-4.93252
-4.92762
-4.93166
-4.94545
-4.96648
-4.99201
-5.01612
-5.03567
-5.04611
-5.04725
-5.03724
-5.01752
-4.99284
-4.97309
-4.96533
-4.97474
-4.99635
-5.02292
-5.04824
-5.06975
-5.08777
-5.1009
-5.1116
-5.11778
-5.11734
-5.11068
-5.10073
-5.08889
-5.07499
-5.06384
-5.05716
-5.05417
-5.05199
-5.04963
-5.0459
-5.03998
-5.03164
-5.02441
-5.01692
-5.01195
-5.01132
-5.01429
-5.01773
-5.01913
-5.01654
-5.00934
-5.00087
-4.99459
-4.99114
-4.99374
-4.99807
-5.00172
-5.00285
-5.00099
-4.99817
-4.99293
-4.98596
-4.97799
-4.96644
-4.95064
-4.93125
-4.91153
-4.89748
-4.89291
-4.89935
-4.91377
-4.93572
-4.96011
-4.98291
-5.00131
-5.01584
-5.02489
-5.02955
-5.02983
-5.02882
-5.02989
-5.03665
-5.04657
-5.06111
-5.07478
-5.08462
-5.08498
-5.07495
-5.05089
-5.01696
-4.98119
-4.95098
-4.93244
-4.92692
-4.93158
-4.93988
-4.94533
-4.94502
-4.93717
-4.92424
-4.90847
-4.8943
-4.89012
-4.89921
-4.92361
-4.95583
-4.99037
-5.02095
-5.04442
-5.05913
-5.06465
-5.06241
-5.05267
-5.03381
-5.00522
-4.97431
-4.95075
-4.93816
-4.93904
-4.9497
-4.96691
-4.98433
-4.99945
-5.00889
-5.01246
-5.01152
-5.0066
-5.00083
-4.99353
-4.98525
-4.9758
-4.96773
-4.96194
-4.96147
-4.96602
-4.97441
-4.98639
-4.99809
-5.00774
-5.01411
-5.01179
-5.00163
-4.98381
-4.95677
-4.92652
-4.89817
-4.87992
-4.87537
-4.88536
-4.90548
-4.93112
-4.95855
-4.98829
-5.01618
-5.03957
-5.05562
-5.06448
-5.06662
-5.06423
-5.06036
-5.05813
-5.05641
-5.05509
-5.05323
-5.04818
-5.03961
-5.02786
-5.00959
-4.98666
-4.96567
-4.94929
-4.93846
-4.93003
-4.91884
-4.90262
-4.88509
-4.87361
-4.87316
-4.8837
-4.9008
-4.92198
-4.94445
-4.96895
-4.99678
-5.02599
-5.04888
-5.0645
-5.07082
-5.06961
-5.06201
-5.05426
-5.04706
-5.04473
-5.0473
-5.05268
-5.05893
-5.06293
-5.0569
-5.03962
-5.00926
-4.97321
-4.94314
-4.93426
-4.94455
-4.96308
-4.97653
-4.97961
-4.97214
-4.95917
-4.94471
-4.93102
-4.91973
-4.90958
-4.90402
-4.90004
-4.90052
-4.90235
-4.90603
-4.91013
-4.91706
-4.92726
-4.9437
-4.96006
-4.97856
-4.99403
-5.00375
-5.00724
-5.00504
-4.99755
-4.98936
-4.98486
-4.98491
-4.99378
-5.01124
-5.03472
-5.06087
-5.08724
-5.10972
-5.12904
-5.14308
-5.15113
-5.15289
-5.14983
-5.14465
-5.1406
-5.13813
-5.13611
-5.13611
-5.13583
-5.13409
-5.13018
-5.12429
-5.11484
-5.10219
-5.08884
-5.0777
-5.06733
-5.06169
-5.0589
-5.05724
-5.05705
-5.05655
-5.05531
-5.05453
-5.05491
-5.05569
-5.05614
-5.05841
-5.05921
-5.05763
-5.05237
-5.04436
-5.03147
-5.01457
-4.99482
-4.97566
-4.9597
-4.94808
-4.94278
-4.93998
-4.9377
-4.93057
-4.91724
-4.90095
-4.88449
-4.87038
-4.86277
-4.85886
-4.86037
-4.86667
-4.87589
-4.88654
-4.89743
-4.90617
-4.91238
-4.91591
-4.9177
-4.92118
-4.92727
-4.93483
-4.94237
-4.94755
-4.95153
-4.95499
-4.9602
-4.96876
-4.97942
-4.98804
-4.99077
-4.98921
-4.98071
-4.97018
-4.96033
-4.95338
-4.95027
-4.95138
-4.95552
-4.96232
-4.96859
-4.97509
-4.98399
-4.99806
-5.01839
-5.04132
-5.06476
-5.08283
-5.09087
-5.09124
-5.08506
-5.07514
-5.06612
-5.05702
-5.04999
-5.04543
-5.04173
-5.03597
-5.03101
-5.02319
-5.01314
-5.0024
-4.99573
-4.99835
-5.01637
-5.05065
-5.09609
-5.1495
-5.2019
-5.24758
-5.28624
-5.31201
-5.32253
-5.31805
-5.29923
-5.26712
-5.22483
-5.17579
-5.12543
-5.07926
-5.04123
-5.01136
-4.98642
-4.9637
-4.94386
-4.92742
-4.91206
-4.90136
-4.89581
-4.89893
-4.90993
-4.92986
-4.9556
-4.98162
-5.00565
-5.02284
-5.03464
-5.04134
-5.04399
-5.04251
-5.03557
-5.01899
-4.99243
-4.95579
-4.91238
-4.86931
-4.83451
-4.81343
-4.80977
-4.81782
-4.8317
-4.84877
-4.86338
-4.87449
-4.88209
-4.88736
-4.8938
-4.90769
-4.92449
-4.94312
-4.95903
-4.97088
-4.97809
-4.97991
-4.97691
-4.9678
-4.95237
-4.93536
-4.92042
-4.91374
-4.92111
-4.94138
-4.97142
-5.00264
-5.02988
-5.04761
-5.05628
-5.05669
-5.05351
-5.05096
-5.05553
-5.06658
-5.08623
-5.10854
-5.12996
-5.14978
-5.16077
-5.16124
-5.15027
-5.13135
-5.10745
-5.0853
-5.07068
-5.06123
-5.05666
-5.05589
-5.05405
-5.05082
-5.04647
-5.0391
-5.03145
-5.02198
-5.01095
-4.99632
-4.97883
-4.96156
-4.95147
-4.95344
-4.97213
-5.00383
-5.04189
-5.07735
-5.10299
-5.11845
-5.1228
-5.11944
-5.11202
-5.10346
-5.09571
-5.08999
-5.08604
-5.08239
-5.0773
-5.07178
-5.06089
-5.04877
-5.03463
-5.0189
-5.00299
-4.98559
-4.96607
-4.94901
-4.933
-4.92076
-4.91198
-4.90564
-4.89933
-4.89414
-4.8884
-4.88372
-4.88238
-4.88573
-4.89501
-4.9092
-4.92724
-4.94699
-4.96678
-4.98536
-5.00186
-5.017
-5.03016
-5.04361
-5.05715
-5.07321
-5.08821
-5.1021
-5.11448
-5.12348
-5.12782
-5.12698
-5.12017
-5.10903
-5.0941
-5.07628
-5.05785
-5.04315
-5.02963
-5.02074
-5.01342
-5.00519
-4.99364
-4.97803
-4.95857
-4.93605
-4.91337
-4.89175
-4.87458
-4.86059
-4.8544
-4.85399
-4.86116
-4.87423
-4.89487
-4.92127
-4.95182
-4.98712
-5.02281
-5.0559
-5.08306
-5.1034
-5.11315
-5.11258
-5.10235
-5.08437
-5.06067
-5.03597
-5.0142
-4.99651
-4.97916
-4.95709
-4.92513
-4.88881
-4.85458
-4.83024
-4.82341
-4.83442
-4.86151
-4.89991
-4.94483
-4.9899
-5.03176
-5.06608
-5.09307
-5.11532
-5.13357
-5.15034
-5.16707
-5.18161
-5.1941
-5.20237
-5.20485
-5.1983
-5.18237
-5.15866
-5.12738
-5.09292
-5.06088
-5.03849
-5.03113
-5.03621
-5.04835
-5.05836
-5.0619
-5.05729
-5.04864
-5.04039
-5.03728
-5.03949
-5.04645
-5.05487
-5.06452
-5.07339
-5.08182
-5.09133
-5.10153
-5.11181
-5.11915
-5.12427
-5.12624
-5.12455
-5.11845
-5.10993
-5.10175
-5.09512
-5.09005
-5.08344
-5.07589
-5.06857
-5.06086
-5.05637
-5.05641
-5.05869
-5.06348
-5.06879
-5.07555
-5.08019
-5.08315
-5.08461
-5.08777
-5.09012
-5.09101
-5.09007
-5.08708
-5.07832
-5.06424
-5.04389
-5.02083
-4.99751
-4.9771
-4.96023
-4.94872
-4.94137
-4.94163
-4.94948
-4.96282
-4.98012
-4.99756
-5.01584
-5.03162
-5.04067
-5.04422
-5.04182
-5.03531
-5.02605
-5.01357
-5.00385
-4.99768
-4.99697
-5.00099
-5.00795
-5.01531
-5.02085
-5.02015
-5.01187
-4.99727
-4.97881
-4.95993
-4.94583
-4.94068
-4.94407
-4.95262
-4.96597
-4.97809
-4.98201
-4.97646
-4.95621
-4.92771
-4.89618
-4.87092
-4.85765
-4.85958
-4.87243
-4.89493
-4.92051
-4.94457
-4.96047
-4.96749
-4.9625
-4.94812
-4.93253
-4.92261
-4.92548
-4.94186
-4.96678
-4.99361
-5.01682
-5.03352
-5.04688
-5.05876
-5.07073
-5.08348
-5.09703
-5.11063
-5.12288
-5.13503
-5.14497
-5.15251
-5.15668
-5.15646
-5.14933
-5.1371
-5.12113
-5.1003
-5.077
-5.05606
-5.0389
-5.02839
-5.0245
-5.02757
-5.03352
-5.04144
-5.04643
-5.04842
-5.04827
-5.04647
-5.04477
-5.04453
-5.04579
-5.04763
-5.05094
-5.05764
-5.07164
-5.08887
-5.10996
-5.13327
-5.15567
-5.17438
-5.18772
-5.19362
-5.19328
-5.1851
-5.17194
-5.15315
-5.12817
-5.09873
-5.0676
-5.03564
-5.00317
-4.96847
-4.93148
-4.89188
-4.85307
-4.82067
-4.79952
-4.7929
-4.80252
-4.82755
-4.86384
-4.90556
-4.94648
-4.98338
-5.01676
-5.04496
-5.07033
-5.09143
-5.10872
-5.124
-5.13372
-5.13779
-5.13734
-5.13258
-5.12463
-5.11298
-5.09638
-5.0752
-5.05138
-5.02403
-4.99835
-4.97253
-4.94994
-4.93128
-4.91618
-4.90564
-4.89832
-4.8963
-4.90069
-4.90854
-4.91953
-4.93264
-4.94954
-4.96847
-4.98912
-5.00963
-5.02852
-5.04124
-5.04811
-5.05121
-5.05326
-5.05827
-5.06822
-5.0831
-5.10034
-5.11902
-5.13409
-5.14264
-5.14297
-5.13624
-5.12506
-5.11432
-5.10394
-5.09736
-5.09225
-5.09028
-5.08874
-5.08569
-5.08047
-5.0758
-5.06904
-5.06314
-5.05945
-5.05724
-5.05425
-5.05287
-5.04935
-5.04272
-5.03598
-5.03004
-5.0298
-5.03511
-5.04858
-5.06935
-5.09396
-5.11905
-5.142
-5.15742
-5.16333
-5.16079
-5.14888
-5.13079
-5.11134
-5.09533
-5.08651
-5.0831
-5.08003
-5.07504
-5.06529
-5.05411
-5.04418
-5.04299
-5.05415
-5.07081
-5.08433
-5.08694
-5.07712
-5.05321
-5.01822
-4.97713
-4.93329
-4.89218
-4.85917
-4.84029
-4.83896
-4.85601
-4.88806
-4.92585
-4.96504
-5.00242
-5.03683
-5.06663
-5.0891
-5.10611
-5.1159
-5.11846
-5.11518
-5.10725
-5.09846
-5.09225
-5.08937
-5.08992
-5.09352
-5.095
-5.09434
-5.09142
-5.0862
-5.07767
-5.06281
-5.04186
-5.01418
-4.98197
-4.94667
-4.91416
-4.88849
-4.87404
-4.8719
-4.88066
-4.89497
-4.91142
-4.92576
-4.93575
-4.94007
-4.93871
-4.93678
-4.93526
-4.93557
-4.93687
-4.93775
-4.94065
-4.94541
-4.9511
-4.95674
-4.96495
-4.97394
-4.98774
-5.00794
-5.03311
-5.05929
-5.08201
-5.09551
-5.10154
-5.09846
-5.08622
-5.06582
-5.03983
-5.01154
-4.98687
-4.96616
-4.94999
-4.93692
-4.92621
-4.91708
-4.90884
-4.89975
-4.89149
-4.88533
-4.88575
-4.90117
-4.93064
-4.96617
-5.00061
-5.02876
-5.04961
-5.06451
-5.07368
-5.07845
-5.08165
-5.08317
-5.08345
-5.08208
-5.07592
-5.06581
-5.04906
-5.02539
-4.9969
-4.96642
-4.93494
-4.90961
-4.88899
-4.87521
-4.86716
-4.8665
-4.87365
-4.88595
-4.90442
-4.92616
-4.94986
-4.97485
-5.00182
-5.02788
-5.05108
-5.0735
-5.09062
-5.10325
-5.11183
-5.11696
-5.11885
-5.11707
-5.1146
-5.11375
-5.11481
-5.11654
-5.11628
-5.10869
-5.09242
-5.06597
-5.0292
-4.9863
-4.94061
-4.90041
-4.87041
-4.8564
-4.85874
-4.87634
-4.90363
-4.93415
-4.96358
-4.98606
-4.99965
-5.00332
-4.9958
-4.97941
-4.95673
-4.93448
-4.91426
-4.90023
-4.88909
-4.88148
-4.88054
-4.88944
-4.90987
-4.94227
-4.9794
-5.0151
-5.04326
-5.06471
-5.07807
-5.0823
-5.07848
-5.06817
-5.05429
-5.0395
-5.02769
-5.01954
-5.01109
-5.00322
-4.99204
-4.9781
-4.96448
-4.95575
-4.95705
-4.96629
-4.98207
-5.00158
-5.02241
-5.04431
-5.06512
-5.08371
-5.09973
-5.10934
-5.11431
-5.11577
-5.11292
-5.107
-5.09791
-5.08614
-5.07326
-5.06145
-5.05356
-5.05152
-5.05654
-5.06662
-5.07837
-5.09021
-5.09881
-5.10449
-5.10685
-5.10676
-5.10509
-5.10135
-5.09484
-5.08488
-5.07264
-5.05804
-5.0422
-5.02708
-5.01735
-5.0122
-5.01185
-5.01535
-5.01984
-5.02094
-5.01887
-5.0111
-4.99768
-4.98177
-4.96407
-4.94915
-4.93726
-4.93181
-4.92982
-4.92901
-4.92992
-4.92974
-4.93213
-4.9403
-4.95696
-4.97971
-5.00547
-5.0283
-5.04657
-5.0562
-5.05743
-5.05459
-5.05147
-5.0525
-5.05844
-5.06545
-5.07066
-5.06957
-5.06202
-5.04879
-5.03435
-5.02594
-5.02407
-5.02864
-5.03455
-5.0399
-5.04116
-5.03967
-5.0358
-5.03165
-5.02448
-5.0113
-4.99771
-4.98452
-4.97395
-4.96856
-4.96907
-4.97486
-4.98305
-4.99205
-5.00071
-5.00797
-5.01318
-5.01566
-5.01694
-5.01822
-5.01959
-5.02197
-5.02201
-5.02274
-5.02184
-5.01978
-5.01937
-5.02271
-5.02932
-5.0374
-5.04769
-5.05316
-5.05239
-5.04478
-5.03058
-5.01456
-4.9999
-4.99225
-4.99161
-4.99758
-5.00969
-5.02707
-5.04758
-5.06577
-5.07652
-5.07814
-5.0652
-5.03815
-5.00015
-4.95765
-4.91635
-4.8827
-4.86583
-4.8661
-4.88356
-4.91229
-4.94723
-4.98359
-5.01579
-5.0419
-5.0603
-5.07292
-5.08145
-5.08864
-5.09499
-5.09843
-5.10074
-5.09761
-5.0901
-5.07552
-5.05399
-5.02578
-4.99533
-4.9652
-4.94091
-4.92206
-4.90963
-4.9034
-4.89969
-4.89756
-4.89519
-4.89358
-4.8922
-4.89448
-4.89775
-4.90375
-4.91231
-4.92259
-4.93214
-4.93805
-4.94079
-4.94067
-4.94038
-4.93989
-4.94413
-4.95057
-4.95616
-4.96214
-4.96762
-4.97722
-4.99357
-5.01405
-5.03791
-5.06053
-5.07646
-5.0847
-5.08372
-5.07753
-5.06436
-5.04666
-5.02649
-5.00613
-4.98619
-4.97342
-4.96845
-4.97078
-4.97898
-4.98997
-5.00149
-5.01269
-5.01804
-5.01538
-5.00671
-4.99283
-4.97627
-4.96448
-4.95981
-4.96522
-4.97938
-4.99986
-5.02336
-5.04814
-5.07009
-5.08766
-5.10163
-5.11113
-5.11454
-5.11545
-5.11638
-5.11542
-5.11464
-5.11178
-5.10354
-5.09131
-5.0756
-5.06156
-5.05057
-5.04328
-5.04021
-5.03706
-5.03195
-5.02365
-5.01415
-5.00796
-5.0094
-5.02004
-5.03837
-5.0572
-5.07136
-5.07553
-5.07002
-5.05654
-5.03811
-5.01658
-4.99731
-4.98196
-4.96969
-4.95975
-4.94679
-4.9318
-4.91847
-4.91192
-4.91531
-4.92717
-4.94375
-4.96321
-4.98141
-5.00076
-5.01643
-5.02907
-5.03554
-5.03661
-5.03118
-5.02204
-5.01073
-4.99679
-4.97796
-4.95572
-4.93209
-4.91136
-4.89549
-4.88681
-4.88553
-4.8906
-4.90086
-4.91869
-4.94168
-4.96956
-5.00051
-5.02909
-5.05032
-5.05998
-5.05532
-5.03651
-5.00638
-4.97295
-4.93908
-4.9108
-4.88985
-4.8776
-4.87235
-4.87394
-4.88036
-4.89093
-4.90116
-4.91292
-4.92474
-4.9357
-4.94791
-4.96489
-4.98619
-5.0107
-5.03592
-5.05704
-5.0719
-5.08082
-5.08288
-5.07925
-5.07141
-5.05926
-5.04556
-5.0296
-5.01591
-5.00496
-4.99738
-4.99461
-4.99518
-4.99846
-5.00447
-5.01463
-5.02825
-5.048
-5.07119
-5.09611
-5.12173
-5.14717
-5.17193
-5.1951
-5.21564
-5.23255
-5.24272
-5.24435
-5.23711
-5.22065
-5.19301
-5.15509
-5.10729
-5.05167
-4.9913
-4.93453
-4.88766
-4.85427
-4.83981
-4.8434
-4.8648
-4.89804
-4.93868
-4.9783
-5.01546
-5.04549
-5.06849
-5.08268
-5.09095
-5.0937
-5.09175
-5.08948
-5.08639
-5.08832
-5.09654
-5.11061
-5.12839
-5.14756
-5.16493
-5.17276
-5.17198
-5.16086
-5.1397
-5.11344
-5.08466
-5.05476
-5.02543
-5.00013
-4.97893
-4.96665
-4.96361
-4.97007
-4.98001
-4.98835
-4.99273
-4.9943
-4.99268
-4.99232
-4.99464
-5.00099
-5.01308
-5.03055
-5.05274
-5.07524
-5.10037
-5.13032
-5.16417
-5.20116
-5.23616
-5.26488
-5.28192
-5.28506
-5.27482
-5.25054
-5.21435
-5.17014
-5.12144
-5.07116
-5.02539
-4.98656
-4.95607
-4.93258
-4.91563
-4.90415
-4.89636
-4.89133
-4.8853
-4.87933
-4.87579
-4.87582
-4.88193
-4.89274
-4.90965
-4.93021
-4.95116
-4.97101
-4.98994
-5.00682
-5.02091
-5.02914
-5.0312
-5.0255
-5.01083
-4.98987
-4.96407
-4.93725
-4.91289
-4.8944
-4.88029
-4.8722
-4.86997
-4.87273
-4.87759
-4.88582
-4.89383
-4.90331
-4.91387
-4.92275
-4.93103
-4.93737
-4.94254
-4.94678
-4.95137
-4.95614
-4.96405
-4.97325
-4.98707
-5.00588
-5.02765
-5.05397
-5.08002
-5.1038
-5.12435
-5.13943
-5.15029
-5.15412
-5.15064
-5.13611
-5.11617
-5.09021
-5.0642
-5.04072
-5.02964
-5.02906
-5.03605
-5.04602
-5.05706
-5.06621
-5.07532
-5.083
-5.09136
-5.0964
-5.09322
-5.08069
-5.05534
-5.01684
-4.96861
-4.91334
-4.85618
-4.80312
-4.76105
-4.73435
-4.72429
-4.73073
-4.7489
-4.77716
-4.80916
-4.84132
-4.87241
-4.90232
-4.93007
-4.95444
-4.97665
-4.99791
-5.01535
-5.03265
-5.04857
-5.06385
-5.07359
-5.07886
-5.0768
-5.0696
-5.05529
-5.03646
-5.0155
-4.9943
-4.97606
-4.96238
-4.95508
-4.95051
-4.95045
-4.95129
-4.95322
-4.9567
-4.95918
-4.96187
-4.96301
-4.9614
-4.95544
-4.94814
-4.93912
-4.93025
-4.92206
-4.91502
-4.90923
-4.90277
-4.89879
-4.89807
-4.90304
-4.9149
-4.93205
-4.94865
-4.95946
-4.96623
-4.97151
-4.98004
-4.99541
-5.01928
-5.04941
-5.08496
-5.11844
-5.14497
-5.16358
-5.17075
-5.16713
-5.15315
-5.13086
-5.10176
-5.06894
-5.03582
-5.00366
-4.97207
-4.94293
-4.91619
-4.89588
-4.88975
-4.89751
-4.9189
-4.94625
-4.97638
-5.00424
-5.02757
-5.04608
-5.05906
-5.06993
-5.07866
-5.08549
-5.09133
-5.09587
-5.09785
-5.09695
-5.09369
-5.08438
-5.07236
-5.0565
-5.03981
-5.02131
-5.0071
-5.00079
-4.99814
-5.00084
-5.00424
-5.00524
-5.00104
-4.99006
-4.97407
-4.95468
-4.93582
-4.92203
-4.91836
-4.93052
-4.95569
-4.99075
-5.02706
-5.06069
-5.08601
-5.10166
-5.10684
-5.10533
-5.09967
-5.09283
-5.08672
-5.08283
-5.07904
-5.0743
-5.06804
-5.05908
-5.04842
-5.03655
-5.02045
-5.00237
-4.98217
-4.96215
-4.9424
-4.9243
-4.91083
-4.90016
-4.89244
-4.88814
-4.88621
-4.88814
-4.89447
-4.90096
-4.90723
-4.91259
-4.91656
-4.91562
-4.90878
-4.89675
-4.88407
-4.87378
-4.86925
-4.87126
-4.87929
-4.89242
-4.91116
-4.9353
-4.96395
-4.99313
-5.02173
-5.04418
-5.06275
-5.07482
-5.08126
-5.08202
-5.07474
-5.0593
-5.03517
-5.00198
-4.96271
-4.92307
-4.88935
-4.87165
-4.87324
-4.89249
-4.92247
-4.95888
-4.99478
-5.02781
-5.05517
-5.07873
-5.09762
-5.11495
-5.12937
-5.14011
-5.14457
-5.14084
-5.12752
-5.10626
-5.07725
-5.04261
-5.00457
-4.96559
-4.9295
-4.90021
-4.8864
-4.8918
-4.91361
-4.94569
-4.98057
-5.01147
-5.0349
-5.05109
-5.05861
-5.05841
-5.0509
-5.03914
-5.02594
-5.01099
-4.99703
-4.98326
-4.9724
-4.96662
-4.97016
-4.98502
-5.01207
-5.04804
-5.0833
-5.11227
-5.12822
-5.12967
-5.11746
-5.09421
-5.06436
-5.03504
-5.01085
-4.99793
-4.99864
-5.00851
-5.02114
-5.0334
-5.04308
-5.04555
-5.04612
-5.04431
-5.04276
-5.04217
-5.04205
-5.03931
-5.03282
-5.02068
-5.00442
-4.98592
-4.9696
-4.95885
-4.95406
-4.95517
-4.96286
-4.97608
-4.99195
-5.01064
-5.03139
-5.05118
-5.066
-5.07644
-5.07854
-5.07035
-5.0521
-5.02568
-4.99298
-4.95768
-4.92516
-4.90357
-4.89592
-4.90529
-4.92941
-4.96296
-5.00065
-5.03629
-5.06491
-5.08573
-5.09917
-5.10887
-5.11694
-5.12657
-5.13718
-5.14654
-5.15105
-5.14815
-5.13785
-5.12334
-5.10894
-5.09527
-5.08299
-5.06887
-5.04878
-5.02313
-4.99252
-4.96749
-4.95366
-4.95466
-4.96755
-4.98656
-5.00613
-5.02155
-5.03214
-5.0383
-5.04071
-5.04292
-5.04661
-5.05272
-5.05708
-5.05963
-5.05893
-5.05287
-5.04276
-5.03128
-5.02077
-5.01205
-5.00499
-5.00094
-4.99768
-4.99558
-4.99343
-4.98936
-4.98258
-4.97273
-4.95803
-4.94114
-4.924
-4.91039
-4.9039
-4.90238
-4.90618
-4.90923
-4.91052
-4.91099
-4.90845
-4.905
-4.89975
-4.89594
-4.89333
-4.89111
-4.89056
-4.89276
-4.8966
-4.90196
-4.91038
-4.92069
-4.93384
-4.95315
-4.97615
-5.00238
-5.02887
-5.05212
-5.06752
-5.07473
-5.07499
-5.06874
-5.05808
-5.04511
-5.02921
-5.01143
-4.99437
-4.97941
-4.96838
-4.96126
-4.95808
-4.95782
-4.95882
-4.95858
-4.9537
-4.94659
-4.93873
-4.93181
-4.92956
-4.93333
-4.94452
-4.96242
-4.98781
-5.01805
-5.04733
-5.07155
-5.08354
-5.0826
-5.06969
-5.04511
-5.01832
-4.99323
-4.97419
-4.96649
-4.96988
-4.98294
-5.00321
-5.0255
-5.04459
-5.05718
-5.06103
-5.05521
-5.04124
-5.02029
-4.99701
-4.97338
-4.95172
-4.93466
-4.92162
-4.91541
-4.9144
-4.91812
-4.93
-4.94749
-4.96995
-4.99794
-5.02747
-5.05633
-5.0817
-5.09941
-5.10837
-5.10681
-5.09749
-5.08048
-5.05975
-5.03671
-5.01569
-4.99713
-4.98555
-4.9771
-4.97667
-4.98249
-4.99229
-5.00264
-5.00862
-5.00755
-4.99943
-4.98417
-4.96451
-4.94371
-4.92337
-4.90777
-4.90118
-4.90396
-4.91555
-4.93287
-4.95318
-4.97276
-4.98903
-4.99932
-5.0032
-5.00172
-4.99567
-4.98541
-4.97549
-4.96744
-4.96239
-4.9604
-4.9586
-4.95665
-4.95134
-4.945
-4.93922
-4.93603
-4.94033
-4.95073
-4.96661
-4.98771
-5.0085
-5.03067
-5.05682
-5.08596
-5.11783
-5.14772
-5.16822
-5.1779
-5.17273
-5.15763
-5.13181
-5.10115
-5.07011
-5.04349
-5.02485
-5.01244
-5.00419
-4.9962
-4.98705
-4.97814
-4.97275
-4.9745
-4.98245
-4.99326
-5.00814
-5.02255
-5.03569
-5.04811
-5.06107
-5.07212
-5.08215
-5.09102
-5.09856
-5.103
-5.1053
-5.10526
-5.10077
-5.09214
-5.07736
-5.05705
-5.03301
-5.00491
-4.97531
-4.94741
-4.92165
-4.90151
-4.8933
-4.89603
-4.90945
-4.92928
-4.95215
-4.9765
-5.00031
-5.02269
-5.04418
-5.06254
-5.07653
-5.08461
-5.08281
-5.07159
-5.05515
-5.03522
-5.01965
-5.00959
-5.00454
-4.99982
-4.98915
-4.97068
-4.94633
-4.92402
-4.9088
-4.90667
-4.91892
-4.9434
-4.97327
-5.00416
-5.03164
-5.05325
-5.06786
-5.07622
-5.0766
-5.07133
-5.065
-5.0573
-5.05313
-5.05311
-5.05564
-5.05854
-5.05701
-5.04912
-5.03435
-5.01604
-4.99427
-4.97282
-4.95002
-4.92918
-4.91378
-4.90634
-4.90789
-4.91746
-4.93505
-4.95898
-4.98649
-5.01374
-5.03562
-5.04889
-5.05197
-5.04432
-5.02689
-5.00105
-4.97236
-4.94345
-4.91606
-4.8934
-4.87701
-4.86668
-4.85959
-4.85422
-4.85174
-4.85061
-4.85187
-4.85728
-4.86793
-4.88413
-4.90527
-4.93053
-4.95665
-4.98194
-5.00286
-5.01628
-5.02123
-5.01643
-4.99826
-4.97057
-4.93642
-4.89824
-4.86296
-4.83578
-4.81839
-4.81199
-4.81717
-4.82728
-4.83973
-4.84949
-4.85481
-4.85245
-4.84231
-4.82532
-4.80597
-4.78591
-4.77146
-4.7649
-4.76661
-4.77911
-4.79918
-4.82746
-4.85707
-4.88687
-4.91238
-4.93115
-4.93991
-4.94118
-4.9351
-4.92292
-4.90705
-4.89077
-4.87964
-4.87731
-4.88623
-4.9074
-4.93766
-4.97302
-5.00817
-5.04086
-5.07164
-5.10048
-5.12631
-5.15235
-5.17393
-5.19191
-5.20336
-5.20879
-5.20526
-5.1938
-5.17595
-5.15511
-5.133
-5.1119
-5.0928
-5.07751
-5.0654
-5.05615
-5.04876
-5.04587
-5.04867
-5.05783
-5.07423
-5.09576
-5.11884
-5.14086
-5.15696
-5.16609
-5.16787
-5.16175
-5.14905
-5.13356
-5.11516
-5.09598
-5.07666
-5.05988
-5.04717
-5.03913
-5.03159
-5.01835
-5.00056
-4.98006
-4.95714
-4.93553
-4.92005
-4.91124
-4.90869
-4.91022
-4.91309
-4.91681
-4.91791
-4.91628
-4.91256
-4.90668
-4.90463
-4.90465
-4.9083
-4.9137
-4.9177
-4.91658
-4.91024
-4.89498
-4.87188
-4.8455
-4.82066
-4.80816
-4.81265
-4.83671
-4.874
-4.9172
-4.95548
-4.98302
-4.99635
-4.99677
-4.9831
-4.95922
-4.93248
-4.90819
-4.89683
-4.90118
-4.91643
-4.94056
-4.96744
-4.99373
-5.01739
-5.03492
-5.04424
-5.04815
-5.04333
-5.03065
-5.01324
-4.99116
-4.96719
-4.94702
-4.93179
-4.92485
-4.92332
-4.92604
-4.93124
-4.93702
-4.94319
-4.95149
-4.96035
-4.97048
-4.97981
-4.98743
-4.99349
-5.00074
-5.00791
-5.01649
-5.02644
-5.03614
-5.04523
-5.05036
-5.05011
-5.04524
-5.03267
-5.01502
-4.99552
-4.97381
-4.95597
-4.94482
-4.94182
-4.94566
-4.95477
-4.96776
-4.98296
-4.99807
-5.01329
-5.02731
-5.03888
-5.05003
-5.06205
-5.07384
-5.08267
-5.08788
-5.08755
-5.08222
-5.06915
-5.05293
-5.03544
-5.0204
-5.0067
-4.99825
-4.99318
-4.98935
-4.98888
-4.98855
-4.98842
-4.98985
-4.99441
-5.00162
-5.01035
-5.02092
-5.03279
-5.04329
-5.05354
-5.06453
-5.0736
-5.08016
-5.08275
-5.08117
-5.07558
-5.06787
-5.06171
-5.05804
-5.05517
-5.05257
-5.05216
-5.05055
-5.04649
-5.03946
-5.03281
-5.02599
-5.02035
-5.01972
-5.02526
-5.03376
-5.04067
-5.04543
-5.04678
-5.04189
-5.03735
-5.03427
-5.03333
-5.03602
-5.04594
-5.0623
-5.08082
-5.09872
-5.11299
-5.12053
-5.11906
-5.1092
-5.09295
-5.0748
-5.05601
-5.04204
-5.03008
-5.02126
-5.01279
-5.00479
-4.99643
-4.98529
-4.97322
-4.95867
-4.94112
-4.92349
-4.90404
-4.88344
-4.86184
-4.839
-4.81616
-4.79285
-4.77551
-4.76588
-4.76588
-4.77507
-4.79085
-4.81163
-4.8371
-4.86744
-4.90057
-4.93348
-4.95895
-4.97406
-4.97579
-4.96517
-4.94328
-4.91633
-4.88903
-4.86403
-4.84384
-4.83026
-4.82584
-4.82841
-4.83429
-4.84224
-4.84908
-4.85385
-4.85912
-4.86346
-4.87333
-4.89079
-4.91774
-4.95092
-4.98412
-5.01234
-5.03293
-5.04661
-5.05778
-5.06896
-5.07924
-5.08797
-5.09496
-5.09869
-5.09883
-5.09341
-5.08228
-5.06341
-5.03803
-5.00612
-4.97128
-4.93666
-4.90657
-4.88369
-4.86743
-4.85807
-4.85432
-4.85798
-4.86394
-4.87623
-4.89361
-4.91685
-4.94194
-4.96696
-4.98843
-5.00155
-5.00803
-5.00566
-4.99995
-4.992
-4.98572
-4.98159
-4.982
-4.98944
-4.99961
-5.01015
-5.01735
-5.01622
-5.00575
-4.98676
-4.96181
-4.93855
-4.9219
-4.91557
-4.92163
-4.93563
-4.95461
-4.97774
-5.00149
-5.02511
-5.0444
-5.05853
-5.0639
-5.05725
-5.03949
-5.01297
-4.98182
-4.95445
-4.93693
-4.9323
-4.9384
-4.95063
-4.96752
-4.9839
-5.002
-5.01128
-5.0125
-5.00441
-4.98599
-4.96101
-4.93168
-4.90285
-4.87782
-4.85951
-4.85214
-4.85222
-4.86004
-4.86896
-4.87547
-4.87701
-4.87542
-4.87382
-4.87317
-4.87556
-4.88316
-4.89253
-4.90103
-4.90603
-4.90559
-4.9018
-4.89353
-4.8899
-4.8898
-4.89313
-4.89939
-4.90296
-4.90277
-4.89548
-4.8855
-4.87451
-4.8673
-4.86642
-4.87033
-4.87815
-4.89153
-4.90817
-4.92998
-4.9539
-4.97884
-5.00151
-5.01607
-5.02268
-5.01839
-5.00511
-4.98409
-4.95922
-4.93315
-4.91329
-4.89944
-4.89377
-4.89743
-4.90669
-4.92223
-4.93987
-4.95895
-4.97602
-4.98884
-4.99503
-4.99318
-4.98256
-4.9635
-4.93977
-4.91635
-4.89957
-4.8928
-4.899
-4.91757
-4.94251
-4.96996
-4.99869
-5.02302
-5.04536
-5.06412
-5.08072
-5.09426
-5.10463
-5.11195
-5.11393
-5.11238
-5.10499
-5.09629
-5.08616
-5.07724
-5.06893
-5.06336
-5.05817
-5.05307
-5.04764
-5.03962
-5.02822
-5.01364
-4.99707
-4.98301
-4.97583
-4.97785
-4.9879
-5.00639
-5.02922
-5.0522
-5.0742
-5.09235
-5.10534
-5.11251
-5.11268
-5.10965
-5.10321
-5.09406
-5.08509
-5.07848
-5.07552
-5.07481
-5.07484
-5.07076
-5.06456
-5.05446
-5.04028
-5.02728
-5.01581
-5.00844
-5.00655
-5.00988
-5.01574
-5.02495
-5.0351
-5.04603
-5.05696
-5.06872
-5.0846
-5.10247
-5.12103
-5.13812
-5.15102
-5.15583
-5.15171
-5.13961
-5.12156
-5.10015
-5.07947
-5.06046
-5.04567
-5.0327
-5.0206
-5.0074
-4.99027
-4.9673
-4.9334
-4.88958
-4.8423
-4.79623
-4.75731
-4.73443
-4.72902
-4.73665
-4.75237
-4.77079
-4.78754
-4.80326
-4.81786
-4.83065
-4.84285
-4.85343
-4.86787
-4.88653
-4.91041
-4.9406
-4.9714
-5.00125
-5.02626
-5.04533
-5.0569
-5.06107
-5.05704
-5.04464
-5.02551
-5.00201
-4.97603
-4.94901
-4.92579
-4.90797
-4.89838
-4.89657
-4.90286
-4.91542
-4.93335
-4.95563
-4.98002
-5.0049
-5.02702
-5.04516
-5.05834
-5.06749
-5.07372
-5.07686
-5.07909
-5.08214
-5.08738
-5.09501
-5.1035
-5.10646
-5.10051
-5.08656
-5.0684
-5.05047
-5.03761
-5.03162
-5.02999
-5.03001
-5.02731
-5.02229
-5.01412
-5.00412
-4.99255
-4.97904
-4.96567
-4.95399
-4.94553
-4.94805
-4.972
-5.01002
-5.05239
-5.08407
-5.10169
-5.10492
-5.09578
-5.08027
-5.06163
-5.04291
-5.02575
-5.01321
-5.00299
-4.99583
-4.98955
-4.98259
-4.97342
-4.96466
-4.95625
-4.95111
-4.94889
-4.95434
-4.96709
-4.98571
-5.00788
-5.03093
-5.05033
-5.0639
-5.07099
-5.07221
-5.07018
-5.069
-5.07043
-5.07354
-5.08038
-5.0896
-5.09902
-5.10847
-5.11682
-5.12207
-5.12339
-5.1203
-5.11384
-5.10458
-5.09595
-5.09
-5.08748
-5.0869
-5.08848
-5.09135
-5.09495
-5.09357
-5.087
-5.07646
-5.06097
-5.04267
-5.02408
-5.00628
-4.99278
-4.98731
-4.99042
-5.00391
-5.02626
-5.05361
-5.0819
-5.10641
-5.12833
-5.14347
-5.15474
-5.16463
-5.17093
-5.17523
-5.17767
-5.17755
-5.17245
-5.16636
-5.15825
-5.15019
-5.14216
-5.13466
-5.12807
-5.12229
-5.12055
-5.12292
-5.12899
-5.14064
-5.15301
-5.16271
-5.16493
-5.15846
-5.14136
-5.11605
-5.08107
-5.04214
-5.00358
-4.97413
-4.95795
-4.95812
-4.97079
-4.99161
-5.01657
-5.04146
-5.0621
-5.07996
-5.08862
-5.08985
-5.08361
-5.07049
-5.05409
-5.03465
-5.01332
-4.99515
-4.97951
-4.96882
-4.96195
-4.95876
-4.95778
-4.95703
-4.95612
-4.95528
-4.9542
-4.9576
-4.96351
-4.97604
-4.99351
-5.01803
-5.04911
-5.08525
-5.12276
-5.16148
-5.19591
-5.22281
-5.24048
-5.24698
-5.24213
-5.22546
-5.19871
-5.16259
-5.12234
-5.07911
-5.03692
-4.99934
-4.96737
-4.94449
-4.93118
-4.92599
-4.9256
-4.92677
-4.93234
-4.94137
-4.95548
-4.97343
-4.99221
-5.01035
-5.02686
-5.04498
-5.0638
-5.08351
-5.10057
-5.11281
-5.11643
-5.11226
-5.10573
-5.09909
-5.09175
-5.08499
-5.0783
-5.07044
-5.06091
-5.0488
-5.03677
-5.02461
-5.01637
-5.01024
-5.0077
-5.0028
-4.99628
-4.98695
-4.97952
-4.97656
-4.97857
-4.98425
-4.98947
-4.99428
-4.99966
-5.00416
-5.01009
-5.01754
-5.0252
-5.03488
-5.04688
-5.0623
-5.07481
-5.08251
-5.08017
-5.06651
-5.0449
-5.01759
-4.98813
-4.96167
-4.93902
-4.92588
-4.92499
-4.93597
-4.95534
-4.97321
-4.98062
-4.97686
-4.96376
-4.94516
-4.92598
-4.91075
-4.89853
-4.89141
-4.88631
-4.88437
-4.88376
-4.88465
-4.88365
-4.88053
-4.87631
-4.87568
-4.88348
-4.90232
-4.93066
-4.96116
-4.98633
-5.00426
-5.01192
-5.01039
-5.00606
-5.0016
-5.00179
-5.00859
-5.02269
-5.04153
-5.06035
-5.07398
-5.08224
-5.08329
-5.07647
-5.06543
-5.04997
-5.03477
-5.02135
-5.01042
-5.00357
-4.9989
-4.99738
-4.99687
-4.99462
-4.99274
-4.99174
-4.99236
-4.99516
-5.00213
-5.01229
-5.02531
-5.03935
-5.05243
-5.06429
-5.07187
-5.07418
-5.06915
-5.05882
-5.04043
-5.01468
-4.98415
-4.95154
-4.92114
-4.89823
-4.88624
-4.88919
-4.90637
-4.93369
-4.96706
-5.00093
-5.03416
-5.06231
-5.08376
-5.09826
-5.10228
-5.09829
-5.09257
-5.08639
-5.0842
-5.08627
-5.09181
-5.09994
-5.10234
-5.09803
-5.08564
-5.06622
-5.03863
-5.00486
-4.96668
-4.92692
-4.88992
-4.85946
-4.84116
-4.83536
-4.84085
-4.85393
-4.86961
-4.88255
-4.8872
-4.88477
-4.87443
-4.8654
-4.86444
-4.8747
-4.89504
-4.91928
-4.94114
-4.9553
-4.96164
-4.95891
-4.9495
-4.93736
-4.92589
-4.92051
-4.92254
-4.92858
-4.93433
-4.93723
-4.9373
-4.9334
-4.93027
-4.9282
-4.92881
-4.9302
-4.93272
-4.93035
-4.9225
-4.90841
-4.89025
-4.87247
-4.85942
-4.85725
-4.86431
-4.88304
-4.90703
-4.93368
-4.96071
-4.98559
-5.00804
-5.02927
-5.04704
-5.06211
-5.0715
-5.07656
-5.07369
-5.06454
-5.05079
-5.03219
-5.01118
-4.98735
-4.96408
-4.94538
-4.93017
-4.92181
-4.91642
-4.91216
-4.90635
-4.89646
-4.88399
-4.86981
-4.85577
-4.84422
-4.8366
-4.83244
-4.83027
-4.82771
-4.82205
-4.80932
-4.79038
-4.76723
-4.74731
-4.73649
-4.73615
-4.74524
-4.7589
-4.76978
-4.77776
-4.78092
-4.7836
-4.78589
-4.78994
-4.79192
-4.78936
-4.78477
-4.78287
-4.79028
-4.80943
-4.83934
-4.87571
-4.91123
-4.94002
-4.95881
-4.9665
-4.96577
-4.95873
-4.94938
-4.93961
-4.93322
-4.93186
-4.93503
-4.94201
-4.95029
-4.95945
-4.96764
-4.97735
-4.98786
-4.99742
-5.00459
-5.0115
-5.01492
-5.01429
-5.00865
-4.99885
-4.98413
-4.96644
-4.94722
-4.9294
-4.91108
-4.89338
-4.87877
-4.86442
-4.85123
-4.84213
-4.83763
-4.83686
-4.84065
-4.8471
-4.85308
-4.85785
-4.86427
-4.8678
-4.86985
-4.86776
-4.86336
-4.85639
-4.8507
-4.84587
-4.84669
-4.85043
-4.85658
-4.8636
-4.87183
-4.88305
-4.89829
-4.91521
-4.93436
-4.95141
-4.96668
-4.978
-4.98607
-4.98824
-4.98529
-4.97637
-4.96074
-4.93921
-4.91545
-4.89205
-4.87212
-4.85861
-4.85425
-4.86167
-4.87964
-4.90731
-4.94189
-4.97844
-5.01322
-5.04335
-5.06488
-5.0742
-5.07391
-5.06155
-5.04005
-5.01424
-4.9876
-4.96424
-4.94361
-4.92791
-4.91789
-4.91271
-4.91328
-4.91712
-4.92151
-4.9256
-4.93224
-4.94283
-4.95852
-4.9772
-4.99684
-5.01415
-5.02733
-5.03447
-5.03686
-5.03502
-5.02925
-5.02286
-5.01676
-5.01182
-5.00896
-5.00976
-5.01426
-5.0231
-5.03464
-5.04931
-5.06529
-5.07976
-5.09327
-5.10449
-5.11464
-5.12053
-5.12372
-5.12436
-5.12255
-5.11532
-5.10456
-5.08955
-5.06842
-5.04471
-5.01781
-4.99317
-4.97451
-4.9637
-4.96167
-4.96818
-4.98083
-4.99922
-5.01895
-5.04293
-5.06982
-5.09624
-5.11879
-5.13476
-5.14415
-5.14371
-5.13259
-5.11291
-5.08568
-5.05643
-5.03101
-5.01601
-5.01412
-5.02345
-5.03874
-5.05108
-5.05753
-5.05645
-5.04525
-5.02637
-5.00758
-4.9908
-4.97691
-4.97058
-4.97492
-4.98759
-5.00825
-5.02869
-5.04719
-5.0606
-5.06592
-5.06853
-5.06922
-5.06652
-5.06329
-5.06019
-5.05513
-5.04943
-5.04602
-5.04497
-5.04644
-5.05258
-5.0622
-5.07429
-5.08693
-5.09735
-5.1044
-5.1042
-5.09918
-5.08725
-5.07239
-5.05226
-5.03328
-5.01631
-5.00236
-4.99155
-4.98194
-4.97458
-4.9685
-4.96384
-4.96114
-4.96038
-4.96199
-4.97112
-4.98483
-5.00398
-5.0251
-5.04791
-5.06948
-5.08876
-5.10542
-5.11915
-5.12927
-5.13201
-5.12937
-5.11965
-5.10751
-5.09628
-5.08982
-5.08939
-5.09305
-5.09652
-5.09619
-5.09339
-5.08704
-5.07654
-5.06501
-5.0531
-5.04505
-5.04438
-5.05262
-5.0702
-5.0928
-5.11443
-5.13311
-5.14378
-5.14332
-5.13083
-5.10963
-5.07955
-5.04576
-5.01497
-4.99032
-4.97541
-4.96945
-4.96856
-4.9694
-4.96947
-4.96868
-4.96817
-4.96916
-4.97209
-4.97865
-4.98983
-5.00482
-5.02096
-5.03662
-5.04841
-5.05605
-5.05774
-5.05533
-5.05166
-5.04632
-5.04164
-5.03694
-5.03048
-5.02213
-5.01223
-5.0019
-4.99109
-4.98076
-4.9724
-4.9679
-4.96608
-4.96814
-4.97285
-4.98053
-4.98868
-4.9944
-4.99782
-4.9967
-4.99239
-4.9879
-4.98443
-4.98566
-4.99301
-5.007
-5.02349
-5.04025
-5.05543
-5.0687
-5.08043
-5.09006
-5.09889
-5.10515
-5.10871
-5.10741
-5.10176
-5.0934
-5.08141
-5.06684
-5.0466
-5.0227
-4.9947
-4.95841
-4.91858
-4.87826
-4.84275
-4.81848
-4.80868
-4.81254
-4.82889
-4.8559
-4.88975
-4.9278
-4.96519
-4.99961
-5.02429
-5.03645
-5.03751
-5.02704
-5.00776
-4.98754
-4.96877
-4.95794
-4.9547
-4.95804
-4.96276
-4.96666
-4.97028
-4.97479
-4.98185
-4.99165
-5.00336
-5.0122
-5.01787
-5.01757
-5.01029
-5.00102
-4.9917
-4.9855
-4.98323
-4.98791
-4.99659
-5.00661
-5.01468
-5.01896
-5.01635
-5.00902
-4.99504
-4.97723
-4.9587
-4.94128
-4.92703
-4.92039
-4.91941
-4.92387
-4.92841
-4.9307
-4.92665
-4.91519
-4.89813
-4.87888
-4.86465
-4.85731
-4.85708
-4.86419
-4.87532
-4.88912
-4.90083
-4.91038
-4.91688
-4.91973
-4.92351
-4.92865
-4.9349
-4.94083
-4.94506
-4.94804
-4.94855
-4.95155
-4.95722
-4.96767
-4.98058
-4.99279
-5.00255
-5.00692
-5.00871
-5.01109
-5.01342
-5.01718
-5.01992
-5.01927
-5.01181
-4.99945
-4.98527
-4.96709
-4.94996
-4.93446
-4.91958
-4.90493
-4.8911
-4.87891
-4.87071
-4.86987
-4.88008
-4.90119
-4.93272
-4.96863
-5.00564
-5.03614
-5.05447
-5.06066
-5.05253
-5.03183
-5.00139
-4.96345
-4.92489
-4.89349
-4.87842
-4.88227
-4.90158
-4.93238
-4.96689
-4.99846
-5.02484
-5.04109
-5.04949
-5.05071
-5.0469
-5.04091
-5.03618
-5.03263
-5.03232
-5.03235
-5.03391
-5.03702
-5.04019
-5.03884
-5.03347
-5.01957
-4.99687
-4.96757
-4.93826
-4.91599
-4.90757
-4.91278
-4.92625
-4.94199
-4.95439
-4.9574
-4.95065
-4.93388
-4.90693
-4.87546
-4.84468
-4.82106
-4.81161
-4.81887
-4.83824
-4.86625
-4.89653
-4.92494
-4.94687
-4.9623
-4.9702
-4.96995
-4.96174
-4.94617
-4.93141
-4.92468
-4.93066
-4.95279
-4.9832
-5.01331
-5.03839
-5.05458
-5.06274
-5.05928
-5.04855
-5.03092
-5.009
-4.98584
-4.96406
-4.94622
-4.93483
-4.93113
-4.93741
-4.95104
-4.9672
-4.98005
-4.98953
-4.99374
-4.99299
-4.98846
-4.9819
-4.97341
-4.9616
-4.94823
-4.93582
-4.92812
-4.9254
-4.93062
-4.93825
-4.94381
-4.94491
-4.94228
-4.9364
-4.93226
-4.93251
-4.93954
-4.95126
-4.96667
-4.98071
-4.99162
-4.9969
-4.99452
-4.98446
-4.96807
-4.94358
-4.91505
-4.88829
-4.86992
-4.86323
-4.86935
-4.88886
-4.91634
-4.94935
-4.98385
-5.01667
-5.04632
-5.07106
-5.09061
-5.10468
-5.11512
-5.12096
-5.12072
-5.11196
-5.09638
-5.07568
-5.05333
-5.03278
-5.0147
-4.99919
-4.98526
-4.97341
-4.96184
-4.95367
-4.94834
-4.94515
-4.94268
-4.94023
-4.93581
-4.93109
-4.93013
-4.93306
-4.94286
-4.95903
-4.97857
-4.99743
-5.01361
-5.02513
-5.03057
-5.02963
-5.02337
-5.01257
-5.0011
-4.99124
-4.98595
-4.98445
-4.9861
-4.98872
-4.99617
-5.00612
-5.0187
-5.03209
-5.04043
-5.04216
-5.03508
-5.02057
-5.00145
-4.97996
-4.96099
-4.94328
-4.92899
-4.91648
-4.90642
-4.89948
-4.89502
-4.89642
-4.90225
-4.91617
-4.93808
-4.9676
-4.9994
-5.02759
-5.04764
-5.05929
-5.06101
-5.05255
-5.03913
-5.02286
-5.00615
-4.99065
-4.97871
-4.96992
-4.96345
-4.95855
-4.95462
-4.95108
-4.94682
-4.93986
-4.93274
-4.92555
-4.92254
-4.92712
-4.93666
-4.94738
-4.95369
-4.95529
-4.95541
-4.9588
-4.97053
-4.99461
-5.03144
-5.07547
-5.12023
-5.16005
-5.19122
-5.20889
-5.21202
-5.20283
-5.18474
-5.16111
-5.13529
-5.10778
-5.08061
-5.05286
-5.02594
-5.00087
-4.97871
-4.95997
-4.94693
-4.93784
-4.93014
-4.92594
-4.92618
-4.93145
-4.9401
-4.95284
-4.96629
-4.98113
-4.99209
-5.00034
-5.00422
-5.0058
-5.00663
-5.00651
-5.00515
-5.00287
-4.99834
-4.99241
-4.98411
-4.97651
-4.97113
-4.97075
-4.97835
-4.99274
-5.01293
-5.03799
-5.06145
-5.08288
-5.09388
-5.09331
-5.0817
-5.06073
-5.03257
-5.00434
-4.9797
-4.96354
-4.95549
-4.95544
-4.96192
-4.97149
-4.97982
-4.98572
-4.98514
-4.98116
-4.97145
-4.95916
-4.94716
-4.93904
-4.93732
-4.94322
-4.96
-4.98393
-5.00993
-5.03239
-5.04905
-5.05819
-5.06022
-5.05543
-5.04882
-5.04463
-5.04383
-5.04768
-5.05528
-5.06339
-5.06897
-5.0715
-5.06972
-5.06111
-5.04678
-5.02545
-5.00152
-4.9803
-4.96367
-4.9552
-4.95096
-4.94886
-4.94496
-4.93462
-4.91825
-4.89857
-4.87685
-4.85674
-4.84657
-4.84611
-4.85677
-4.87607
-4.90073
-4.92788
-4.95662
-4.98834
-5.02384
-5.06006
-5.09577
-5.12568
-5.14703
-5.16131
-5.16734
-5.16694
-5.16117
-5.15042
-5.13433
-5.11603
-5.09711
-5.08006
-5.06476
-5.05189
-5.04175
-5.03481
-5.02954
-5.02689
-5.02826
-5.03448
-5.04785
-5.06823
-5.09333
-5.11962
-5.14692
-5.1709
-5.18902
-5.19633
-5.19255
-5.18002
-5.16095
-5.13724
-5.11377
-5.09133
-5.07196
-5.05641
-5.0466
-5.04275
-5.04452
-5.0536
-5.06647
-5.08203
-5.09767
-5.11142
-5.12139
-5.12635
-5.12535
-5.11976
-5.11093
-5.10029
-5.09146
-5.08437
-5.08001
-5.08005
-5.08439
-5.09302
-5.10271
-5.11115
-5.11548
-5.11127
-5.10004
-5.08376
-5.065
-5.05012
-5.04607
-5.05506
-5.07269
-5.093
-5.10855
-5.1187
-5.11885
-5.11137
-5.09667
-5.07859
-5.05856
-5.03679
-5.01438
-4.99326
-4.97541
-4.96286
-4.95736
-4.96156
-4.97381
-4.98802
-5.00027
-5.00954
-5.01409
-5.01656
-5.01742
-5.01695
-5.01752
-5.02178
-5.02779
-5.03775
-5.04526
-5.04993
-5.0467
-5.03421
-5.0166
-4.99529
-4.9745
-4.95937
-4.95043
-4.94593
-4.94554
-4.94975
-4.95578
-4.96648
-4.98126
-4.9992
-5.01782
-5.03533
-5.04653
-5.04866
-5.04379
-5.03051
-5.01239
-4.99299
-4.9776
-4.96998
-4.97585
-4.99308
-5.01552
-5.04027
-5.0608
-5.07789
-5.09035
-5.09725
-5.10241
-5.10463
-5.1043
-5.1031
-5.10008
-5.09628
-5.09332
-5.09045
-5.09138
-5.09292
-5.09636
-5.10001
-5.10381
-5.10819
-5.11337
-5.11884
-5.12578
-5.13214
-5.13752
-5.14205
-5.14239
-5.13745
-5.12532
-5.10346
-5.07326
-5.03475
-4.99395
-4.95678
-4.9294
-4.91823
-4.92408
-4.94404
-4.97536
-5.01383
-5.05187
-5.08808
-5.12069
-5.14618
-5.16473
-5.17507
-5.17878
-5.17519
-5.17098
-5.16638
-5.1626
-5.16008
-5.15535
-5.14673
-5.13381
-5.11552
-5.09089
-5.06255
-5.03285
-5.00119
-4.97299
-4.94947
-4.93169
-4.92329
-4.92394
-4.93232
-4.94588
-4.96471
-4.98509
-5.00296
-5.0177
-5.02524
-5.0239
-5.01193
-4.99041
-4.96028
-4.92889
-4.89905
-4.87696
-4.86224
-4.85542
-4.85457
-4.8574
-4.8603
-4.86325
-4.86464
-4.86449
-4.85895
-4.85052
-4.83587
-4.81886
-4.80316
-4.7943
-4.79561
-4.80815
-4.82987
-4.85494
-4.88083
-4.90663
-4.93159
-4.95728
-4.98427
-5.01136
-5.03719
-5.05976
-5.07545
-5.08367
-5.08589
-5.08106
-5.07083
-5.05525
-5.03702
-5.01975
-5.0042
-4.9904
-4.98181
-4.97452
-4.96838
-4.96183
-4.95868
-4.95666
-4.95826
-4.96069
-4.96493
-4.96883
-4.97199
-4.97308
-4.97036
-4.96218
-4.94906
-4.92819
-4.90335
-4.87501
-4.84806
-4.82537
-4.81009
-4.80353
-4.80555
-4.81494
-4.83289
-4.85419
-4.87942
-4.90571
-4.93308
-4.96185
-4.98981
-5.01445
-5.03567
-5.05159
-5.06327
-5.07222
-5.07564
-5.07216
-5.06027
-5.04472
-5.02561
-5.00903
-4.99821
-4.99381
-4.99677
-5.00368
-5.01261
-5.0208
-5.027
-5.02822
-5.02373
-5.01438
-5.00357
-4.99233
-4.98395
-4.97837
-4.97731
-4.97587
-4.97574
-4.97342
-4.9713
-4.96549
-4.9574
-4.94328
-4.92253
-4.89567
-4.86564
-4.83717
-4.81156
-4.7944
-4.78683
-4.78835
-4.79904
-4.81919
-4.85201
-4.89432
-4.94149
-4.98565
-5.01787
-5.03557
-5.03494
-5.01215
-4.97128
-4.92169
-4.87822
-4.85259
-4.84598
-4.85263
-4.86662
-4.8824
-4.89843
-4.91109
-4.92083
-4.92931
-4.93465
-4.93784
-4.9398
-4.94599
-4.95666
-4.97097
-4.98789
-5.00555
-5.02175
-5.03333
-5.04009
-5.03997
-5.03439
-5.02559
-5.0147
-5.00692
-5.00365
-5.00571
-5.01281
-5.02326
-5.03414
-5.04184
-5.0456
-5.04508
-5.03781
-5.02658
-5.0107
-4.99411
-4.98076
-4.97298
-4.97241
-4.97867
-4.99114
-5.00767
-5.02794
-5.04805
-5.06747
-5.08599
-5.10083
-5.11185
-5.11705
-5.1153
-5.10699
-5.09188
-5.07378
-5.05422
-5.03595
-5.02137
-5.01346
-5.0103
-5.01266
-5.01845
-5.02476
-5.02932
-5.02956
-5.02214
-5.00712
-4.9875
-4.96788
-4.95296
-4.94641
-4.95241
-4.96955
-4.99207
-5.01559
-5.0363
-5.05022
-5.05754
-5.05347
-5.03971
-5.01674
-4.99077
-4.96653
-4.94635
-4.93631
-4.93761
-4.94634
-4.96178
-4.98041
-5.00077
-5.01997
-5.03394
-5.04039
-5.03484
-5.01858
-4.99622
-4.97308
-4.95495
-4.94455
-4.94348
-4.95292
-4.97003
-4.99188
-5.01636
-5.0418
-5.0635
-5.08115
-5.09443
-5.10478
-5.1101
-5.10576
-5.09068
-5.06639
-5.0375
-5.00745
-4.98352
-4.97107
-4.96967
-4.97661
-4.98596
-4.99473
-4.99997
-4.99867
-4.99247
-4.9845
-4.97899
-4.97523
-4.9786
-4.98937
-5.0065
-5.0289
-5.05243
-5.07266
-5.08895
-5.09946
-5.10576
-5.10573
-5.10227
-5.09433
-5.08723
-5.08233
-5.08062
-5.08267
-5.08499
-5.08469
-5.07701
-5.06175
-5.0403
-5.01439
-4.9863
-4.95721
-4.9304
-4.90835
-4.89349
-4.88843
-4.89284
-4.90235
-4.91282
-4.91815
-4.92115
-4.92274
-4.9256
-4.93135
-4.94132
-4.9563
-4.97363
-4.99022
-5.00247
-5.00782
-5.00051
-4.98339
-4.96358
-4.94812
-4.9425
-4.94194
-4.94111
-4.93792
-4.93418
-4.92924
-4.92388
-4.91838
-4.90992
-4.89885
-4.88645
-4.87679
-4.8695
-4.86648
-4.86908
-4.8791
-4.8932
-4.91096
-4.92819
-4.94368
-4.95743
-4.96585
-4.97069
-4.97245
-4.97452
-4.9777
-4.9811
-4.98659
-4.99344
-4.99835
-5.0041
-5.00483
-4.99982
-4.99014
-4.97444
-4.95327
-4.93237
-4.91317
-4.89898
-4.89428
-4.8989
-4.91534
-4.9405
-4.97018
-4.99661
-5.01732
-5.03104
-5.03968
-5.04104
-5.03791
-5.03014
-5.0183
-5.00459
-4.98688
-4.96611
-4.94129
-4.91752
-4.89304
-4.87367
-4.86129
-4.8573
-4.86094
-4.87315
-4.88902
-4.90867
-4.92462
-4.93646
-4.94211
-4.94372
-4.94554
-4.95243
-4.96315
-4.97434
-4.98498
-4.98929
-4.98786
-4.97969
-4.96732
-4.95537
-4.94808
-4.94761
-4.95483
-4.96532
-4.97632
-4.98402
-4.98774
-4.98838
-4.98608
-4.98446
-4.9854
-4.98906
-4.99452
-5.00204
-5.00886
-5.01301
-5.01637
-5.01859
-5.01865
-5.01927
-5.0181
-5.01778
-5.01919
-5.02298
-5.02967
-5.03811
-5.04875
-5.05994
-5.06747
-5.07233
-5.07278
-5.06785
-5.05774
-5.0421
-5.0227
-5.00031
-4.97811
-4.96039
-4.95315
-4.95633
-4.97148
-4.99496
-5.02191
-5.04481
-5.06019
-5.06539
-5.0626
-5.05563
-5.04824
-5.04246
-5.04507
-5.0531
-5.06335
-5.07337
-5.07949
-5.08075
-5.07418
-5.06118
-5.04049
-5.01219
-4.98052
-4.94987
-4.92576
-4.90912
-4.9016
-4.90247
-4.91317
-4.93263
-4.95825
-4.98824
-5.0189
-5.0482
-5.07288
-5.08916
-5.09676
-5.09511
-5.08354
-5.0644
-5.03931
-5.01451
-4.99256
-4.97661
-4.96961
-4.96977
-4.97472
-4.98069
-4.98394
-4.98112
-4.97171
-4.9566
-4.93888
-4.92064
-4.90288
-4.88523
-4.86959
-4.85811
-4.85048
-4.84788
-4.85286
-4.86364
-4.87941
-4.89877
-4.92131
-4.94358
-4.96424
-4.98091
-4.99535
-5.00412
-5.00855
-5.00663
-5.00136
-4.99315
-4.98775
-4.98552
-4.99129
-5.00124
-5.01375
-5.02732
-5.03772
-5.04478
-5.0458
-5.0417
-5.03131
-5.01757
-5.00593
-5.0004
-4.99967
-4.99918
-5.00009
-5.00462
-5.01343
-5.02564
-5.04083
-5.05427
-5.06232
-5.06592
-5.06702
-5.06332
-5.05922
-5.05346
-5.04708
-5.04121
-5.03735
-5.03434
-5.03132
-5.02541
-5.01864
-5.00912
-4.99735
-4.98268
-4.96554
-4.94849
-4.93347
-4.92317
-4.92076
-4.92377
-4.9297
-4.93668
-4.94309
-4.94527
-4.94061
-4.93004
-4.9153
-4.90355
-4.89516
-4.89531
-4.90018
-4.90912
-4.9205
-4.9324
-4.94595
-4.96047
-4.97163
-4.97867
-4.97709
-4.97092
-4.95996
-4.9451
-4.92989
-4.91844
-4.90964
-4.90398
-4.90215
-4.90068
-4.90293
-4.90779
-4.91365
-4.92343
-4.93467
-4.94515
-4.95659
-4.96791
-4.98096
-4.99812
-5.01654
-5.03468
-5.05082
-5.06532
-5.07567
-5.08089
-5.083
-5.0797
-5.07089
-5.06005
-5.04797
-5.03322
-5.01784
-4.99959
-4.98096
-4.96273
-4.94424
-4.92724
-4.91147
-4.90074
-4.89444
-4.89655
-4.91013
-4.93302
-4.96037
-4.98863
-5.01248
-5.02884
-5.03679
-5.03662
-5.0309
-5.01955
-5.0075
-4.99343
-4.97872
-4.96428
-4.95208
-4.94272
-4.93787
-4.93777
-4.94307
-4.95108
-4.96403
-4.98202
-5.00258
-5.02661
-5.05075
-5.07098
-5.08723
-5.09742
-5.0997
-5.09299
-5.07863
-5.05961
-5.03526
-5.01049
-4.9867
-4.9629
-4.94389
-4.92918
-4.92037
-4.919
-4.91978
-4.92235
-4.92396
-4.92366
-4.9231
-4.92231
-4.922
-4.91907
-4.91824
-4.91952
-4.92436
-4.93674
-4.95565
-4.98045
-5.00899
-5.03648
-5.0576
-5.07044
-5.07313
-5.06794
-5.05579
-5.03935
-5.02407
-5.00837
-4.99734
-4.99013
-4.98873
-4.99014
-4.99355
-4.99743
-5.0015
-5.00534
-5.00848
-5.01434
-5.02263
-5.03439
-5.04905
-5.06642
-5.08445
-5.09943
-5.11147
-5.11683
-5.11573
-5.1096
-5.09843
-5.08286
-5.06403
-5.04148
-5.02019
-4.99908
-4.98151
-4.97397
-4.97693
-4.98898
-5.00549
-5.02143
-5.02975
-5.03073
-5.02216
-5.0074
-4.98911
-4.9702
-4.95437
-4.94562
-4.94343
-4.94668
-4.95659
-4.96932
-4.98564
-5.00568
-5.02603
-5.0405
-5.05153
-5.05564
-5.05712
-5.05621
-5.05457
-5.05154
-5.04723
-5.04103
-5.03127
-5.01938
-5.00449
-4.98942
-4.97695
-4.96746
-4.96296
-4.96191
-4.96467
-4.97001
-4.97555
-4.97954
-4.98274
-4.9882
-4.9949
-5.00334
-5.01252
-5.02129
-5.02474
-5.02182
-5.01278
-4.99716
-4.98057
-4.96838
-4.96343
-4.96569
-4.97121
-4.97846
-4.98358
-4.98335
-4.98218
-4.9816
-4.9875
-5.00074
-5.02289
-5.05135
-5.07945
-5.10276
-5.11675
-5.11755
-5.10779
-5.0894
-5.06875
-5.0487
-5.02911
-5.01396
-5.00308
-4.99685
-4.99487
-4.99687
-5.00225
-5.008
-5.01455
-5.02048
-5.02562
-5.03028
-5.03278
-5.03137
-5.02423
-5.00977
-4.98939
-4.96604
-4.94373
-4.92778
-4.91923
-4.91963
-4.92307
-4.93025
-4.94157
-4.95713
-4.97513
-4.99377
-5.01012
-5.02213
-5.02782
-5.02774
-5.02227
-5.00941
-4.99303
-4.97557
-4.95872
-4.94515
-4.937
-4.93264
-4.9321
-4.93253
-4.93022
-4.92763
-4.9226
-4.91893
-4.91817
-4.92067
-4.92927
-4.94021
-4.9524
-4.96514
-4.97406
-4.97737
-4.9748
-4.96802
-4.95983
-4.95341
-4.9523
-4.95982
-4.97561
-4.99734
-5.02379
-5.05003
-5.07263
-5.08999
-5.09655
-5.0924
-5.0757
-5.05061
-5.02254
-4.99667
-4.97862
-4.972
-4.97455
-4.9818
-4.98654
-4.98632
-4.97973
-4.96824
-4.95916
-4.95027
-4.94516
-4.94467
-4.94507
-4.94387
-4.93748
-4.92744
-4.91441
-4.90441
-4.90514
-4.91827
-4.9445
-4.97565
-5.00309
-5.02289
-5.03288
-5.03449
-5.03029
-5.02503
-5.01984
-5.02188
-5.02966
-5.04352
-5.063
-5.08161
-5.09559
-5.10326
-5.10015
-5.08746
-5.06435
-5.03528
-5.00069
-4.96606
-4.93235
-4.90632
-4.88525
-4.8703
-4.86238
-4.86093
-4.8639
-4.86763
-4.86934
-4.86759
-4.86238
-4.85532
-4.84996
-4.8486
-4.85564
-4.87247
-4.89557
-4.92258
-4.94958
-4.97233
-4.98724
-4.99366
-4.99078
-4.98336
-4.97239
-4.96339
-4.95517
-4.95178
-4.95041
-4.95248
-4.95457
-4.95716
-4.95965
-4.96264
-4.96845
-4.97742
-4.99142
-5.00857
-5.02598
-5.04209
-5.05375
-5.05829
-5.05644
-5.05218
-5.04179
-5.02729
-5.01159
-4.99418
-4.97786
-4.96134
-4.94841
-4.93622
-4.9272
-4.9216
-4.91692
-4.91458
-4.9144
-4.91984
-4.93054
-4.94701
-4.97009
-4.99854
-5.02745
-5.05239
-5.06899
-5.07659
-5.07499
-5.06632
-5.05364
-5.03722
-5.02142
-5.00433
-4.986
-4.96779
-4.94868
-4.92619
-4.9034
-4.8812
-4.8642
-4.85527
-4.85376
-4.86172
-4.87464
-4.8875
-4.89557
-4.90192
-4.9054
-4.90951
-4.91817
-4.93259
-4.95306
-4.97745
-5.0022
-5.02339
-5.03605
-5.03865
-5.03043
-5.01652
-4.99768
-4.97668
-4.95803
-4.9434
-4.93712
-4.94211
-4.95664
-4.97634
-4.99587
-5.01169
-5.02185
-5.02621
-5.0284
-5.03026
-5.03378
-5.03794
-5.04267
-5.04636
-5.04575
-5.04421
-5.04192
-5.04066
-5.04203
-5.04589
-5.05232
-5.05877
-5.06433
-5.06499
-5.0638
-5.0567
-5.04313
-5.02761
-5.01025
-4.9945
-4.98057
-4.96887
-4.96232
-4.9598
-4.95819
-4.95741
-4.95644
-4.95698
-4.95961
-4.96241
-4.9659
-4.97122
-4.97658
-4.98351
-4.99069
-4.99609
-4.99965
-5.00126
-4.99823
-4.99046
-4.97533
-4.9534
-4.93047
-4.90833
-4.89246
-4.88543
-4.88624
-4.89244
-4.90418
-4.91424
-4.92562
-4.937
-4.94957
-4.9617
-4.97105
-4.97464
-4.97433
-4.96958
-4.96132
-4.95465
-4.94869
-4.94319
-4.93783
-4.92953
-4.91636
-4.89894
-4.8773
-4.85412
-4.83587
-4.82244
-4.81663
-4.82195
-4.83622
-4.85637
-4.88243
-4.91088
-4.9411
-4.97288
-5.00408
-5.03558
-5.06515
-5.0954
-5.12046
-5.14084
-5.1569
-5.16624
-5.16741
-5.16029
-5.14552
-5.12397
-5.09503
-5.05797
-5.01204
-4.95783
-4.89965
-4.84359
-4.79883
-4.77666
-4.78087
-4.81172
-4.86022
-4.91776
-4.97655
-5.03153
-5.07735
-5.11018
-5.1263
-5.12687
-5.11524
-5.09296
-5.06484
-5.03649
-5.00874
-4.9829
-4.96118
-4.9461
-4.93944
-4.94206
-4.9515
-4.96412
-4.97548
-4.98368
-4.98653
-4.98414
-4.97602
-4.9604
-4.9373
-4.91141
-4.88331
-4.86029
-4.84544
-4.84033
-4.84616
-4.85931
-4.87725
-4.89577
-4.91488
-4.931
-4.94635
-4.95782
-4.96771
-4.97376
-4.97732
-4.97714
-4.97498
-4.9707
-4.96926
-4.97089
-4.97464
-4.98164
-4.99043
-4.9976
-5.00299
-5.00646
-5.01042
-5.01731
-5.02612
-5.03692
-5.04981
-5.06369
-5.08077
-5.101
-5.12521
-5.15157
-5.17869
-5.20108
-5.21605
-5.22362
-5.22327
-5.21245
-5.1936
-5.16262
-5.12409
-5.0774
-5.02703
-4.98204
-4.9495
-4.93282
-4.93206
-4.94412
-4.96681
-4.99401
-5.02391
-5.05041
-5.07343
-5.08976
-5.09966
-5.10594
-5.11068
-5.11394
-5.11525
-5.11642
-5.1133
-5.1042
-5.09076
-5.07088
-5.0478
-5.02301
-5.00316
-4.99148
-4.98837
-4.9942
-5.00586
-5.0198
-5.03391
-5.04446
-5.05358
-5.05942
-5.06481
-5.07125
-5.07894
-5.08872
-5.09954
-5.10886
-5.11376
-5.11331
-5.1063
-5.09109
-5.0679
-5.04111
-5.01439
-4.99181
-4.97577
-4.96774
-4.97196
-4.98465
-5.00351
-5.02556
-5.04527
-5.06103
-5.07284
-5.07947
-5.08012
-5.07628
-5.06718
-5.05225
-5.03119
-5.00968
-4.99156
-4.98194
-4.98313
-4.99181
-5.00512
-5.02128
-5.04003
-5.05988
-5.08211
-5.10476
-5.1243
-5.13651
-5.14134
-5.1385
-5.12577
-5.10722
-5.083
-5.05842
-5.03824
-5.02616
-5.02607
-5.03591
-5.05141
-5.06631
-5.07639
-5.08129
-5.07716
-5.06877
-5.05986
-5.05206
-5.04888
-5.05028
-5.05573
-5.06312
-5.06993
-5.07089
-5.06592
-5.05493
-5.03706
-5.01652
-4.99824
-4.98531
-4.98307
-4.99282
-5.01316
-5.04025
-5.06958
-5.09372
-5.11334
-5.12196
-5.12036
-5.10717
-5.08468
-5.05422
-5.0209
-4.99113
-4.96652
-4.9538
-4.95453
-4.96594
-4.98335
-5.00068
-5.01428
-5.02049
-5.01907
-5.01256
-4.99875
-4.98278
-4.96642
-4.9529
-4.94574
-4.94273
-4.94571
-4.95385
-4.9645
-4.97751
-4.99188
-5.00507
-5.01615
-5.02281
-5.0245
-5.02289
-5.01557
-5.00545
-4.99196
-4.97844
-4.9654
-4.955
-4.94905
-4.94754
-4.94767
-4.95049
-4.95548
-4.96004
-4.96717
-4.9754
-4.9873
-5.00358
-5.02154
-5.04063
-5.05853
-5.07397
-5.08446
-5.08921
-5.08547
-5.07515
-5.06064
-5.04172
-5.01964
-4.99538
-4.97148
-4.94783
-4.9261
-4.90825
-4.89445
-4.88087
-4.86524
-4.84585
-4.82402
-4.80071
-4.78203
-4.77407
-4.78007
-4.79895
-4.8264
-4.85603
-4.87831
-4.89208
-4.8988
-4.90109
-4.90243
-4.90584
-4.91341
-4.92317
-4.93194
-4.94013
-4.94553
-4.94949
-4.95178
-4.95565
-4.96083
-4.97182
-4.98633
-5.00443
-5.02252
-5.03795
-5.04861
-5.05385
-5.05259
-5.04727
-5.03895
-5.02914
-5.01601
-4.99882
-4.97873
-4.95673
-4.93161
-4.90894
-4.8912
-4.87835
-4.87328
-4.8733
-4.87846
-4.88722
-4.89892
-4.9155
-4.93827
-4.96745
-4.99983
-5.0344
-5.06977
-5.10311
-5.13591
-5.16369
-5.18978
-5.20821
-5.22291
-5.22776
-5.22212
-5.20629
-5.18024
-5.14699
-5.10722
-5.0656
-5.02754
-4.99772
-4.98049
-4.97146
-4.96751
-4.96313
-4.95577
-4.94443
-4.93237
-4.92701
-4.93016
-4.94248
-4.96096
-4.97791
-4.99074
-4.99619
-4.99359
-4.98739
-4.98323
-4.98552
-4.99671
-5.01478
-5.03786
-5.06203
-5.08215
-5.09631
-5.10422
-5.10748
-5.10949
-5.10985
-5.10978
-5.10598
-5.09905
-5.08712
-5.07125
-5.05195
-5.03028
-5.00681
-4.98187
-4.95659
-4.93034
-4.90748
-4.88948
-4.87654
-4.87096
-4.87032
-4.8757
-4.88534
-4.89574
-4.90473
-4.91211
-4.91601
-4.91332
-4.90531
-4.89184
-4.87633
-4.86109
-4.84982
-4.84006
-4.83649
-4.83821
-4.84431
-4.85563
-4.87099
-4.89129
-4.91512
-4.94149
-4.96782
-4.98943
-5.00546
-5.01567
-5.018
-5.01484
-5.0056
-4.99206
-4.97962
-4.97197
-4.97277
-4.98224
-5.00048
-5.02545
-5.05464
-5.08616
-5.11676
-5.1463
-5.17441
-5.19823
-5.21317
-5.21847
-5.21107
-5.1917
-5.16331
-5.12503
-5.08005
-5.02974
-4.97857
-4.93113
-4.89322
-4.86835
-4.85944
-4.86452
-4.87797
-4.89456
-4.90892
-4.91969
-4.92638
-4.93265
-4.93702
-4.94018
-4.94397
-4.94791
-4.95282
-4.96133
-4.97471
-4.99276
-5.01165
-5.02843
-5.04076
-5.04423
-5.03926
-5.02778
-5.00949
-4.98673
-4.96122
-4.93698
-4.91544
-4.90031
-4.89442
-4.90226
-4.92494
-4.95917
-5.00105
-5.04862
-5.09362
-5.12891
-5.15162
-5.15913
-5.15104
-5.13079
-5.10077
-5.06397
-5.02105
-4.97472
-4.92972
-4.89263
-4.86307
-4.84247
-4.82943
-4.8258
-4.82719
-4.83596
-4.85261
-4.87542
-4.90522
-4.93341
-4.96117
-4.9853
-5.0044
-5.02193
-5.03721
-5.05032
-5.06215
-5.07247
-5.08411
-5.09582
-5.10904
-5.12015
-5.12716
-5.12803
-5.12101
-5.10355
-5.07781
-5.04575
-5.00571
-4.96397
-4.92612
-4.89632
-4.8804
-4.88217
-4.90101
-4.93202
-4.96815
-5.00337
-5.03207
-5.05129
-5.05877
-5.05415
-5.03823
-5.01373
-4.98264
-4.94846
-4.91824
-4.89518
-4.88152
-4.87949
-4.88699
-4.90192
-4.92148
-4.94478
-4.97095
-4.99661
-5.0185
-5.03266
-5.04236
-5.04363
-5.04081
-5.03409
-5.0258
-5.02115
-5.02145
-5.02669
-5.03802
-5.05064
-5.06333
-5.07278
-5.07644
-5.07458
-5.06679
-5.05204
-5.0353
-5.01721
-4.99893
-4.97908
-4.96253
-4.94885
-4.93909
-4.93461
-4.9332
-4.93196
-4.93021
-4.92746
-4.92435
-4.92204
-4.92266
-4.92428
-4.92357
-4.91917
-4.9128
-4.90716
-4.91093
-4.92616
-4.95511
-4.99454
-5.03709
-5.07627
-5.10462
-5.12039
-5.12047
-5.10378
-5.07601
-5.03918
-4.99713
-4.95756
-4.9237
-4.89861
-4.88265
-4.8758
-4.87716
-4.88363
-4.89507
-4.90937
-4.93022
-4.95503
-4.98203
-5.00513
-5.02124
-5.03387
-5.04314
-5.04972
-5.05868
-5.07063
-5.08136
-5.09097
-5.09757
-5.10306
-5.10176
-5.09328
-5.07912
-5.05785
-5.03379
-5.00951
-4.98965
-4.97618
-4.97225
-4.97802
-4.99111
-5.00741
-5.02357
-5.03716
-5.04779
-5.0566
-5.06411
-5.07336
-5.08201
-5.08864
-5.09436
-5.09497
-5.08995
-5.07943
-5.06496
-5.04828
-5.03423
-5.02302
-5.01575
-5.00778
-4.99668
-4.97983
-4.95684
-4.9302
-4.90253
-4.88051
-4.86988
-4.87251
-4.88867
-4.91721
-4.95498
-4.9975
-5.03967
-5.08024
-5.11494
-5.13929
-5.15369
-5.15654
-5.14477
-5.12014
-5.08436
-5.03949
-4.99256
-4.94668
-4.90415
-4.86618
-4.83582
-4.81152
-4.79481
-4.78388
-4.77884
-4.77718
-4.78058
-4.78935
-4.80284
-4.8216
-4.84661
-4.87591
-4.9084
-4.93956
-4.96665
-4.98479
-4.99328
-4.99275
-4.98844
-4.98479
-4.9818
-4.98527
-4.9916
-4.99911
-5.00393
-5.00619
-5.00688
-5.01034
-5.01976
-5.03642
-5.05603
-5.07384
-5.08677
-5.0931
-5.09181
-5.08175
-5.06869
-5.05701
-5.04941
-5.04974
-5.05838
-5.06974
-5.0799
-5.08311
-5.07694
-5.05995
-5.03281
-5.00046
-4.96746
-4.94177
-4.92706
-4.92175
-4.9242
-4.92984
-4.93556
-4.94011
-4.94038
-4.93796
-4.93259
-4.92764
-4.9249
-4.92713
-4.93635
-4.95304
-4.97721
-5.00514
-5.03344
-5.05918
-5.07831
-5.08915
-5.08873
-5.07593
-5.05416
-5.02678
-5.00166
-4.98903
-4.99106
-5.00005
-5.00917
-5.01155
-5.00815
-4.9976
-4.98313
-4.9687
-4.95315
-4.93809
-4.92381
-4.91205
-4.90225
-4.89404
-4.8926
-4.89584
-4.90741
-4.92523
-4.94778
-4.97223
-4.99528
-5.01478
-5.03072
-5.04268
-5.05166
-5.05637
-5.05842
-5.05762
-5.05611
-5.05506
-5.05482
-5.05508
-5.05592
-5.05667
-5.05535
-5.05326
-5.04486
-5.03292
-5.01644
-4.99593
-4.9738
-4.95184
-4.92972
-4.91114
-4.8976
-4.8848
-4.87682
-4.87012
-4.86537
-4.86431
-4.86672
-4.87378
-4.88498
-4.90165
-4.91868
-4.93501
-4.94927
-4.96087
-4.965
-4.96075
-4.95083
-4.93718
-4.92382
-4.91528
-4.9137
-4.92261
-4.94087
-4.96301
-4.98313
-4.99653
-4.99939
-4.98997
-4.97108
-4.94472
-4.91687
-4.89361
-4.8782
-4.87662
-4.88978
-4.91475
-4.94858
-4.98656
-5.02327
-5.05645
-5.08427
-5.10837
-5.12644
-5.139
-5.1411
-5.13305
-5.11619
-5.09169
-5.06344
-5.03731
-5.01636
-5.00021
-4.98526
-4.97045
-4.95362
-4.93872
-4.92819
-4.92652
-4.93467
-4.9504
-4.96494
-4.97119
-4.96579
-4.94662
-4.91299
-4.86978
-4.8211
-4.76982
-4.72563
-4.69616
-4.68891
-4.70475
-4.74388
-4.80191
-4.86668
-4.93163
-4.98851
-5.03202
-5.06245
-5.08027
-5.08753
-5.08989
-5.08798
-5.08147
-5.07175
-5.05929
-5.04627
-5.03323
-5.02333
-5.01403
-5.00386
-4.99318
-4.98157
-4.96883
-4.95486
-4.94386
-4.93422
-4.92994
-4.9287
-4.93102
-4.93478
-4.93795
-4.94002
-4.94124
-4.93969
-4.9377
-4.93105
-4.91982
-4.90452
-4.88614
-4.86801
-4.85697
-4.85443
-4.86209
-4.8807
-4.90845
-4.94184
-4.97815
-5.01413
-5.04779
-5.07431
-5.09084
-5.09769
-5.09618
-5.08707
-5.07372
-5.06111
-5.04725
-5.03224
-5.01443
-4.99342
-4.9701
-4.94813
-4.93547
-4.93147
-4.93685
-4.95211
-4.97341
-4.99603
-5.01843
-5.03599
-5.04433
-5.04341
-5.03015
-4.99981
-4.95776
-4.90923
-4.85719
-4.81002
-4.77395
-4.75273
-4.74377
-4.74509
-4.75393
-4.77142
-4.79557
-4.82744
-4.86155
-4.89584
-4.92658
-4.95013
-4.96655
-4.97642
-4.98147
-4.98393
-4.98463
-4.9856
-4.98701
-4.98786
-4.98983
-4.99346
-4.9954
-4.99829
-4.99942
-5.00032
-5.0026
-5.00515
-5.00926
-5.01183
-5.01161
-5.00557
-4.99157
-4.97217
-4.94608
-4.91827
-4.89425
-4.87752
-4.87243
-4.88031
-4.89995
-4.92639
-4.95685
-4.98995
-5.01861
-5.04098
-5.05408
-5.05621
-5.04886
-5.03362
-5.01162
-4.98933
-4.97233
-4.96393
-4.96545
-4.9741
-4.98484
-4.99433
-5.00193
-5.00964
-5.01838
-5.02578
-5.02793
-5.0238
-5.00879
-4.98753
-4.96485
-4.9447
-4.93132
-4.92892
-4.93609
-4.95074
-4.96607
-4.98295
-5.00297
-5.02623
-5.05186
-5.07745
-5.09727
-5.10695
-5.10343
-5.0857
-5.05574
-5.01811
-4.98118
-4.95125
-4.93453
-4.92803
-4.92535
-4.91898
-4.90742
-4.89352
-4.88354
-4.88077
-4.88403
-4.89296
-4.90542
-4.92067
-4.94141
-4.96431
-4.98738
-5.00791
-5.02371
-5.03139
-5.03346
-5.02887
-5.01799
-5.00258
-4.98515
-4.96741
-4.95089
-4.93803
-4.93363
-4.9376
-4.95208
-4.977
-5.01193
-5.05086
-5.0874
-5.12068
-5.14475
-5.15724
-5.15855
-5.15013
-5.13425
-5.11271
-5.08647
-5.06078
-5.03543
-5.01373
-4.99584
-4.98258
-4.97438
-4.97333
-4.98242
-4.99674
-5.01342
-5.02961
-5.03978
-5.04224
-5.03944
-5.03344
-5.02776
-5.02506
-5.02606
-5.03258
-5.04238
-5.05383
-5.06634
-5.07746
-5.08806
-5.09818
-5.10722
-5.11431
-5.11432
-5.10867
-5.09475
-5.07595
-5.0564
-5.04052
-5.03066
-5.02787
-5.03189
-5.04318
-5.05813
-5.07367
-5.08612
-5.09482
-5.09672
-5.09452
-5.08999
-5.08411
-5.07898
-5.07564
-5.07597
-5.08058
-5.08687
-5.09371
-5.10075
-5.10543
-5.10315
-5.09617
-5.0826
-5.06706
-5.05345
-5.04059
-5.02782
-5.013
-4.99426
-4.97046
-4.94704
-4.92429
-4.90551
-4.89426
-4.88822
-4.88542
-4.88726
-4.89219
-4.9002
-4.91253
-4.92775
-4.94318
-4.95805
-4.96874
-4.97432
-4.97565
-4.97835
-4.98451
-4.99489
-5.01137
-5.03141
-5.04941
-5.06227
-5.06566
-5.06021
-5.04563
-5.02682
-5.00743
-4.99066
-4.98265
-4.98487
-4.99406
-5.01031
-5.02764
-5.04334
-5.0527
-5.05422
-5.04922
-5.0399
-5.03318
-5.03179
-5.03802
-5.05106
-5.06846
-5.09005
-5.10838
-5.1217
-5.12547
-5.11877
-5.10406
-5.08814
-5.07742
-5.0772
-5.08608
-5.10189
-5.11955
-5.13462
-5.14687
-5.15151
-5.14687
-5.1343
-5.11438
-5.08907
-5.06005
-5.02879
-4.9951
-4.96263
-4.9317
-4.90308
-4.87891
-4.85925
-4.84444
-4.83308
-4.82177
-4.81076
-4.80116
-4.79766
-4.80432
-4.8251
-4.86161
-4.91322
-4.97276
-5.03322
-5.08511
-5.12439
-5.14792
-5.15335
-5.14029
-5.11062
-5.0694
-5.03349
-5.01805
-5.02476
-5.04515
-5.06587
-5.08157
-5.08993
-5.09182
-5.08974
-5.08614
-5.07987
-5.072
-5.06034
-5.04738
-5.03458
-5.0254
-5.02079
-5.02385
-5.03361
-5.04967
-5.06509
-5.08157
-5.09801
-5.11286
-5.12453
-5.13227
-5.13529
-5.13295
-5.12724
-5.11816
-5.10666
-5.09074
-5.07195
-5.0509
-5.0263
-4.9977
-4.96733
-4.93784
-4.91047
-4.88663
-4.86556
-4.85086
-4.84403
-4.84559
-4.85448
-4.86876
-4.88487
-4.90203
-4.92081
-4.94468
-4.97297
-5.00322
-5.02983
-5.04985
-5.05973
-5.05997
-5.05119
-5.03521
-5.01176
-4.98204
-4.94841
-4.91738
-4.89303
-4.88494
-4.89315
-4.9134
-4.93933
-4.9653
-4.9865
-5.00157
-5.00994
-5.01125
-5.00841
-4.99998
-4.98865
-4.97259
-4.95573
-4.93884
-4.92403
-4.91194
-4.9035
-4.89733
-4.89572
-4.90002
-4.90966
-4.92241
-4.93869
-4.95516
-4.96761
-4.97535
-4.97755
-4.97487
-4.96951
-4.963
-4.95781
-4.95529
-4.95646
-4.95966
-4.96767
-4.97995
-4.99723
-5.01477
-5.03318
-5.05142
-5.0663
-5.07866
-5.08655
-5.08923
-5.08478
-5.07265
-5.05354
-5.02951
-5.00309
-4.97554
-4.94946
-4.9241
-4.90172
-4.8838
-4.87328
-4.87737
-4.89554
-4.92607
-4.96291
-5.00036
-5.03326
-5.05787
-5.07686
-5.08786
-5.09336
-5.09527
-5.09229
-5.08662
-5.08055
-5.07496
-5.07051
-5.06619
-5.0601
-5.04944
-5.03252
-5.00933
-4.9815
-4.95924
-4.94578
-4.94626
-4.96165
-4.98737
-5.02013
-5.05395
-5.08351
-5.10594
-5.1187
-5.12007
-5.1119
-5.0952
-5.07375
-5.05081
-5.02913
-5.01012
-4.99745
-4.98868
-4.98689
-4.98724
-4.98764
-4.98515
-4.97893
-4.96891
-4.95773
-4.9487
-4.94539
-4.94862
-4.95676
-4.97042
-4.98969
-5.0159
-5.04683
-5.08154
-5.11404
-5.14485
-5.1666
-5.1816
-5.18779
-5.18359
-5.16763
-5.14205
-5.10937
-5.07598
-5.04786
-5.02785
-5.01582
-5.00727
-5.00161
-4.99701
-4.99337
-4.99
-4.98532
-4.97908
-4.96809
-4.95383
-4.93879
-4.92724
-4.92402
-4.9329
-4.95145
-4.97601
-5.00531
-5.03428
-5.06194
-5.08417
-5.09988
-5.11196
-5.12038
-5.12455
-5.12573
-5.12268
-5.11286
-5.09649
-5.07562
-5.0537
-5.0358
-5.02638
-5.02241
-5.02292
-5.02695
-5.03403
-5.04303
-5.05414
-5.06597
-5.07887
-5.09181
-5.10338
-5.11338
-5.12086
-5.12488
-5.12303
-5.11637
-5.10265
-5.08096
-5.05499
-5.0289
-5.00788
-4.9953
-4.99082
-4.99132
-4.99218
-4.98557
-4.96888
-4.94371
-4.91582
-4.89504
-4.88851
-4.89595
-4.91042
-4.92683
-4.94122
-4.95074
-4.95591
-4.95689
-4.95516
-4.95356
-4.95113
-4.9504
-4.95114
-4.95499
-4.96195
-4.97437
-4.99448
-5.01848
-5.04412
-5.06791
-5.08918
-5.10341
-5.11035
-5.11019
-5.10389
-5.09211
-5.07881
-5.06145
-5.03935
-5.01029
-4.97581
-4.94045
-4.91365
-4.90321
-4.91015
-4.92473
-4.9398
-4.95061
-4.96213
-4.97574
-4.99754
-5.02367
-5.05203
-5.07718
-5.09371
-5.09863
-5.08967
-5.06971
-5.03856
-4.99987
-4.96048
-4.92528
-4.90418
-4.90001
-4.91279
-4.93989
-4.97213
-5.00659
-5.04044
-5.07098
-5.09492
-5.11206
-5.12262
-5.12728
-5.12609
-5.12062
-5.11232
-5.10128
-5.08941
-5.07459
-5.05889
-5.04203
-5.0239
-5.01026
-5.00435
-5.00364
-5.006
-5.00564
-4.99883
-4.99097
-4.98114
-4.97302
-4.96667
-4.96462
-4.96744
-4.97665
-4.99391
-5.01619
-5.04175
-5.07101
-5.10035
-5.1253
-5.14474
-5.15787
-5.16166
-5.15924
-5.15424
-5.14963
-5.14804
-5.14635
-5.14518
-5.13947
-5.12677
-5.10486
-5.07693
-5.04499
-5.01127
-4.98246
-4.96119
-4.9491
-4.9438
-4.94658
-4.95576
-4.97211
-4.99124
-5.0101
-5.02684
-5.04001
-5.05121
-5.06354
-5.07575
-5.08745
-5.09818
-5.1065
-5.10933
-5.10553
-5.09456
-5.07695
-5.05462
-5.02964
-5.00704
-4.9856
-4.97034
-4.96236
-4.96397
-4.97507
-4.99362
-5.01713
-5.04047
-5.06203
-5.07965
-5.09121
-5.09934
-5.10356
-5.10421
-5.10206
-5.0972
-5.09092
-5.08185
-5.07268
-5.06304
-5.05137
-5.03685
-5.02121
-5.00532
-4.99081
-4.98298
-4.98406
-4.99486
-5.0123
-5.03202
-5.04883
-5.05985
-5.06525
-5.06425
-5.05562
-5.04449
-5.03276
-5.02353
-5.01685
-5.01162
-5.00656
-5.00088
-4.9964
-4.99288
-4.98919
-4.99007
-4.99295
-4.99706
-4.99958
-4.99766
-4.99008
-4.9759
-4.95712
-4.94297
-4.94161
-4.95835
-4.98838
-5.02477
-5.05878
-5.0854
-5.10319
-5.11009
-5.1089
-5.0999
-5.08847
-5.07461
-5.06248
-5.05116
-5.04116
-5.02798
-5.01322
-4.99409
-4.9705
-4.94391
-4.91575
-4.88893
-4.86543
-4.84694
-4.83129
-4.82246
-4.821
-4.82606
-4.83792
-4.85433
-4.87434
-4.89379
-4.90865
-4.91821
-4.92126
-4.92255
-4.92155
-4.91891
-4.91394
-4.90877
-4.90153
-4.89386
-4.88693
-4.87905
-4.86868
-4.85493
-4.83918
-4.8267
-4.82531
-4.83719
-4.86423
-4.90206
-4.94597
-4.9909
-5.03208
-5.06939
-5.10012
-5.12563
-5.14454
-5.15513
-5.15794
-5.15339
-5.13837
-5.11712
-5.09015
-5.06026
-5.03438
-5.01422
-5.00193
-4.99554
-4.995
-4.99983
-5.00571
-5.01388
-5.02732
-5.04517
-5.06602
-5.08601
-5.10258
-5.11338
-5.11617
-5.11073
-5.09546
-5.071
-5.0392
-5.00315
-4.96626
-4.93324
-4.90532
-4.88803
-4.88451
-4.89448
-4.91642
-4.94214
-4.968
-4.98603
-4.99308
-4.98603
-4.96486
-4.93295
-4.89719
-4.86363
-4.84219
-4.83427
-4.84591
-4.87194
-4.90926
-4.95214
-4.99458
-5.03144
-5.06056
-5.07916
-5.08734
-5.08535
-5.07247
-5.04982
-5.01601
-4.9734
-4.92815
-4.88244
-4.84348
-4.81606
-4.80947
-4.82765
-4.86636
-4.9171
-4.97203
-5.02022
-5.05829
-5.08249
-5.09347
-5.09227
-5.0815
-5.0635
-5.04333
-5.02536
-5.01286
-5.00612
-5.00723
-5.01404
-5.02303
-5.02992
-5.03311
-5.03394
-5.03729
-5.0467
-5.06169
-5.07991
-5.09563
-5.10567
-5.10621
-5.09792
-5.08549
-5.07196
-5.0619
-5.05754
-5.05787
-5.06416
-5.07404
-5.08568
-5.09468
-5.0987
-5.09861
-5.0906
-5.07739
-5.06047
-5.04314
-5.02963
-5.02231
-5.02271
-5.02851
-5.03639
-5.04575
-5.05325
-5.05915
-5.06178
-5.06128
-5.05726
-5.04919
-5.03994
-5.03227
-5.03178
-5.03983
-5.05671
-5.07972
-5.10502
-5.12805
-5.14481
-5.1523
-5.14926
-5.13617
-5.11233
-5.0781
-5.03876
-4.99564
-4.95515
-4.91883
-4.88897
-4.86725
-4.8549
-4.85167
-4.85574
-4.86739
-4.88564
-4.91128
-4.94115
-4.9695
-4.99217
-5.00437
-5.00576
-4.99745
-4.98018
-4.95793
-4.93298
-4.90896
-4.88484
-4.86441
-4.85252
-4.8502
-4.85905
-4.87907
-4.90741
-4.94036
-4.97507
-5.0063
-5.02966
-5.0451
-5.0503
-5.04712
-5.03612
-5.01971
-5.00211
-4.9825
-4.96319
-4.94524
-4.92969
-4.91697
-4.90857
-4.90524
-4.90741
-4.91222
-4.9224
-4.9353
-4.95019
-4.96696
-4.98308
-5.00005
-5.01966
-5.03715
-5.05438
-5.06828
-5.07864
-5.08644
-5.0905
-5.09253
-5.09192
-5.08949
-5.08935
-5.09198
-5.09849
-5.10942
-5.12174
-5.13342
-5.13874
-5.13766
-5.12741
-5.10913
-5.0838
-5.05524
-5.02777
-5.00704
-4.99644
-4.99663
-5.00608
-5.02085
-5.03785
-5.05239
-5.06275
-5.06609
-5.06373
-5.05394
-5.03906
-5.01912
-4.99624
-4.97084
-4.94714
-4.92538
-4.90434
-4.88726
-4.87153
-4.86101
-4.85794
-4.86656
-4.8833
-4.90606
-4.92868
-4.9499
-4.96857
-4.98287
-4.99147
-4.99578
-4.99883
-5.00288
-5.00931
-5.01732
-5.02683
-5.03859
-5.05286
-5.06555
-5.07603
-5.08288
-5.08765
-5.09121
-5.0903
-5.09004
-5.08957
-5.09179
-5.09391
-5.09527
-5.09462
-5.0899
-5.08052
-5.06696
-5.05048
-5.0322
-5.01307
-4.99484
-4.97976
-4.97196
-4.97057
-4.97295
-4.97662
-4.98145
-4.98437
-4.98824
-4.99368
-5.00154
-5.01063
-5.01862
-5.02247
-5.02324
-5.01891
-5.01137
-4.99852
-4.98299
-4.96632
-4.94621
-4.92083
-4.89127
-4.86451
-4.84379
-4.83263
-4.83538
-4.84812
-4.86919
-4.89324
-4.92085
-4.9478
-4.97169
-4.992
-5.00848
-5.0203
-5.02749
-5.03181
-5.03302
-5.03156
-5.02908
-5.02445
-5.02497
-5.03395
-5.05002
-5.07231
-5.09579
-5.11733
-5.1339
-5.1476
-5.15849
-5.16912
-5.17765
-5.18288
-5.18256
-5.17509
-5.16372
-5.15064
-5.14266
-5.13921
-5.14353
-5.15043
-5.15389
-5.155
-5.15102
-5.14282
-5.1306
-5.11424
-5.09587
-5.07811
-5.06067
-5.04875
-5.0384
-5.03338
-5.02983
-5.0309
-5.03336
-5.03725
-5.04103
-5.04443
-5.04551
-5.04366
-5.03746
-5.03005
-5.01767
-5.00011
-4.98035
-4.95849
-4.93729
-4.91783
-4.90315
-4.89043
-4.88219
-4.87528
-4.86888
-4.86212
-4.85715
-4.85406
-4.85555
-4.86526
-4.88277
-4.90946
-4.94366
-4.98323
-5.02528
-5.065
-5.10165
-5.13159
-5.15387
-5.16701
-5.17218
-5.16904
-5.1563
-5.13457
-5.10735
-5.0774
-5.0468
-5.02053
-5.00071
-4.98946
-4.98651
-4.98954
-4.99392
-4.99877
-5.00141
-5.00349
-5.00314
-5.00479
-5.00628
-5.00977
-5.01316
-5.01904
-5.02816
-5.03961
-5.0527
-5.0638
-5.07082
-5.07015
-5.0653
-5.05767
-5.05198
-5.04819
-5.04883
-5.05333
-5.06152
-5.07185
-5.07805
-5.08121
-5.0798
-5.07269
-5.06267
-5.05077
-5.03709
-5.02272
-5.00655
-4.99037
-4.97234
-4.95252
-4.93032
-4.90595
-4.87994
-4.85798
-4.84617
-4.8502
-4.87216
-4.90124
-4.93391
-4.96398
-4.98843
-5.009
-5.02555
-5.03991
-5.05205
-5.06133
-5.0676
-5.0694
-5.06639
-5.05848
-5.0492
-5.04177
-5.03871
-5.0405
-5.04833
-5.05788
-5.06532
-5.06879
-5.0661
-5.05806
-5.04392
-5.02481
-5.00458
-4.98227
-4.96049
-4.94211
-4.9271
-4.91739
-4.91183
-4.91072
-4.91172
-4.91252
-4.91268
-4.91078
-4.90781
-4.9038
-4.89504
-4.88361
-4.86943
-4.85355
-4.84049
-4.83156
-4.83296
-4.84644
-4.87016
-4.90085
-4.93134
-4.95731
-4.97661
-4.99131
-4.9987
-5.00088
-4.99961
-4.99278
-4.98513
-4.98037
-4.97882
-4.98237
-4.98785
-4.99871
-5.01275
-5.0279
-5.0405
-5.05009
-5.05481
-5.0541
-5.04935
-5.04182
-5.0345
-5.02972
-5.03023
-5.03502
-5.04062
-5.04309
-5.0411
-5.03393
-5.02362
-5.01702
-5.01566
-5.02466
-5.04559
-5.07448
-5.10505
-5.13416
-5.15391
-5.16291
-5.15855
-5.1446
-5.12115
-5.09451
-5.06577
-5.03857
-5.01549
-4.99737
-4.98969
-4.99213
-5.00674
-5.02918
-5.05576
-5.07872
-5.09606
-5.10333
-5.09971
-5.08334
-5.05848
-5.03193
-5.00899
-4.99556
-4.99161
-4.9947
-5.004
-5.01156
-5.01539
-5.0133
-5.00598
-4.99435
-4.98124
-4.96982
-4.96059
-4.95908
-4.96742
-4.98563
-5.01255
-5.04176
-5.07039
-5.09383
-5.10767
-5.11214
-5.10628
-5.09497
-5.07656
-5.0532
-5.02426
-4.99167
-4.95782
-4.92629
-4.90137
-4.88659
-4.88095
-4.88401
-4.8926
-4.90016
-4.90296
-4.90044
-4.89383
-4.8849
-4.87526
-4.86743
-4.85999
-4.856
-4.8566
-4.86089
-4.87092
-4.88509
-4.8991
-4.91122
-4.91716
-4.91808
-4.91277
-4.9055
-4.89856
-4.89362
-4.89015
-4.89209
-4.89652
-4.90327
-4.91215
-4.92301
-4.93306
-4.94123
-4.9455
-4.94385
-4.94005
-4.93222
-4.92393
-4.9163
-4.90938
-4.90641
-4.90986
-4.91987
-4.93447
-4.95331
-4.97492
-4.99681
-5.01825
-5.03684
-5.05258
-5.06175
-5.06578
-5.06411
-5.0591
-5.05396
-5.05263
-5.05606
-5.06503
-5.07541
-5.08496
-5.09501
-5.09838
-5.09938
-5.09824
-5.09635
-5.10004
-5.10643
-5.11502
-5.12386
-5.12969
-5.129
-5.12148
-5.1091
-5.09381
-5.07694
-5.05853
-5.03987
-5.01851
-4.99462
-4.96618
-4.93662
-4.91306
-4.89796
-4.89425
-4.8983
-4.90916
-4.92074
-4.93152
-4.9388
-4.94545
-4.95292
-4.96305
-4.97756
-4.99753
-5.01987
-5.04248
-5.06492
-5.08626
-5.10405
-5.1177
-5.12445
-5.12264
-5.11613
-5.10236
-5.08528
-5.06823
-5.04965
-5.03161
-5.01355
-4.99711
-4.98555
-4.97827
-4.97948
-4.99074
-5.00886
-5.02975
-5.0483
-5.05924
-5.06356
-5.06085
-5.05399
-5.04363
-5.02769
-5.01068
-4.9921
-4.97696
-4.96661
-4.96238
-4.96804
-4.98106
-4.99603
-5.00845
-5.01555
-5.01138
-4.99577
-4.97263
-4.94239
-4.91082
-4.88315
-4.86424
-4.85805
-4.86537
-4.88442
-4.90863
-4.93635
-4.96565
-4.99474
-5.02314
-5.04956
-5.07406
-5.09182
-5.10534
-5.11282
-5.11346
-5.10792
-5.09586
-5.07828
-5.05726
-5.03099
-5.00032
-4.96267
-4.92192
-4.87784
-4.83478
-4.80058
-4.78054
-4.77407
-4.78055
-4.79548
-4.8129
-4.82928
-4.84377
-4.85884
-4.87798
-4.90194
-4.93064
-4.95816
-4.98214
-4.99767
-5.00671
-5.01157
-5.0138
-5.01328
-5.01215
-5.01144
-5.00979
-5.00881
-5.00604
-5.00165
-4.99696
-4.99114
-4.98715
-4.98421
-4.9838
-4.9852
-4.98822
-4.99401
-5.00184
-5.00947
-5.01723
-5.02469
-5.03158
-5.03766
-5.04097
-5.04338
-5.03842
-5.02773
-5.00735
-4.97498
-4.93107
-4.87879
-4.82973
-4.80229
-4.80733
-4.84091
-4.88753
-4.92714
-4.95477
-4.97262
-4.98084
-4.98449
-4.98502
-4.98721
-4.9885
-4.99029
-4.99289
-4.99289
-4.98998
-4.9837
-4.97452
-4.96517
-4.95378
-4.94364
-4.934
-4.92865
-4.92857
-4.93391
-4.94269
-4.95312
-4.96012
-4.96252
-4.95923
-4.95167
-4.93829
-4.92511
-4.91268
-4.9084
-4.91501
-4.92989
-4.9512
-4.97192
-4.99086
-5.00774
-5.02211
-5.03296
-5.04204
-5.04778
-5.05072
-5.05057
-5.04623
-5.03901
-5.02847
-5.0179
-5.00995
-5.00516
-5.00402
-5.00769
-5.01664
-5.03156
-5.05096
-5.07545
-5.09976
-5.12254
-5.13906
-5.1489
-5.15011
-5.1425
-5.13287
-5.12458
-5.11808
-5.11542
-5.11723
-5.12531
-5.1386
-5.15228
-5.16181
-5.1619
-5.14986
-5.12761
-5.09843
-5.06853
-5.04271
-5.02463
-5.01194
-5.00159
-4.98775
-4.96751
-4.94611
-4.92972
-4.93021
-4.94529
-4.96901
-4.99325
-5.01193
-5.02207
-5.02524
-5.02366
-5.01769
-5.00926
-5.00051
-4.995
-4.99366
-4.99661
-5.00541
-5.01685
-5.02763
-5.03672
-5.04074
-5.0398
-5.03715
-5.03347
-5.03201
-5.03167
-5.03628
-5.04469
-5.05814
-5.07527
-5.09367
-5.10948
-5.12021
-5.12464
-5.12248
-5.11246
-5.09887
-5.0828
-5.06396
-5.04243
-5.02288
-5.00809
-5.00145
-5.00592
-5.01843
-5.03453
-5.05189
-5.06477
-5.07271
-5.07295
-5.06835
-5.05978
-5.04885
-5.03695
-5.02283
-5.00644
-4.9882
-4.96696
-4.94314
-4.91733
-4.89256
-4.86996
-4.85123
-4.84161
-4.8408
-4.85081
-4.86944
-4.89106
-4.91317
-4.92917
-4.93633
-4.93458
-4.92781
-4.91763
-4.90897
-4.90362
-4.90197
-4.90361
-4.90861
-4.91544
-4.92415
-4.93191
-4.9395
-4.94319
-4.94254
-4.93733
-4.92287
-4.90489
-4.88487
-4.86954
-4.8596
-4.85872
-4.86665
-4.88245
-4.90386
-4.92492
-4.94182
-4.9503
-4.94946
-4.94262
-4.93436
-4.92934
-4.9321
-4.94479
-4.96264
-4.98562
-5.00993
-5.0319
-5.05484
-5.07718
-5.09845
-5.11493
-5.12437
-5.12393
-5.1139
-5.0941
-5.0692
-5.04058
-5.00896
-4.97616
-4.94372
-4.91298
-4.88596
-4.8615
-4.84695
-4.84081
-4.84553
-4.85832
-4.87578
-4.89184
-4.90409
-4.91041
-4.91181
-4.91078
-4.90563
-4.90187
-4.89988
-4.90402
-4.91475
-4.93309
-4.9567
-4.98206
-5.00764
-5.03103
-5.05013
-5.06419
-5.07361
-5.07926
-5.07852
-5.07337
-5.05888
-5.04046
-5.02401
-5.01455
-5.01425
-5.02065
-5.02673
-5.02867
-5.02597
-5.01838
-5.0076
-4.9944
-4.9808
-4.97039
-4.96152
-4.95882
-4.96042
-4.96707
-4.97562
-4.98256
-4.98674
-4.98949
-4.98757
-4.98371
-4.97437
-4.96203
-4.94456
-4.92349
-4.9011
-4.88179
-4.86774
-4.85752
-4.85354
-4.85482
-4.86382
-4.88335
-4.91751
-4.9635
-5.01594
-5.06767
-5.1128
-5.14437
-5.1636
-5.17161
-5.17379
-5.17416
-5.17216
-5.17019
-5.1651
-5.15833
-5.14825
-5.1364
-5.12231
-5.10971
-5.09773
-5.08688
-5.07927
-5.07396
-5.07044
-5.06871
-5.07049
-5.07373
-5.07891
-5.08597
-5.08935
-5.0884
-5.08081
-5.06914
-5.05209
-5.03697
-5.02738
-5.02271
-5.02093
-5.02145
-5.01732
-5.0105
-5.00149
-4.99051
-4.9802
-4.96743
-4.95429
-4.94324
-4.93331
-4.92734
-4.92776
-4.93422
-4.94327
-4.95485
-4.96463
-4.9745
-4.98663
-5.00338
-5.02308
-5.0449
-5.06748
-5.09056
-5.11475
-5.14085
-5.16537
-5.1861
-5.19652
-5.19669
-5.18581
-5.16369
-5.13604
-5.10419
-5.06897
-5.03182
-4.99724
-4.96786
-4.9465
-4.9345
-4.92866
-4.92792
-4.92821
-4.93061
-4.93498
-4.9426
-4.95477
-4.96984
-4.98423
-4.99756
-5.00909
-5.01678
-5.02214
-5.0256
-5.03044
-5.03552
-5.04151
-5.04665
-5.0492
-5.05116
-5.05265
-5.0563
-5.06167
-5.06777
-5.07519
-5.08293
-5.08736
-5.08898
-5.08938
-5.08718
-5.08302
-5.07758
-5.07263
-5.06579
-5.05776
-5.04725
-5.03077
-5.00862
-4.98465
-4.95982
-4.94039
-4.92894
-4.92347
-4.92144
-4.91962
-4.91815
-4.91764
-4.92071
-4.92729
-4.93374
-4.93943
-4.94201
-4.94423
-4.94797
-4.9552
-4.96544
-4.97889
-4.99215
-5.00383
-5.01562
-5.02702
-5.03634
-5.04218
-5.04202
-5.03485
-5.02042
-5.00261
-4.98037
-4.9584
-4.9404
-4.92557
-4.91543
-4.91165
-4.91438
-4.92494
-4.94216
-4.96511
-4.99294
-5.02394
-5.05417
-5.08196
-5.10265
-5.11466
-5.1164
-5.10706
-5.0862
-5.05675
-5.02234
-4.98825
-4.95908
-4.93967
-4.92893
-4.92234
-4.91396
-4.90255
-4.8913
-4.88332
-4.88081
-4.88541
-4.897
-4.90864
-4.91793
-4.92165
-4.91841
-4.91028
-4.89772
-4.88373
-4.86981
-4.85868
-4.85365
-4.85
-4.8488
-4.84847
-4.85007
-4.85187
-4.85921
-4.87658
-4.9039
-4.93495
-4.96437
-4.98529
-4.99222
-4.98815
-4.97715
-4.9669
-4.9623
-4.96351
-4.96921
-4.97938
-4.98853
-4.99719
-5.00631
-5.01638
-5.02918
-5.03993
-5.04695
-5.04689
-5.03873
-5.02757
-5.01771
-5.01276
-5.01494
-5.02661
-5.04211
-5.05759
-5.07117
-5.08044
-5.08253
-5.076
-5.06268
-5.04177
-5.01575
-4.98964
-4.96517
-4.9434
-4.92228
-4.89987
-4.87411
-4.84993
-4.83134
-4.82049
-4.81856
-4.82345
-4.83111
-4.84125
-4.8525
-4.86702
-4.88611
-4.90699
-4.929
-4.94847
-4.9637
-4.97203
-4.97342
-4.96808
-4.95691
-4.94284
-4.92813
-4.91551
-4.90811
-4.90887
-4.91474
-4.92767
-4.94502
-4.96367
-4.97895
-4.98841
-4.9898
-4.98418
-4.97488
-4.96081
-4.94562
-4.92874
-4.91303
-4.89981
-4.89352
-4.89344
-4.90019
-4.90964
-4.91804
-4.92154
-4.91894
-4.90922
-4.8951
-4.87898
-4.86252
-4.85143
-4.84405
-4.84083
-4.84148
-4.84708
-4.85725
-4.8696
-4.88314
-4.8939
-4.90228
-4.90982
-4.91989
-4.93771
-4.95932
-4.98357
-5.00542
-5.02233
-5.03537
-5.04075
-5.0388
-5.02752
-5.01041
-4.98992
-4.97341
-4.96807
-4.97532
-4.99308
-5.01514
-5.03429
-5.04459
-5.0383
-5.01532
-4.9791
-4.93412
-4.88782
-4.84931
-4.82267
-4.81424
-4.82321
-4.84694
-4.87941
-4.91492
-4.94755
-4.9744
-4.9937
-5.00397
-5.0053
-5.00147
-4.99305
-4.98215
-4.97183
-4.96534
-4.96402
-4.96909
-4.98059
-4.9956
-5.01509
-5.03325
-5.0509
-5.06278
-5.06845
-5.06713
-5.0589
-5.04754
-5.03519
-5.02302
-5.01384
-5.00499
-4.99513
-4.98334
-4.96727
-4.94796
-4.92713
-4.90587
-4.89634
-4.90689
-4.93116
-4.95809
-4.97618
-4.98262
-4.98475
-4.98626
-4.9929
-5.00481
-5.02109
-5.03897
-5.05709
-5.07187
-5.08374
-5.0888
-5.09133
-5.09211
-5.09049
-5.08758
-5.08287
-5.0771
-5.07259
-5.07105
-5.07289
-5.0753
-5.07827
-5.07811
-5.07274
-5.06267
-5.04844
-5.03105
-5.01459
-4.99703
-4.98111
-4.96357
-4.9443
-4.92351
-4.90239
-4.88852
-4.88987
-4.91141
-4.94702
-4.98796
-5.02648
-5.05717
-5.0792
-5.09173
-5.095
-5.09159
-5.08534
-5.07786
-5.06942
-5.06078
-5.05032
-5.0365
-5.01984
-5.00121
-4.98265
-4.96816
-4.96136
-4.96035
-4.96642
-4.97598
-4.98687
-4.99517
-4.9975
-4.99339
-4.98451
-4.97221
-4.9594
-4.94785
-4.94108
-4.93899
-4.94255
-4.95193
-4.96606
-4.98419
-5.00494
-5.02681
-5.04509
-5.06088
-5.06835
-5.06867
-5.05858
-5.0411
-5.01857
-4.99535
-4.97751
-4.96699
-4.96507
-4.96864
-4.97594
-4.98594
-4.99679
-5.00748
-5.01946
-5.03077
-5.04326
-5.05535
-5.06814
-5.08121
-5.09511
-5.11014
-5.12587
-5.14132
-5.15956
-5.1784
-5.19542
-5.20937
-5.21727
-5.2179
-5.2115
-5.19809
-5.1783
-5.15713
-5.1338
-5.11205
-5.09075
-5.06533
-5.03958
-5.01037
-4.97963
-4.95325
-4.93366
-4.92538
-4.92669
-4.93671
-4.95287
-4.97083
-4.98994
-5.0085
-5.02466
-5.03732
-5.0453
-5.04725
-5.04535
-5.03853
-5.02883
-5.01909
-5.01155
-5.00936
-5.013
-5.02269
-5.03361
-5.04047
-5.03844
-5.02421
-4.9984
-4.96173
-4.92096
-4.87622
-4.83613
-4.80438
-4.78593
-4.78463
-4.80022
-4.8323
-4.87582
-4.92411
-4.97229
-5.0137
-5.04779
-5.07404
-5.09513
-5.11094
-5.12123
-5.12453
-5.11766
-5.10024
-5.07283
-5.04029
-5.00807
-4.98533
-4.9718
-4.96877
-4.97182
-4.97972
-4.99153
-5.00372
-5.01434
-5.0241
-5.032
-5.04145
-5.05167
-5.06401
-5.08004
-5.09339
-5.10481
-5.11373
-5.11821
-5.11833
-5.11556
-5.10899
-5.1008
-5.08825
-5.07374
-5.05907
-5.04304
-5.02916
-5.01422
-4.99714
-4.97785
-4.95881
-4.93881
-4.91768
-4.89772
-4.88007
-4.86736
-4.86118
-4.8665
-4.88323
-4.91136
-4.94852
-4.98624
-5.01928
-5.04241
-5.04996
-5.0409
-5.02098
-4.99424
-4.96577
-4.94177
-4.92175
-4.90387
-4.88724
-4.86938
-4.8511
-4.83373
-4.82269
-4.8245
-4.84235
-4.87967
-4.9261
-4.97139
-5.0069
-5.02867
-5.04082
-5.04615
-5.04621
-5.04154
-5.02755
-5.00566
-4.97902
-4.95332
-4.93434
-4.93034
-4.94171
-4.96211
-4.98793
-5.0151
-5.03849
-5.05901
-5.07256
-5.07954
-5.08137
-5.08043
-5.07846
-5.07874
-5.07927
-5.07921
-5.07687
-5.07171
-5.06294
-5.05181
-5.03881
-5.02489
-5.00983
-4.99437
-4.97832
-4.96001
-4.93958
-4.91702
-4.89419
-4.87578
-4.86759
-4.86956
-4.87842
-4.8909
-4.90217
-4.91324
-4.92637
-4.94086
-4.95503
-4.96611
-4.97209
-4.97344
-4.96843
-4.96114
-4.95374
-4.95296
-4.95903
-4.97115
-4.9913
-5.01476
-5.03955
-5.06184
-5.08031
-5.09382
-5.10296
-5.10869
-5.11152
-5.11166
-5.10821
-5.10099
-5.08857
-5.07016
-5.04651
-5.02115
-4.99416
-4.96931
-4.94715
-4.93183
-4.92382
-4.92598
-4.9389
-4.95943
-4.98403
-5.00553
-5.01875
-5.01929
-5.00669
-4.98248
-4.94906
-4.9104
-4.87401
-4.8468
-4.83428
-4.84418
-4.87251
-4.91617
-4.9663
-5.01333
-5.05205
-5.08306
-5.10177
-5.11274
-5.11175
-5.10052
-5.08033
-5.05299
-5.01909
-4.98493
-4.95136
-4.92107
-4.898
-4.8823
-4.87706
-4.88304
-4.89643
-4.91523
-4.93477
-4.95253
-4.96647
-4.9718
-4.97066
-4.962
-4.946
-4.92499
-4.9017
-4.87803
-4.85691
-4.84217
-4.83506
-4.83464
-4.83953
-4.84671
-4.85353
-4.85818
-4.85888
-4.85436
-4.84996
-4.8476
-4.85028
-4.85923
-4.87341
-4.89037
-4.91126
-4.93277
-4.95483
-4.97896
-5.00554
-5.03137
-5.0532
-5.06698
-5.07225
-5.06905
-5.06212
-5.05444
-5.04794
-5.04432
-5.04451
-5.04638
-5.04713
-5.04839
-5.04846
-5.04618
-5.04502
-5.04245
-5.04163
-5.04196
-5.04001
-5.03408
-5.02226
-5.00374
-4.98016
-4.95212
-4.92292
-4.89345
-4.86638
-4.8456
-4.83193
-4.82733
-4.83373
-4.85153
-4.8766
-4.90559
-4.93547
-4.9643
-4.99085
-5.01432
-5.034
-5.04978
-5.06128
-5.07096
-5.08025
-5.08812
-5.09936
-5.11329
-5.12668
-5.13868
-5.14748
-5.15202
-5.14899
-5.14248
-5.13116
-5.1165
-5.10077
-5.0865
-5.0702
-5.05544
-5.04256
-5.03127
-5.02176
-5.01207
-5.00141
-4.98923
-4.97485
-4.96165
-4.948
-4.93383
-4.91931
-4.90679
-4.89771
-4.89032
-4.88616
-4.88523
-4.8863
-4.89438
-4.90783
-4.9266
-4.94721
-4.9668
-4.98551
-5.00203
-5.01417
-5.02394
-5.03262
-5.03811
-5.03891
-5.03503
-5.0245
-5.00459
-4.97644
-4.94245
-4.90775
-4.87708
-4.85558
-4.84902
-4.86287
-4.89628
-4.9453
-5.0043
-5.06316
-5.11304
-5.15029
-5.17447
-5.18369
-5.18057
-5.16753
-5.14921
-5.13026
-5.11288
-5.10224
-5.09825
-5.09974
-5.1038
-5.10828
-5.10855
-5.10723
-5.10366
-5.09976
-5.09817
-5.09361
-5.08959
-5.08216
-5.07164
-5.05484
-5.03236
-5.00547
-4.978
-4.955
-4.94308
-4.9407
-4.94854
-4.9615
-4.97615
-4.99357
-5.01299
-5.03715
-5.0576
-5.07179
-5.07961
-5.08062
-5.07865
-5.07725
-5.07761
-5.07988
-5.08134
-5.08462
-5.08459
-5.07688
-5.06333
-5.04542
-5.02258
-4.99454
-4.9628
-4.92792
-4.89284
-4.86002
-4.83516
-4.82191
-4.82337
-4.83891
-4.86597
-4.90104
-4.93762
-4.97338
-5.00341
-5.02497
-5.03632
-5.03631
-5.02635
-5.00573
-4.97853
-4.94571
-4.91104
-4.87726
-4.84762
-4.82556
-4.81096
-4.80585
-4.80781
-4.81745
-4.8309
-4.84472
-4.85792
-4.86979
-4.8788
-4.88502
-4.89177
-4.8998
-4.91052
-4.92631
-4.9449
-4.96431
-4.98073
-4.98946
-4.98838
-4.97958
-4.96689
-4.95968
-4.96239
-4.97329
-4.99221
-5.01525
-5.04066
-5.06689
-5.09669
-5.12421
-5.14948
-5.169
-5.17838
-5.17578
-5.16278
-5.14105
-5.1159
-5.09012
-5.06902
-5.05198
-5.04175
-5.03888
-5.03987
-5.04192
-5.04109
-5.03398
-5.01645
-4.99022
-4.95894
-4.92792
-4.90529
-4.89425
-4.89871
-4.91825
-4.94704
-4.98102
-5.01431
-5.04158
-5.0596
-5.06961
-5.07239
-5.0698
-5.06392
-5.06072
-5.06101
-5.06579
-5.06952
-5.0711
-5.06683
-5.0525
-5.03015
-5.00345
-4.97761
-4.95677
-4.94587
-4.94414
-4.95013
-4.9623
-4.97716
-4.99073
-5.00095
-5.00887
-5.01446
-5.02178
-5.03213
-5.0431
-5.0555
-5.06673
-5.0755
-5.0809
-5.08256
-5.08363
-5.08171
-5.07544
