0.793271
0.770445
0.732688
0.681657
0.619519
0.549364
0.475208
0.401784
0.33416
0.277106
0.234349
0.207901
0.197782
0.202139
0.217749
0.240718
0.267118
0.293482
0.317096
0.336085
0.349423
0.356856
0.358745
0.355925
0.349591
0.341138
0.332052
0.323805
0.31776
0.315109
0.316769
0.323349
0.335017
0.351471
0.371895
0.394992
0.419177
0.44268
0.46384
0.48125
0.493911
0.501256
0.50324
0.500229
0.492994
0.482585
0.470148
0.456828
0.44365
0.431347
0.420387
0.410982
0.403159
0.396833
0.3919
0.388327
0.386129
0.385406
0.386283
0.388823
0.39297
0.398528
0.405119
0.412228
0.419248
0.425622
0.430934
0.43495
0.437589
0.438917
0.439073
0.438192
0.436445
0.433981
0.430959
0.427526
0.423889
0.420237
0.416732
0.413583
0.410977
0.409026
0.407868
0.407572
0.408184
0.409589
0.41149
0.41337
0.414607
0.41455
0.412668
0.408665
0.402604
0.394912
0.386299
0.377722
0.37013
0.364314
0.360779
0.359647
0.796555
0.785343
0.766556
0.740917
0.70954
0.673773
0.635241
0.59577
0.55746
0.522662
0.493894
0.473507
0.463239
0.463846
0.474857
0.494594
0.520583
0.550043
0.580408
0.609612
0.636272
0.659582
0.679047
0.694327
0.705164
0.711383
0.712987
0.710237
0.703811
0.694794
0.684556
0.674445
0.665596
0.658567
0.653547
0.650736
0.65041
0.652615
0.656633
0.660886
0.663714
0.664125
0.661995
0.657758
0.651984
0.645119
0.637487
0.629403
0.621232
0.613382
0.606192
0.599813
0.594361
0.590243
0.588297
0.589623
0.595055
0.604707
0.617623
0.631919
0.645287
0.65567
0.661655
0.662686
0.659144
0.652152
0.643351
0.634475
0.626852
0.621205
0.617659
0.616042
0.616218
0.618239
0.622297
0.628496
0.636643
0.646312
0.656923
0.667803
0.678278
0.68766
0.695337
0.700824
0.703836
0.704278
0.702099
0.697213
0.689534
0.679174
0.666632
0.653051
0.640026
0.629205
0.621851
0.61853
0.618991
0.62215
0.626459
0.63028
0.799019
0.791207
0.777858
0.761593
0.745533
0.73251
0.724342
0.721611
0.723838
0.729754
0.737508
0.744797
0.749336
0.749439
0.744445
0.734737
0.721486
0.706167
0.690336
0.675535
0.663367
0.655463
0.653293
0.657762
0.668829
0.685302
0.705039
0.725364
0.743656
0.757794
0.766302
0.768423
0.764065
0.753709
0.73853
0.720338
0.701539
0.684804
0.672491
0.665936
0.665043
0.668446
0.674142
0.680174
0.685221
0.688807
0.691049
0.692283
0.692736
0.692503
0.691798
0.691168
0.691569
0.694023
0.699147
0.706825
0.716162
0.725878
0.734683
0.741735
0.746842
0.750346
0.752973
0.75566
0.759229
0.764261
0.770782
0.778181
0.78548
0.791866
0.796974
0.800762
0.803307
0.804414
0.803602
0.800161
0.793451
0.783287
0.770043
0.754628
0.738355
0.722625
0.708777
0.698055
0.691441
0.689474
0.691848
0.697351
0.704047
0.709957
0.713672
0.71465
0.713144
0.709809
0.705365
0.700558
0.696041
0.692616
0.691196
0.692672
0.803147
0.807446
0.812195
0.816404
0.818994
0.819044
0.815988
0.809585
0.799897
0.787363
0.772894
0.757856
0.743866
0.732359
0.723992
0.718278
0.713921
0.709712
0.705266
0.701204
0.698688
0.698961
0.703018
0.711476
0.724388
0.741174
0.76068
0.781488
0.802417
0.822744
0.841918
0.859181
0.873422
0.883394
0.888181
0.887492
0.881668
0.871553
0.858238
0.842851
0.826303
0.809355
0.79268
0.777077
0.763541
0.753048
0.746314
0.743524
0.744303
0.748058
0.754303
0.76285
0.773229
0.784089
0.793217
0.798151
0.797229
0.790288
0.778897
0.765753
0.753788
0.7452
0.740926
0.740605
0.743187
0.747513
0.752856
0.759028
0.766313
0.775135
0.785845
0.798549
0.812862
0.827896
0.8423
0.854424
0.862793
0.866527
0.865503
0.860086
0.850656
0.837443
0.820652
0.801042
0.780273
0.76075
0.745136
0.735422
0.732291
0.734956
0.741602
0.749958
0.757827
0.763407
0.765782
0.765049
0.76213
0.758626
0.756284
0.756588
0.802686
0.808553
0.817412
0.828558
0.84078
0.852699
0.863058
0.871048
0.876387
0.879294
0.880437
0.880725
0.881092
0.88214
0.88386
0.88554
0.88593
0.883801
0.878417
0.869745
0.858376
0.845176
0.830983
0.81657
0.802558
0.78964
0.778553
0.769785
0.76325
0.758136
0.753126
0.746827
0.738398
0.727867
0.716087
0.704454
0.694461
0.687282
0.683595
0.683609
0.687313
0.694494
0.704888
0.718096
0.733669
0.751043
0.769667
0.788952
0.808239
0.826642
0.843017
0.856087
0.86484
0.868793
0.867911
0.862438
0.852695
0.839345
0.82376
0.808383
0.796321
0.7903
0.791612
0.799495
0.811317
0.823487
0.832407
0.835274
0.830686
0.818938
0.80192
0.782776
0.765195
0.752455
0.746751
0.748647
0.757214
0.770378
0.78575
0.801154
0.815092
0.826878
0.83646
0.844206
0.850486
0.855237
0.857925
0.857754
0.854059
0.846716
0.836415
0.8245
0.812657
0.802436
0.794837
0.79006
0.787784
0.787593
0.789391
0.793378
0.80509
0.812493
0.82129
0.83041
0.83867
0.84482
0.847496
0.845431
0.837698
0.824235
0.806111
0.78553
0.765375
0.748519
0.73695
0.731209
0.730468
0.733437
0.73923
0.747478
0.757962
0.770113
0.782861
0.794899
0.805148
0.813149
0.819177
0.823957
0.828439
0.833312
0.83885
0.844805
0.850503
0.854999
0.857418
0.857008
0.853314
0.846387
0.83686
0.825909
0.814862
0.804956
0.797253
0.792569
0.791537
0.794567
0.801517
0.811339
0.822296
0.832615
0.841156
0.847557
0.852072
0.855016
0.856405
0.855783
0.852538
0.846217
0.83675
0.824583
0.810462
0.795186
0.779658
0.765249
0.7541
0.748799
0.751004
0.760053
0.773223
0.787268
0.799731
0.809201
0.814984
0.816669
0.814092
0.807415
0.797173
0.784395
0.770648
0.757753
0.747423
0.740933
0.738877
0.741228
0.747401
0.7564
0.767201
0.779105
0.791886
0.805735
0.820765
0.836631
0.852181
0.865787
0.875825
0.881331
0.882255
0.879417
0.873962
0.866883
