-6.65046
-6.64819
-6.62941
-6.61548
-6.60641
-6.59929
-6.59248
-6.58762
-6.5847
-6.58179
-6.57952
-6.5779
-6.57596
-6.57499
-6.57532
-6.575
-6.57435
-6.57436
-6.57306
-6.57274
-6.57242
-6.57339
-6.57371
-6.57306
-6.57241
-6.57306
-6.57371
-6.57532
-6.57403
-6.57338
-6.57241
-6.57402
-6.57435
-6.57565
-6.57629
-6.57824
-6.57921
-6.57824
-6.57954
-6.58148
-6.58148
-6.58019
-6.58148
-6.58213
-6.58504
-6.58472
-6.58666
-6.58536
-6.58439
-6.58309
-6.5805
-6.58018
-6.57824
-6.58018
-6.5805
-6.57986
-6.5805
-6.58018
-6.57824
-6.57888
-6.57629
-6.57726
-6.57726
-6.57726
-6.57759
-6.57856
-6.58018
-6.57986
-6.58212
-6.58309
-6.58374
-6.58471
-6.58569
-6.58374
-6.58277
-6.58342
-6.58406
-6.58406
-6.58374
-6.58406
-6.58244
-6.5818
-6.58147
-6.58147
-6.58115
-6.58115
-6.5805
-6.57953
-6.57953
-6.58083
-6.5805
-6.57921
-6.57953
-6.57953
-6.57921
-6.58179
-6.58082
-6.57985
-6.5792
-6.57791
-5.9162
-5.91555
-5.91393
-5.9149
-5.91587
-5.9136
-5.91198
-5.91036
-5.90906
-5.90809
-5.91035
-5.90841
-5.90841
-5.90776
-5.90841
-5.90809
-5.90809
-5.91004
-5.91166
-5.91069
-5.91296
-5.91296
-5.91296
-5.91457
-5.91555
-5.91846
-5.91814
-5.91814
-5.91814
-5.91911
-5.91846
-5.91683
-5.91684
-5.91781
-5.91651
-5.91684
-5.91586
-5.91878
-5.91781
-5.91813
-5.91749
-5.91716
-5.91522
-5.91554
-5.91392
-5.91425
-5.91392
-5.91392
-5.91619
-5.91619
-5.91586
-5.91489
-5.91392
-5.9136
-5.91198
-5.91165
-5.91262
-5.91327
-5.91327
-5.91424
-5.91295
-5.91295
-5.91554
-5.91651
-5.91554
-5.91424
-5.91521
-5.91489
-5.91456
-5.91554
-5.91651
-5.91618
-5.91748
-5.92136
-5.92104
-5.91942
-5.92006
-5.92006
-5.92007
-5.91877
-5.91942
-5.91974
-5.92007
-5.91812
-5.91586
-5.91683
-5.9165
-5.91715
-5.91715
-5.91553
-5.91489
-5.91618
-5.9165
-5.91909
-5.91682
-5.91456
-5.9152
-5.91326
-5.91326
-5.91229
-5.65816
-5.65913
-5.6601
-5.6601
-5.6601
-5.65945
-5.66009
-5.6601
-5.66042
-5.66107
-5.6614
-5.66075
-5.65849
-5.65849
-5.65654
-5.65816
-5.65849
-5.66043
-5.65784
-5.65783
-5.65848
-5.65977
-5.66042
-5.65977
-5.65847
-5.65848
-5.65945
-5.65686
-5.65848
-5.65848
-5.65848
-5.66107
-5.66204
-5.66139
-5.66301
-5.66009
-5.65912
-5.66106
-5.65847
-5.65815
-5.65653
-5.65847
-5.6601
-5.65913
-5.66139
-5.66107
-5.65945
-5.65913
-5.65816
-5.65621
-5.65654
-5.65751
-5.65621
-5.65654
-5.65783
-5.65816
-5.65719
-5.65719
-5.65687
-5.65492
-5.65687
-5.65719
-5.65654
-5.65654
-5.65751
-5.65751
-5.65751
-5.6588
-5.65977
-5.66107
-5.66171
-5.66204
-5.66074
-5.65816
-5.65686
-5.65686
-5.65945
-5.65816
-5.65783
-5.65945
-5.6588
-5.65815
-5.6575
-5.65686
-5.65524
-5.65492
-5.65492
-5.65686
-5.65654
-5.65557
-5.65557
-5.65492
-5.65719
-5.65622
-5.65654
-5.65686
-5.65719
-5.65783
-5.65945
-5.6601
-5.49771
-5.49771
-5.50063
-5.50095
-5.50127
-5.5003
-5.49966
-5.49739
-5.49771
-5.49868
-5.49739
-5.49739
-5.49771
-5.49868
-5.49836
-5.49803
-5.49739
-5.49739
-5.49804
-5.49803
-5.49771
-5.49674
-5.49576
-5.49576
-5.49609
-5.49933
-5.5003
-5.5003
-5.49933
-5.49965
-5.50062
-5.49998
-5.49901
-5.49674
-5.49739
-5.49965
-5.49965
-5.49868
-5.49641
-5.49382
-5.49479
-5.49576
-5.49576
-5.49609
-5.49673
-5.49803
-5.49673
-5.49738
-5.49576
-5.49609
-5.49447
-5.49544
-5.49641
-5.49609
-5.49609
-5.49674
-5.49803
-5.49771
-5.49835
-5.49835
-5.49738
-5.49738
-5.4977
-5.49641
-5.49544
-5.49608
-5.49706
-5.49576
-5.49835
-5.49867
-5.50223
-5.49964
-5.49834
-5.49932
-5.50094
-5.49965
-5.49965
-5.49932
-5.50094
-5.49997
-5.49932
-5.49835
-5.5003
-5.49932
-5.49673
-5.49673
-5.49737
-5.49608
-5.49867
-5.49834
-5.49802
-5.4977
-5.49576
-5.49738
-5.49609
-5.49447
-5.49285
-5.49284
-5.49349
-5.49446
-5.43064
-5.43161
-5.43129
-5.43258
-5.43323
-5.43615
-5.4368
-5.43809
-5.43679
-5.43712
-5.43517
-5.43582
-5.43744
-5.43743
-5.43776
-5.43744
-5.43744
-5.43647
-5.43452
-5.43646
-5.43452
-5.43516
-5.43322
-5.43031
-5.43096
-5.4316
-5.4303
-5.43095
-5.43127
-5.43192
-5.43322
-5.43354
-5.43419
-5.43614
-5.43775
-5.43905
-5.43775
-5.43484
-5.43549
-5.43549
-5.43613
-5.43613
-5.43613
-5.43549
-5.43387
-5.43193
-5.43193
-5.43225
-5.43193
-5.43225
-5.43355
-5.43226
-5.43323
-5.43484
-5.43517
-5.43323
-5.4316
-5.43322
-5.43419
-5.43257
-5.43224
-5.43418
-5.43322
-5.43387
-5.43387
-5.4329
-5.43258
-5.43259
-5.43226
-5.42967
-5.43096
-5.43096
-5.43128
-5.43096
-5.43063
-5.43063
-5.43355
-5.43258
-5.43291
-5.43291
-5.43388
-5.43388
-5.4342
-5.43453
-5.43355
-5.43388
-5.43614
-5.4355
-5.43453
-5.43291
-5.43226
-5.43064
-5.43225
-5.4329
-5.43711
-5.43614
-5.43582
-5.43388
-5.43064
-5.43096
-5.42269
-5.42236
-5.42269
-5.42172
-5.42399
-5.42334
-5.42237
-5.41816
-5.41849
-5.41784
-5.41751
-5.4188
-5.42042
-5.42074
-5.42203
-5.42106
-5.42268
-5.42333
-5.4243
-5.42398
-5.42365
-5.42333
-5.42462
-5.42204
-5.42268
-5.42333
-5.42333
-5.42203
-5.42171
-5.42171
-5.42074
-5.42042
-5.42171
-5.42333
-5.42398
-5.42398
-5.42269
-5.42333
-5.42366
-5.4256
-5.42592
-5.4243
-5.42656
-5.42591
-5.42591
-5.42462
-5.42462
-5.42429
-5.42527
-5.42592
-5.42624
-5.42624
-5.42494
-5.42559
-5.42526
-5.42364
-5.42365
-5.42559
-5.42527
-5.42397
-5.42429
-5.42267
-5.42494
-5.42331
-5.42331
-5.42461
-5.42623
-5.42526
-5.42623
-5.42558
-5.42623
-5.42623
-5.42461
-5.42559
-5.42688
-5.42526
-5.42656
-5.42623
-5.42461
-5.42526
-5.42429
-5.42396
-5.42299
-5.42235
-5.42267
-5.42429
-5.42429
-5.42591
-5.42493
-5.4259
-5.42687
-5.4259
-5.42623
-5.42429
-5.42396
-5.42429
-5.42299
-5.42364
-5.42687
-5.42687
