-7.84036
-7.80385
-7.72844
-7.63797
-7.53569
-7.42333
-7.3053
-7.1903
-7.08594
-6.99745
-6.93104
-6.88975
-6.87263
-6.8782
-6.90194
-6.93607
-6.97503
-7.01458
-7.04871
-7.07687
-7.09655
-7.10867
-7.11183
-7.10695
-7.0968
-7.08477
-7.07178
-7.06103
-7.05067
-7.04604
-7.04756
-7.05905
-7.07687
-7.10285
-7.13414
-7.17073
-7.20798
-7.24226
-7.2753
-7.30335
-7.32235
-7.33207
-7.33634
-7.33247
-7.32453
-7.30859
-7.29188
-7.2706
-7.24986
-7.23011
-7.21108
-7.19665
-7.18298
-7.17543
-7.16835
-7.16235
-7.15969
-7.15829
-7.15766
-7.16212
-7.16575
-7.17506
-7.18494
-7.19561
-7.20646
-7.21699
-7.22658
-7.23228
-7.23851
-7.24147
-7.24235
-7.242
-7.24035
-7.23471
-7.22921
-7.22471
-7.2199
-7.21442
-7.20884
-7.20444
-7.19891
-7.19534
-7.19327
-7.19283
-7.19343
-7.19553
-7.19774
-7.19958
-7.20144
-7.20265
-7.1995
-7.1922
-7.18344
-7.1719
-7.15865
-7.14838
-7.13602
-7.12632
-7.12037
-7.11738
-7.11103
-7.09356
-7.06377
-7.02628
-6.98018
-6.92426
-6.86484
-6.80402
-6.74525
-6.69208
-6.6512
-6.61867
-6.60327
-6.60353
-6.6207
-6.64998
-6.68897
-6.7351
-6.78227
-6.82511
-6.86736
-6.90233
-6.93153
-6.95607
-6.97329
-6.98554
-6.98762
-6.98349
-6.97385
-6.9613
-6.94529
-6.9285
-6.91523
-6.90566
-6.89683
-6.89294
-6.89148
-6.8977
-6.90276
-6.90946
-6.91306
-6.91335
-6.90821
-6.90218
-6.8919
-6.88192
-6.87015
-6.85803
-6.84804
-6.83626
-6.82515
-6.81461
-6.80546
-6.79896
-6.79442
-6.79609
-6.8052
-6.82033
-6.83971
-6.86212
-6.88088
-6.89646
-6.90803
-6.91054
-6.90426
-6.89247
-6.88024
-6.8666
-6.85484
-6.84734
-6.84299
-6.84025
-6.8418
-6.84872
-6.85448
-6.86216
-6.87503
-6.88953
-6.90545
-6.92048
-6.93683
-6.95123
-6.96307
-6.96936
-6.97161
-6.97324
-6.96965
-6.96297
-6.95145
-6.93429
-6.91483
-6.89576
-6.87654
-6.8629
-6.8496
-6.84235
-6.84369
-6.84649
-6.85295
-6.85771
-6.85669
-6.84594
-6.82689
-6.80249
-6.7784
-6.75821
-6.74661
-6.74251
-6.74618
-6.7557
-6.76766
-6.77795
-6.78249
-6.78265
-6.77321
-6.76027
-6.74071
-6.71968
-6.69334
-6.67114
-6.65353
-6.64297
-6.64036
-6.64641
-6.66172
-6.68643
-6.71701
-6.74491
-6.77397
-6.79517
-6.80794
-6.81371
-6.80814
-6.79196
-6.7708
-6.7406
-6.71143
-6.68827
-6.6672
-6.65705
-6.65409
-6.66114
-6.67131
-6.67939
-6.68922
-6.69428
-6.69602
-6.69755
-6.69726
-6.69497
-6.69424
-6.69426
-6.69357
-6.69757
-6.70655
-6.71839
-6.73143
-6.74601
-6.75889
-6.76753
-6.77713
-6.78271
-6.786
-6.79003
-6.79635
-6.8039
-6.81368
-6.82608
-6.83799
-6.84887
-6.85718
-6.86318
-6.8657
-6.86478
-6.86226
-6.8571
-6.84963
-6.83309
-6.8129
-6.79139
-6.76633
-6.74209
-6.72067
-6.70394
-6.6924
-6.68913
-6.69269
-6.70289
-6.71261
-6.72051
-6.72608
-6.7269
-6.72691
-6.72093
-6.71459
-6.7077
-6.70125
-6.69676
-6.69625
-6.69911
-6.70243
-6.70888
-6.71892
-6.72556
-6.72977
-6.72887
-6.72364
-6.71177
-6.69756
-6.67973
-6.65673
-6.63417
-6.61351
-6.59722
-6.58434
-6.57545
-6.56827
-6.56196
-6.55593
-6.54984
-6.54574
-6.54518
-6.55029
-6.56298
-6.58267
-6.61109
-6.64132
-6.67253
-6.70295
-6.73377
-6.7635
-6.78875
-6.80914
-6.82183
-6.82966
-6.83089
-6.82215
-6.80601
-6.78377
-6.7581
-6.73425
-6.7098
-6.68478
-6.6617
-6.64204
-6.6276
-6.6162
-6.61267
-6.61222
-6.61817
-6.62592
-6.63971
-6.65625
-6.67222
-6.68592
-6.69397
-6.69388
-6.68314
-6.6667
-6.64698
-6.62806
-6.61518
-6.60909
-6.60731
-6.61022
-6.61735
-6.62634
-6.6343
-6.64782
-6.66137
-6.681
-6.69746
-6.71764
-6.74116
-6.76439
-6.78128
-6.79384
-6.79912
-6.7992
-6.7901
-6.77531
-6.75452
-6.73127
-6.70089
-6.66714
-6.63785
-6.61508
-6.59921
-6.5971
-6.60078
-6.61043
-6.62264
-6.6325
-6.64249
-6.64476
-6.64204
-6.63604
-6.63078
-6.62792
-6.62934
-6.63467
-6.64444
-6.65741
-6.67542
-6.6944
-6.7152
-6.73138
-6.74466
-6.75137
-6.75606
-6.75583
-6.75691
-6.75907
-6.76064
-6.76355
-6.76575
-6.76633
-6.76217
-6.75215
-6.74108
-6.72208
-6.70293
-6.67969
-6.65516
-6.63479
-6.61606
-6.59813
-6.58563
-6.57615
-6.56913
-6.56291
-6.55379
-6.54179
-6.52794
-6.51188
-6.49573
-6.47944
-6.46576
-6.46088
-6.4609
-6.4671
-6.47787
-6.49347
-6.51263
-6.53437
-6.55849
-6.58643
-6.61568
-6.64428
-6.67221
-6.69807
-6.71638
-6.73049
-6.73803
-6.73703
-6.72688
-6.71065
-6.69224
-6.66983
-6.64515
-6.62673
-6.61963
-6.62063
-6.63311
-6.65085
-6.66814
-6.68119
-6.6855
-6.67829
-6.65808
-6.63384
-6.60512
-6.57907
-6.55964
-6.55076
-6.5536
-6.56937
-6.58815
-6.61153
-6.63464
-6.65652
-6.6742
-6.68889
-6.70084
-6.70928
-6.71673
-6.72303
-6.72213
-6.71562
-6.70299
-6.68688
-6.66739
-6.65124
-6.63656
-6.62937
-6.62123
-6.6175
-6.61527
-6.61473
-6.62103
-6.63032
-6.6411
-6.65462
-6.66733
-6.68199
-6.69057
-6.69362
-6.68631
-6.67503
-6.65419
-6.62668
-6.5971
-6.56848
-6.54352
-6.52746
-6.51788
-6.51838
-6.52348
-6.53315
-6.54519
-6.5606
-6.5785
-6.59892
-6.61439
-6.63041
-6.64306
-6.6521
-6.65797
-6.66437
-6.67168
-6.67902
-6.68763
-6.69747
-6.70583
-6.71011
-6.70949
-6.70266
-6.69291
-6.67895
-6.66446
-6.64821
-6.63173
-6.62244
-6.61477
-6.61322
-6.61647
-6.62689
-6.6413
-6.65871
-6.67484
-6.68798
-6.69758
-6.70305
-6.70811
-6.70987
-6.70732
-6.70245
-6.69491
-6.68039
-6.66084
-6.63998
-6.61545
-6.59442
-6.57119
-6.55446
-6.54781
-6.55273
-6.56534
-6.58606
-6.60649
-6.62583
-6.64003
-6.64709
-6.65059
-6.64802
-6.63638
-6.62232
-6.60283
-6.58058
-6.56189
-6.54542
-6.53536
-6.53131
-6.53419
-6.54377
-6.55889
-6.57509
-6.59457
-6.61276
-6.63451
-6.65802
-6.68085
-6.7045
-6.72297
-6.7377
-6.74628
-6.74637
-6.74276
-6.73782
-6.7272
