1.18991
1.15567
1.09903
1.02249
0.929279
0.824046
0.712812
0.602676
0.50124
0.415659
0.351524
0.311852
0.296674
0.303209
0.326623
0.361077
0.400677
0.440224
0.475645
0.504127
0.524135
0.535284
0.538117
0.533887
0.524387
0.511706
0.498078
0.485708
0.47664
0.472664
0.475153
0.485023
0.502525
0.527206
0.557842
0.592487
0.628766
0.66402
0.695761
0.721875
0.740866
0.751884
0.75486
0.750344
0.73949
0.723878
0.705222
0.685242
0.665475
0.647021
0.630581
0.616473
0.604739
0.595249
0.587851
0.582491
0.579193
0.578109
0.579424
0.583235
0.589454
0.597792
0.607679
0.618342
0.628872
0.638432
0.646401
0.652425
0.656384
0.658375
0.658609
0.657288
0.654668
0.650971
0.646438
0.641289
0.635833
0.630356
0.625098
0.620375
0.616466
0.613539
0.611802
0.611359
0.612277
0.614384
0.617234
0.620055
0.621911
0.621824
0.619003
0.612997
0.603905
0.592369
0.579449
0.566584
0.555196
0.54647
0.541168
0.53947
1.19483
1.17801
1.14983
1.11137
1.06431
1.01066
0.952862
0.893655
0.83619
0.783992
0.740841
0.710261
0.694858
0.695769
0.712286
0.741891
0.780874
0.825064
0.870611
0.914418
0.954408
0.989373
1.01857
1.04149
1.05775
1.06707
1.06948
1.06536
1.05572
1.04219
1.02683
1.01167
0.998394
0.98785
0.980321
0.976104
0.975615
0.978922
0.984949
0.991329
0.995571
0.996187
0.992993
0.986637
0.977975
0.967678
0.95623
0.944105
0.931847
0.920072
0.909288
0.899719
0.891542
0.885365
0.882445
0.884435
0.892582
0.90706
0.926435
0.947878
0.96793
0.983506
0.992482
0.994029
0.988716
0.978228
0.965026
0.951712
0.940278
0.931808
0.926489
0.924063
0.924327
0.927359
0.933445
0.942744
0.954965
0.969467
0.985385
1.0017
1.01742
1.03149
1.04301
1.05124
1.05575
1.05642
1.05315
1.04582
1.0343
1.01876
0.999949
0.979577
0.960039
0.943808
0.932777
0.927795
0.928486
0.933225
0.939688
0.94542
1.19853
1.18681
1.16679
1.14239
1.1183
1.09876
1.08651
1.08242
1.08576
1.09463
1.10626
1.1172
1.124
1.12416
1.11667
1.10211
1.08223
1.05925
1.0355
1.0133
0.99505
0.983195
0.97994
0.986643
1.00324
1.02795
1.05756
1.08805
1.11548
1.13669
1.14945
1.15263
1.1461
1.13056
1.10779
1.08051
1.05231
1.02721
1.00874
0.998904
0.997565
1.00267
1.01121
1.02026
1.02783
1.03321
1.03657
1.03842
1.0391
1.03876
1.0377
1.03675
1.03735
1.04103
1.04872
1.06024
1.07424
1.08882
1.10202
1.1126
1.12026
1.12552
1.12946
1.13349
1.13884
1.14639
1.15617
1.16727
1.17822
1.1878
1.19546
1.20114
1.20496
1.20662
1.2054
1.20024
1.19018
1.17493
1.15507
1.13194
1.10753
1.08394
1.06317
1.04708
1.03716
1.03421
1.03777
1.04603
1.05607
1.06494
1.07051
1.07197
1.06972
1.06471
1.05805
1.05084
1.04406
1.03892
1.03679
1.03901
1.20472
1.21117
1.21829
1.22461
1.22849
1.22857
1.22398
1.21438
1.19985
1.18104
1.15934
1.13678
1.1158
1.09854
1.08599
1.07742
1.07088
1.06457
1.0579
1.05181
1.04803
1.04844
1.05453
1.06721
1.08658
1.11176
1.14102
1.17223
1.20363
1.23412
1.26288
1.28877
1.31013
1.32509
1.33227
1.33124
1.3225
1.30733
1.28736
1.26428
1.23946
1.21403
1.18902
1.16561
1.14531
1.12957
1.11947
1.11529
1.11645
1.12209
1.13145
1.14428
1.15984
1.17613
1.18983
1.19723
1.19584
1.18543
1.16835
1.14863
1.13068
1.1178
1.11139
1.11091
1.11478
1.12127
1.12928
1.13854
1.14947
1.1627
1.17877
1.19782
1.21929
1.24184
1.26345
1.28164
1.29419
1.29979
1.29825
1.29013
1.27598
1.25616
1.23098
1.20156
1.17041
1.14113
1.1177
1.10313
1.09844
1.10243
1.1124
1.12494
1.13674
1.14511
1.14867
1.14757
1.1432
1.13794
1.13443
1.13488
1.20403
1.21283
1.22612
1.24284
1.26117
1.27905
1.29459
1.30657
1.31458
1.31894
1.32066
1.32109
1.32164
1.32321
1.32579
1.32831
1.32889
1.3257
1.31763
1.30462
1.28756
1.26776
1.24647
1.22486
1.20384
1.18446
1.16783
1.15468
1.14487
1.1372
1.12969
1.12024
1.1076
1.0918
1.07413
1.05668
1.04169
1.03092
1.02539
1.02541
1.03097
1.04174
1.05733
1.07714
1.1005
1.12656
1.1545
1.18343
1.21236
1.23996
1.26452
1.28413
1.29726
1.30319
1.30187
1.29366
1.27904
1.25902
1.23564
1.21257
1.19448
1.18545
1.18742
1.19924
1.21698
1.23523
1.24861
1.25291
1.24603
1.22841
1.20288
1.17416
1.14779
1.12868
1.12013
1.12297
1.13582
1.15557
1.17862
1.20173
1.22264
1.24032
1.25469
1.26631
1.27573
1.28286
1.28689
1.28663
1.28109
1.27007
1.25462
1.23675
1.21899
1.20365
1.19226
1.18509
1.18168
1.18139
1.18409
1.19007
1.20764
1.21874
1.23193
1.24562
1.258
1.26723
1.27124
1.26815
1.25655
1.23635
1.20917
1.17829
1.14806
1.12278
1.10542
1.09681
1.0957
1.10016
1.10884
1.12122
1.13694
1.15517
1.17429
1.19235
1.20772
1.21972
1.22877
1.23594
1.24266
1.24997
1.25828
1.26721
1.27575
1.2825
1.28613
1.28551
1.27997
1.26958
1.25529
1.23886
1.22229
1.20743
1.19588
1.18885
1.18731
1.19185
1.20228
1.21701
1.23344
1.24892
1.26173
1.27134
1.27811
1.28252
1.28461
1.28367
1.27881
1.26933
1.25513
1.23687
1.21569
1.19278
1.16949
1.14787
1.13115
1.1232
1.12651
1.14008
1.15983
1.1809
1.1996
1.2138
1.22248
1.225
1.22114
1.21112
1.19576
1.17659
1.15597
1.13663
1.12113
1.1114
1.10831
1.11184
1.1211
1.1346
1.1508
1.16866
1.18783
1.2086
1.23115
1.25495
1.27827
1.29868
1.31374
1.322
1.32338
1.31913
1.31094
1.30032
