0.894108
0.870903
0.832827
0.781127
0.717989
0.646609
0.571106
0.496276
0.427298
0.36909
0.325459
0.298465
0.288153
0.2926
0.308502
0.331918
0.358827
0.38567
0.409721
0.429026
0.442566
0.450062
0.451927
0.449024
0.442553
0.433911
0.424639
0.416214
0.410104
0.40745
0.409203
0.415926
0.427868
0.444675
0.465546
0.489115
0.513808
0.537835
0.559413
0.577137
0.590043
0.59754
0.599507
0.596385
0.588908
0.578264
0.565512
0.551934
0.538506
0.525986
0.514869
0.505292
0.497361
0.49087
0.485824
0.482175
0.479893
0.479131
0.480034
0.482587
0.486852
0.492497
0.499228
0.506497
0.513677
0.520187
0.525603
0.529733
0.532403
0.533758
0.533918
0.533009
0.531209
0.52873
0.525655
0.522122
0.518373
0.514618
0.511013
0.507756
0.505094
0.50308
0.501872
0.501542
0.502153
0.503577
0.50553
0.507477
0.508753
0.508682
0.506781
0.502726
0.496532
0.488675
0.479879
0.471062
0.463327
0.457411
0.453825
0.452712
0.933633
0.922225
0.903098
0.876917
0.844874
0.808406
0.769094
0.728812
0.689699
0.654155
0.624704
0.603904
0.593414
0.594065
0.605337
0.625554
0.652151
0.682246
0.713255
0.743113
0.770292
0.794087
0.81395
0.829509
0.840545
0.846827
0.848461
0.845636
0.839049
0.829788
0.819307
0.808971
0.799889
0.79264
0.787481
0.784542
0.784173
0.786327
0.790437
0.79478
0.797702
0.798158
0.796068
0.791798
0.786017
0.779099
0.771418
0.76327
0.754979
0.747047
0.739779
0.733325
0.727787
0.723564
0.721559
0.722859
0.728326
0.738125
0.751285
0.765842
0.779496
0.790066
0.796078
0.797052
0.793388
0.786211
0.777158
0.768083
0.760319
0.754576
0.750999
0.749428
0.749656
0.75171
0.755917
0.762324
0.770659
0.780539
0.791362
0.802467
0.813103
0.822622
0.830396
0.835986
0.839067
0.839479
0.837261
0.832278
0.824472
0.813967
0.801214
0.787361
0.774098
0.763051
0.755654
0.752388
0.752933
0.756281
0.760748
0.764706
0.950355
0.9423
0.928551
0.911827
0.895314
0.881938
0.873528
0.870718
0.872994
0.879053
0.887009
0.894511
0.899223
0.899338
0.894261
0.884277
0.870689
0.85495
0.838777
0.823603
0.811109
0.802967
0.800712
0.805289
0.816646
0.833522
0.853727
0.874606
0.893313
0.907796
0.916509
0.918626
0.914137
0.903535
0.887944
0.869357
0.850111
0.832926
0.820379
0.813704
0.812867
0.816361
0.822205
0.82843
0.833562
0.837234
0.839543
0.840784
0.84123
0.840981
0.840187
0.839444
0.839794
0.842216
0.847364
0.855163
0.864702
0.874623
0.883625
0.89087
0.896051
0.89963
0.902341
0.905112
0.908776
0.913966
0.920689
0.928287
0.935783
0.942328
0.947571
0.951464
0.954119
0.95533
0.954555
0.951063
0.944168
0.933806
0.920262
0.904446
0.887789
0.871682
0.857495
0.846501
0.839732
0.837697
0.840105
0.845682
0.852525
0.85857
0.862343
0.863326
0.861711
0.8583
0.853741
0.848821
0.844207
0.840709
0.839249
0.840778
0.962105
0.966556
0.971411
0.975758
0.978434
0.978516
0.975389
0.968845
0.958862
0.945931
0.93105
0.915557
0.901143
0.889283
0.880698
0.874862
0.870443
0.866173
0.861649
0.857532
0.855007
0.855353
0.859575
0.868283
0.881543
0.898704
0.918689
0.940013
0.961469
0.982277
1.00189
1.01958
1.03419
1.04445
1.04933
1.04857
1.04258
1.03221
1.01859
1.00286
0.985877
0.968486
0.951397
0.935399
0.921515
0.910734
0.903857
0.90098
0.901803
0.905632
0.912049
0.920783
0.931412
0.942581
0.951981
0.957072
0.95614
0.949059
0.937388
0.923931
0.911707
0.90293
0.898571
0.898289
0.900961
0.905364
0.910779
0.917069
0.924409
0.933366
0.944193
0.957199
0.971841
0.987187
1.00189
1.01431
1.02286
1.02667
1.02556
1.02
1.01033
0.996792
0.979523
0.959413
0.938138
0.918084
0.902033
0.892088
0.888837
0.891606
0.89847
0.90709
0.915244
0.920974
0.923468
0.922775
0.919836
0.916263
0.913871
0.914189
0.964689
0.970726
0.979863
0.991313
1.00388
1.01607
1.0267
1.03488
1.04037
1.04332
1.04451
1.04476
1.04508
1.04615
1.04791
1.04964
1.05006
1.0479
1.04242
1.03348
1.02186
1.00831
0.993793
0.979081
0.964719
0.951491
0.940198
0.93127
0.924665
0.919537
0.91452
0.908209
0.899702
0.889002
0.877013
0.865161
0.855022
0.847777
0.844012
0.844021
0.84777
0.855066
0.865634
0.879079
0.89496
0.912687
0.93166
0.951314
0.970997
0.98978
1.00649
1.01987
1.02881
1.03282
1.03192
1.02637
1.01643
1.00273
0.986743
0.971006
0.958638
0.952426
0.953803
0.9619
0.974054
0.986584
0.99576
0.99871
0.994007
0.981993
0.964489
0.944828
0.926769
0.913695
0.907846
0.909788
0.918511
0.932013
0.947736
0.963479
0.977682
0.98969
0.999433
1.0073
1.01372
1.01856
1.02128
1.02114
1.0174
1.00995
0.999454
0.987331
0.975225
0.964808
0.95701
0.952204
0.949931
0.949803
0.951713
0.955772
0.968157
0.975704
0.984662
0.993979
1.00235
1.00864
1.01137
1.00932
1.00136
0.987543
0.968929
0.947759
0.927023
0.909707
0.897809
0.891948
0.891165
0.894202
0.900124
0.90859
0.919355
0.93184
0.944914
0.957344
0.967873
0.976092
0.982294
0.987237
0.991852
0.996862
1.00258
1.00871
1.01455
1.01916
1.02165
1.02126
1.01751
1.01041
1.00062
0.989339
0.977974
0.967807
0.959811
0.954962
0.953841
0.956913
0.963982
0.974009
0.985175
0.995691
1.00439
1.01091
1.01553
1.01853
1.01998
1.01941
1.01613
1.00967
1.00002
0.987615
0.973162
0.957545
0.941565
0.926786
0.915299
0.909785
0.911978
0.921265
0.934752
0.949177
0.961954
0.971685
0.977681
0.979436
0.976827
0.970077
0.959614
0.946574
0.932556
0.919353
0.908801
0.90216
0.900063
0.902464
0.90875
0.917892
0.9289
0.940999
0.954048
0.968163
0.983508
0.999774
1.01571
1.02971
1.04003
1.04568
1.04667
1.04377
1.03813
1.03091
