0.792309
0.785685
0.781156
0.779379
0.780744
0.785171
0.792008
0.800078
0.808063
0.81482
0.819651
0.822327
0.82309
0.82236
0.820482
0.817479
0.813074
0.806747
0.798122
0.787178
0.774446
0.761048
0.74833
0.737535
0.729413
0.723882
0.720112
0.716979
0.713617
0.709805
0.70602
0.703593
0.704773
0.712243
0.727471
0.749108
0.773345
0.79606
0.814701
0.828476
0.837669
0.842781
0.844015
0.841272
0.834308
0.823078
0.808116
0.790719
0.772812
0.756619
0.744156
0.736686
0.734397
0.736586
0.742019
0.749353
0.757448
0.765493
0.772968
0.779469
0.784466
0.787207
0.786664
0.78201
0.773217
0.761595
0.749748
0.740618
0.736304
0.737111
0.741758
0.748475
0.756071
0.764318
0.773674
0.784658
0.797321
0.811108
0.82481
0.836919
0.845961
0.850832
0.850885
0.845801
0.835741
0.821366
0.803852
0.784745
0.76582
0.748971
0.736159
0.729121
0.728913
0.735649
0.748671
0.766766
0.788327
0.8112
0.832726
0.85006
0.860706
0.862934
0.856056
0.840601
0.818178
0.791291
0.762928
0.736239
0.714113
0.698991
0.692479
0.694913
0.705033
0.720214
0.737319
0.753664
0.767591
0.778259
0.785181
0.788147
0.78722
0.782834
0.776058
0.768382
0.761642
0.757592
0.757541
0.762167
0.771211
0.783546
0.797508
0.811125
0.822627
0.830564
0.833957
0.832323
0.8257
0.814798
0.801134
0.787039
0.77526
0.768178
0.766941
0.770852
0.77767
0.784447
0.788771
0.789644
0.787523
0.783731
0.779255
0.774225
0.768274
0.761515
0.755083
0.750778
0.750209
0.754013
0.76172
0.772039
0.783218
0.793391
0.800934
0.804751
0.804416
0.800198
0.792961
0.783832
0.774063
0.765049
0.758683
0.757521
0.763789
0.777519
0.795532
0.812729
0.824564
0.82872
0.825238
0.815568
0.801644
0.785317
0.768208
0.751917
0.738296
0.729532
0.727987
0.735515
0.752442
0.776947
0.805185
0.832533
0.854912
0.869796
0.876314
0.874713
0.865493
0.849131
0.826196
0.797861
0.766326
0.734731
0.706624
0.68529
0.673035
0.670746
0.677904
0.692977
0.713782
0.73775
0.762105
0.784279
0.802298
0.815123
0.822616
0.825399
0.824498
0.820887
0.815123
0.807298
0.797235
0.784929
0.770919
0.756525
0.743659
0.734614
0.731356
0.734831
0.74451
0.758577
0.774642
0.790688
0.805583
0.818983
0.830952
0.841203
0.84865
0.851622
0.848867
0.840483
0.828262
0.815294
0.804944
0.799536
0.799627
0.804086
0.810928
0.818023
0.823333
0.824862
0.820681
0.809482
0.791233
0.767687
0.742149
0.71859
0.700453
0.689758
0.687037
0.691765
0.702713
0.718193
0.736302
0.755187
0.773368
0.789853
0.80404
0.815513
0.823729
0.827846
0.827131
0.821346
0.811456
0.799531
0.787541
0.776103
0.764345
0.751045
0.735616
0.718394
0.700531
0.68365
0.669641
0.660322
0.657101
0.660755
0.671374
0.688687
0.712143
0.740744
0.772761
0.805706
0.836505
0.862129
0.880271
0.889724
0.890563
0.883845
0.871379
0.855376
0.838178
0.821911
0.808211
0.797875
0.7906
0.785166
0.780094
0.77457
0.768841
0.76402
0.761614
0.762827
0.768061
0.776611
0.786621
0.795491
0.800596
0.800069
0.793355
0.781498
0.766881
0.752648
0.741673
0.735799
0.73556
0.740422
0.749135
0.760184
0.77185
0.782393
0.79031
0.794537
0.794614
0.790688
0.783469
0.774066
0.763805
0.753875
0.745365
0.73921
0.736194
0.736874
0.741368
0.749189
0.759448
0.771119
0.783191
0.794585
0.804104
0.810706
0.813726
0.813008
0.808956
0.802404
0.794373
0.78577
0.777277
0.76941
0.762571
0.757194
0.753675
0.752044
0.751819
0.752116
0.751997
0.750795
0.748502
0.745707
0.743462
0.742712
0.743938
0.747119
0.752168
0.759221
0.768538
0.780145
0.793421
0.807158
0.819923
0.830504
0.838296
0.843322
0.846033
0.846839
0.845969
0.843435
0.839229
0.833494
0.826511
0.818727
0.810772
0.803442
0.797519
0.793369
0.790814
0.789086
0.787022
0.783391
0.777112
0.767529
0.754816
0.740285
0.726173
0.714855
0.707815
0.705142
0.705895
0.708891
0.713786
0.72111
0.731377
0.744002
0.757021
0.767806
0.774135
0.774803
0.769778
0.75998
0.747127
0.733628
0.722587
0.717617
0.7219
0.736666
0.76018
0.78809
0.81503
0.836289
0.848626
0.850592
0.842615
0.827123
0.80812
0.79035
0.777582
0.771543
0.771916
0.777163
0.785306
0.794356
0.802541
0.808661
0.812296
0.813739
0.81369
0.812823
0.811395
0.809363
0.806532
0.802682
0.797674
0.791652
0.785224
0.77939
0.775229
0.773414
0.773969
0.776224
0.779097
0.781378
0.782131
0.781025
0.778564
0.775942
0.774578
0.775567
0.779309
0.785394
0.792933
0.800882
0.808277
0.814125
0.817501
0.817628
0.814042
0.806744
0.796406
0.784225
0.771725
0.760483
0.751885
0.746802
0.745391
0.746915
0.749803
0.752098
0.752046
0.748426
0.74098
0.730465
0.718497
0.707194
0.698627
0.694331
0.695152
0.701268
0.712351
0.727699
0.746125
0.766054
0.785952
0.804706
0.821831
0.837363
0.851368
0.863521
0.873031
0.878932
0.880564
0.877943
0.871716
0.862962
0.852756
0.84178
0.83017
0.81778
0.804385
0.789901
0.774514
0.75871
0.74338
0.729771
0.719297
0.713247
0.712572
0.717561
0.727679
0.741304
0.755931
0.768757
0.777372
0.780459
0.778153
0.771969
0.76448
0.758293
0.754952
0.754594
0.756553
0.760099
0.764735
0.77007
0.775647
0.780796
0.784705
0.786492
0.785484
0.781546
0.775426
0.768919
0.76441
0.763939
0.768151
0.776205
0.786393
0.796911
0.806276
0.813235
0.816865
0.816931
0.814063
0.80968
0.805294
0.801625
0.798295
0.794114
0.7879
0.77923
0.768737
0.757834
0.748395
0.742235
0.740631
0.743943
0.751457
0.76161
0.77259
0.782867
0.791531
0.798339
0.803199
0.806116
0.807172
0.806714
0.805449
0.804381
0.80463
0.806968
0.811671
0.818437
0.826377
0.834222
0.840587
0.844257
0.844521
0.841446
0.836024
0.829587
0.822989
0.816
0.807537
0.796471
0.782566
0.766829
0.751316
0.73836
0.729629
0.725475
0.724877
0.72608
0.727476
0.7283
0.728923
0.730565
0.734403
0.740862
0.749231
0.758094
0.7661
0.77252
0.777282
0.780677
0.782968
0.784156
0.783955
0.782127
0.778547
0.773322
0.766576
0.758539
0.749504
0.73983
0.730029
0.720729
0.71278
0.707163
0.704962
0.707119
0.714218
0.726249
0.742513
0.761625
0.781834
0.801393
0.818811
0.833017
0.843635
0.851033
0.856184
0.860163
0.863761
0.867115
0.869719
0.870723
0.869124
0.864189
0.855596
0.843483
0.828434
0.811441
0.793788
0.77672
0.761219
0.747811
0.736654
0.727737
0.720883
0.715916
0.712649
0.711021
0.711348
0.714325
0.720694
0.73041
0.742109
0.753386
0.761988
0.766751
0.767872
0.766385
0.763546
0.760587
0.758679
0.759066
0.762782
0.770344
0.78153
0.795245
0.809641
0.822416
0.831425
0.835181
0.833225
0.826257
0.815868
0.803958
0.792159
0.7814
0.771927
0.763599
0.75621
0.74977
0.744604
0.741321
0.740622
0.743133
0.748984
0.757405
0.766689
0.774646
0.779148
0.778689
0.772893
0.762797
0.750808
0.74006
0.733285
0.731893
0.735769
0.743845
0.754892
0.767856
0.781895
0.796202
0.809979
0.822524
0.833375
0.842222
0.84871
0.852154
0.851657
0.846533
0.836642
0.822534
0.805481
0.787436
0.770838
0.758418
0.752562
0.754492
0.763727
0.778284
0.795386
0.812101
0.82576
0.83404
0.83513
0.827944
0.812575
0.790892
0.766752
0.74512
0.730202
0.723748
0.724836
0.731343
0.741216
0.752864
0.765104
0.776841
0.786965
0.794379
0.798209
0.797948
0.793705
0.786151
0.776586
0.76667
0.757989
0.751874
0.749185
0.750305
0.755082
0.762837
0.77241
0.782277
0.790729
0.795959
0.796183
0.789819
0.775872
0.754656
0.728425
0.701584
0.679878
0.668376
0.669374
0.681776
0.702141
0.726158
0.749923
0.77054
0.786373
0.796906
0.802484
0.803923
0.802182
0.79826
0.793184
0.787956
0.783652
0.781397
0.782249
0.787024
0.796117
0.80917
0.824991
0.841657
0.856778
0.868165
0.874338
0.874831
0.870202
0.861745
0.850899
0.838805
0.825936
0.8123
0.797592
0.781665
0.764861
0.748156
0.733036
0.721201
0.714213
0.713195
0.718635
0.730217
0.746577
0.765395
0.783876
0.799409
0.810153
0.815127
0.814059
0.807369
0.796097
0.781866
0.766622
0.752419
0.741239
0.734802
0.733981
0.738612
0.747455
0.758758
0.770716
0.781806
0.790933
0.797468
0.80123
0.802392
0.801451
0.798987
0.795595
0.791612
0.787116
0.781941
0.775823
0.768591
0.760337
0.751481
0.742671
0.734605
0.727819
0.722586
0.718942
0.716828
0.716178
0.717034
0.719507
0.723809
0.730228
0.739003
0.750105
0.763123
0.777128
0.790748
0.802518
0.811122
0.815695
0.815845
0.811667
0.803928
0.794128
0.784372
0.776521
0.771699
0.770341
0.772333
0.777246
0.784542
0.793687
0.804097
0.815062
0.825544
0.834159
0.839347
0.839656
0.834245
0.823223
0.807915
0.79072
0.774554
0.762029
0.754518
0.751869
0.752714
0.755366
0.758502
0.761431
0.764005
0.76635
0.768765
0.771585
0.775048
0.778979
0.782927
0.786368
0.788916
0.790512
0.791434
0.792187
0.793169
0.79439
0.795193
0.794255
0.790016
0.781302
0.767868
0.750689
0.731808
0.713658
0.698312
0.687128
0.680865
0.680033
0.685064
0.696081
0.712483
0.732957
0.755606
0.778255
0.798955
0.816304
0.829577
0.838723
0.844265
0.847042
0.847796
0.84678
0.843704
0.837978
0.829169
0.817406
0.803559
0.789194
0.776155
0.765991
0.75946
0.756335
0.755625
0.75608
0.756655
0.756742
0.756129
0.755041
0.753884
0.75322
0.753698
0.756003
0.760724
0.768299
0.778794
0.791643
0.805543
0.818573
0.828665
0.834104
0.833901
0.827999
0.817101
0.802536
0.785971
0.769128
0.753558
0.740581
0.731239
0.726313
0.726125
0.730345
0.737946
0.747488
0.75752
0.766945
0.775087
0.781693
0.786722
0.790227
0.79241
0.793495
0.793534
0.792431
0.790141
0.7868
0.78271
0.778237
0.773568
0.768613
0.763115
0.756911
0.750244
0.743861
0.738853
0.736312
0.736939
0.740848
0.747624
0.756494
0.766678
0.777415
0.787967
0.797535
0.8053
0.810689
0.813477
0.813774
0.81197
0.808444
0.803377
0.796944
0.78941
0.781247
0.773025
0.765275
0.758341
0.752419
0.74778
0.744795
0.743928
0.745416
0.749109
0.754276
0.759844
0.764787
0.768515
0.770938
0.772348
0.773219
0.773972
0.774769
0.775502
0.775919
0.775794
0.774897
0.773034
0.770088
0.765911
0.760425
0.753683
0.746089
0.738589
0.732706
0.730302
0.733009
0.741805
0.756557
0.775895
0.797404
0.818186
0.83562
0.84783
0.854045
0.854451
0.850001
0.841978
0.831668
0.820126
0.80829
0.797129
0.787594
0.780458
0.776061
0.774197
0.774306
0.775841
0.778654
0.78295
0.788888
0.796099
0.803418
0.809223
0.81212
0.811443
0.807591
0.801713
0.795212
0.789218
0.78426
0.780138
0.776282
0.772274
0.768251
0.764928
0.763263
0.76401
0.767158
0.771853
0.776655
0.78008
0.781286
0.78034
0.777921
0.774585
0.770507
0.765634
0.760157
0.754692
0.750044
0.74687
0.745363
0.745155
0.745553
0.745969
0.746317
0.747085
0.748863
0.751727
0.754998
0.757434
0.757922
0.755983
0.75194
0.746838
0.742136
0.739359
0.739696
0.743641
0.750863
0.760585
0.771707
0.782922
0.792797
0.799895
0.803155
0.802284
0.797937
0.791575
0.785069
0.780109
0.777729
0.778015
0.780356
0.783994
0.788538
0.793953
0.800236
0.807044
0.813702
0.819446
0.82374
0.82632
0.827171
0.826422
0.824311
0.821071
0.817054
0.812588
0.808046
0.803775
0.800025
0.796753
0.793603
0.790293
0.786816
0.783668
0.781514
0.780733
0.780919
0.7809
0.77943
0.776087
0.771489
0.766868
0.763233
0.760864
0.759306
0.757774
0.755515
0.752026
0.747058
0.740517
0.732634
0.724176
0.716446
0.711148
0.70986
0.713629
0.722683
0.736352
0.753124
0.770938
0.787566
0.801015
0.809996
0.814244
0.814447
0.811955
0.808313
0.804927
0.802767
0.802215
0.802901
0.803701
0.803283
0.800833
0.796524
0.791568
0.787612
0.785871
0.786678
0.789532
0.793511
0.797711
0.801345
0.803697
0.804125
0.802222
0.797927
0.791756
0.784848
0.778739
0.774997
0.774881
0.778952
0.786912
0.797425
0.808408
0.817487
0.822577
0.822399
0.816753
0.806326
0.792482
0.776848
0.76103
0.74642
0.73415
0.724915
0.718801
0.715324
0.713732
0.713454
0.714384
0.716985
0.721942
0.72956
0.739278
0.749673
0.759089
0.766405
0.77132
0.774315
0.776219
0.777834
0.779846
0.782717
0.786763
0.792045
0.798235
0.804659
0.810518
0.8153
0.8189
0.821461
0.822751
0.822166
0.818922
0.812548
0.803306
0.792113
0.780261
0.768875
0.758685
0.750127
0.743481
0.73906
0.737236
0.738182
0.741707
0.747262
0.754158
0.761771
0.76968
0.777502
0.784541
0.789635
0.791365
0.788483
0.78041
0.767629
0.751811
0.735659
0.72238
0.715129
0.715854
0.724393
0.738536
0.755168
0.771499
0.785761
0.797247
0.805843
0.811585
0.814297
0.813677
0.809556
0.802207
0.792656
0.782766
0.775015
0.771739
0.774257
0.782185
0.793776
0.806745
0.819068
0.829472
0.837249
0.842031
0.843508
0.841377
0.835405
0.825785
0.813151
0.798704
0.784124
0.771141
0.761021
0.754017
0.749085
0.744269
0.737557
0.727651
0.714645
0.700079
0.686596
0.677134
0.673961
0.678006
0.688722
0.70445
0.72301
0.742201
0.760132
0.775251
0.786515
0.793455
0.796304
0.795912
0.793511
0.790343
0.78724
0.784773
0.78334
0.783166
0.784261
0.786333
0.788857
0.791249
0.793138
0.794346
0.794885
0.79474
0.793757
0.791687
0.788232
0.783103
0.77623
0.767871
0.7588
0.750226
0.743413
0.73917
0.737489
0.737732
0.739124
0.741196
0.74398
0.747816
0.752978
0.759289
0.766123
0.77263
0.778256
0.783037
0.787697
0.79331
0.800842
0.81054
0.821586
0.832286
0.840653
0.845031
0.844628
0.839553
0.830579
0.818792
0.805179
0.790501
0.775241
0.759699
0.744215
0.729355
0.716062
0.705581
0.699184
0.697732
0.701342
0.709433
0.72099
0.734912
0.750157
0.765711
0.780564
0.793688
0.80425
0.811857
0.816609
0.818925
0.81937
0.818659
0.817595
0.81698
0.817238
0.81818
0.819144
0.819271
0.817884
0.81473
0.809923
0.803799
0.796676
0.788917
0.781074
0.773937
0.768419
0.765028
0.763551
0.762998
0.762197
0.760354
0.757435
0.754121
0.751552
0.751138
0.754191
0.761519
0.772947
0.787093
0.801449
0.813142
0.819771
0.820081
0.814119
0.803141
0.789213
0.774717
0.761789
0.751773
0.745286
0.742257
0.742394
0.745315
0.750553
0.757532
0.765507
0.773957
0.782837
0.792183
0.801681
0.810296
0.816543
0.819094
0.817325
0.811631
0.803403
0.794671
0.787362
0.782655
0.780801
0.781666
0.785137
0.791064
0.798914
0.807669
0.815995
0.822731
0.826978
0.828213
0.826378
0.822062
0.816507
0.811275
0.807588
0.805658
0.804467
0.802113
0.796675
0.786845
0.7723
0.753798
0.73333
0.713858
0.698688
0.690487
0.690343
0.697642
0.710448
0.726187
0.742027
0.755319
0.764017
0.76709
0.764949
0.759444
0.75319
0.748737
0.747712
0.750382
0.755884
0.76281
0.769726
0.775601
0.779946
0.782766
0.784416
0.78558
0.787028
0.789434
0.793299
0.799034
0.807131
0.81813
0.832214
0.848551
0.865075
0.879062
0.887842
0.889475
0.882951
0.868328
0.846788
0.820565
0.792608
0.766124
0.744116
0.728665
0.720528
0.718849
0.721581
0.726387
0.731362
0.735576
0.739128
0.742745
0.74715
0.752509
0.758351
0.763737
0.767668
0.769426
0.768777
0.766068
0.761986
0.7575
0.753631
0.751349
0.751369
0.753955
0.758819
0.765158
0.771961
0.778355
0.78398
0.788925
0.79337
0.797322
0.800501
0.802522
0.803145
0.802619
0.801632
0.801087
0.801777
0.804072
0.807921
0.812889
0.818298
0.823348
0.827295
0.829391
0.829026
0.825876
0.819942
0.811542
0.801129
0.789125
0.77594
0.762084
0.748404
0.736115
0.726455
0.720335
0.71792
0.718793
0.72238
0.72839
0.736773
0.747328
0.759253
0.770951
0.780263
0.784967
0.783502
0.775418
0.761587
0.744145
0.726154
0.711034
0.701779
0.700238
0.706465
0.718771
0.734455
0.750851
0.76612
0.779449
0.7909
0.801076
0.810735
0.820434
0.830206
0.839619
0.848041
0.854865
0.859753
0.862606
0.863502
0.862323
0.858705
0.852145
0.842419
0.829868
0.815366
0.800032
0.784847
0.770598
0.757935
0.747559
0.740315
0.737114
0.738721
0.745278
0.755952
0.768899
0.78165
0.791942
0.798352
0.800596
0.799251
0.795142
0.78892
0.781229
0.772974
0.765312
0.759256
0.755281
0.753113
0.752058
0.751423
0.750688
0.749525
0.74782
0.745639
0.74326
0.741237
0.74026
0.741029
0.74392
0.748715
0.754638
0.760621
0.765401
0.767846
0.76714
0.763023
0.756046
0.747564
0.739528
0.733872
0.731765
0.733189
0.737167
0.742216
0.746935
0.750297
0.751951
0.752409
0.752875
0.754798
0.759358
0.767071
0.777665
0.790352
0.804154
0.818329
0.832657
0.847199
0.86189
0.876075
0.88831
0.896784
0.899738
0.895935
0.884734
0.866382
0.841871
0.81292
0.781784
0.75084
0.722207
0.697547
0.67796
0.663954
0.655514
0.652186
0.653404
0.658589
0.667159
0.678403
0.691515
0.705603
0.719932
0.734027
0.747571
0.760017
0.77038
0.777445
0.780503
0.779895
0.776837
0.772846
0.769037
0.765887
0.763271
0.76089
0.758839
0.757707
0.758499
0.762222
0.769544
0.780624
0.795057
0.81197
0.829963
0.847224
0.861518
0.870593
0.87259
0.866575
0.853069
0.834297
0.814233
0.79731
0.786305
0.78096
0.778793
0.777022
0.773997
0.769288
0.763167
0.756172
0.748787
0.741515
0.735039
0.730198
0.727944
0.729211
0.734593
0.744107
0.757113
0.772325
0.788208
0.803315
0.816512
0.827142
0.834887
0.839749
0.841923
0.841771
0.839547
0.835183
0.828188
0.817777
0.803317
0.784733
0.762635
0.738339
0.713804
0.691427
0.673676
0.662603
0.659478
0.664845
0.678692
0.700562
0.729374
0.762982
0.798177
0.83119
0.858563
0.877737
0.88746
0.887894
0.880584
0.867984
0.85263
0.836459
0.820446
0.80487
0.789818
0.775781
0.763874
0.755613
0.75224
0.75396
0.759777
0.767675
0.775382
0.781012
0.783404
0.782215
0.777858
0.771199
0.763242
0.755069
0.747845
0.742573
0.739802
0.739486
0.741283
0.744856
0.750142
0.756865
0.764216
0.770782
0.775031
0.775923
0.773375
0.768341
0.762422
0.757442
0.754908
0.755673
0.759612
0.765697
0.772229
0.777261
0.779303
0.777947
0.774098
0.769665
0.766873
0.767349
0.771606
0.779141
0.788845
0.799517
0.810216
0.820302
0.829265
0.836607
0.84171
0.843813
0.842294
0.836642
0.826685
0.812701
0.795495
0.776551
0.758139
0.743279
0.735205
0.736001
0.74522
0.759598
0.77458
0.786463
0.793771
0.797374
0.79941
0.801754
0.805039
0.808646
0.811398
0.812057
0.809818
0.804201
0.795043
0.782508
0.767103
0.749855
0.732278
0.716214
0.703481
0.695378
0.692513
0.694744
0.701412
0.711597
0.724578
0.740004
0.757902
0.778274
0.800414
0.822586
0.84227
0.856823
0.86425
0.86359
0.854948
0.839395
0.818664
0.794862
0.77022
0.746917
0.726825
0.711301
0.701225
0.697241
0.699811
0.708984
0.724038
0.743377
0.764715
0.785556
0.803767
0.81788
0.827272
0.832116
0.833168
0.831408
0.827718
0.822573
0.816046
0.808186
0.799406
0.790668
0.783662
0.780356
0.782155
0.789248
0.800494
0.81403
0.827872
0.840258
0.849671
0.855003
0.855478
0.850811
0.841268
0.827554
0.810703
0.791861
0.772104
0.752305
0.733209
0.715485
0.700015
0.687899
0.680269
0.678093
0.681747
0.69091
0.704554
0.721296
0.739821
0.759001
0.777768
0.795035
0.809802
0.821313
0.828994
0.832334
0.830754
0.823981
0.81246
0.797746
0.782325
0.768899
0.759393
0.754326
0.752837
0.753444
0.754619
0.755295
0.754912
0.753335
0.750819
0.747882
0.745354
0.744143
0.744847
0.747512
0.75162
0.756308
0.76069
0.764077
0.766238
0.767327
0.767939
0.768854
0.770686
0.773488
0.776606
0.778996
0.779621
0.77806
0.774781
0.771104
0.76879
0.769115
0.772106
0.776536
0.780769
0.783699
0.785245
0.786304
0.788402
0.79329
0.802354
0.816103
0.833909
0.854043
0.874292
0.892487
0.906459
0.914064
0.913255
0.902728
0.882493
0.854055
0.820246
0.784631
0.750809
0.72181
0.699684
0.68537
0.678741
0.678643
0.683213
0.690248
0.697654
0.703796
0.707714
0.709185
0.70879
0.707919
0.708595
0.71292
0.722179
0.736291
0.75386
0.772671
0.790432
0.805366
0.81661
0.824007
0.828099
0.829679
0.829562
0.82841
0.826696
0.824868
0.823393
0.822665
0.822808
0.823482
0.823835
0.822669
0.818923
0.812011
0.802075
0.790055
0.777459
0.766198
0.758181
0.754863
0.756871
0.76376
0.774128
0.785938
0.796898
0.805021
0.808973
0.808266
0.803322
0.795193
0.785243
0.774815
0.764853
0.75585
0.747954
0.741416
0.736848
0.735181
0.737298
0.74348
0.752914
0.763652
0.773038
0.778382
0.777753
0.770496
0.75755
0.741376
0.725414
0.7134
0.708493
0.71249
0.725479
0.745785
0.770436
0.795722
0.817953
0.834173
0.842622
0.843069
0.836745
0.825931
0.813111
0.800168
0.787948
0.776595
0.7662
0.757093
0.749822
0.744889
0.742477
0.74243
0.744412
0.747952
0.752588
0.757762
0.762918
0.767747
0.772529
0.777911
0.784146
0.790515
0.79562
0.798549
0.799407
0.799175
0.79918
0.800458
0.80341
0.807707
0.81244
0.81639
0.818305
0.817161
0.812534
0.804754
0.794857
0.784296
0.774418
0.765957
0.758911
0.752963
0.747946
0.743967
0.741142
0.739317
0.738029
0.736639
0.734683
0.732075
0.729179
0.72668
0.725318
0.725686
0.728042
0.732268
0.737985
0.744554
0.751358
0.757909
0.764023
0.769753
0.775248
0.78057
0.785533
0.789804
0.79322
0.795952
0.79863
0.802107
0.807024
0.813597
0.821492
0.829976
0.837967
0.844261
0.847624
0.847058
0.841983
0.832535
0.819553
0.804608
0.789806
0.777412
0.769269
0.766336
0.768472
0.774498
0.782392
0.789758
0.794321
0.794501
0.789735
0.780628
0.768475
0.75482
0.741037
0.728117
0.716814
0.707803
0.701933
0.700188
0.703322
0.711462
0.723798
0.73876
0.754411
0.769108
0.781829
0.792248
0.800523
0.807063
0.812195
0.816181
0.819159
0.821117
0.822003
0.821689
0.820005
0.816714
0.811576
0.804519
0.795594
0.785059
0.773353
0.76112
0.749286
0.738995
0.731452
0.727504
0.727287
0.730273
0.735544
0.74214
0.749197
0.75589
0.761587
0.766086
0.769591
0.772548
0.775376
0.778348
0.781628
0.785209
0.789088
0.793187
0.797425
0.801759
0.806257
0.811059
0.816178
0.821297
0.825741
0.828553
0.828719
0.825656
0.819216
0.80982
0.798298
0.785862
0.774031
0.764374
0.757977
0.754895
0.75405
0.753859
0.753121
0.751503
0.749468
0.747873
0.747482
0.748791
0.751955
0.756789
0.762807
0.769202
0.77487
0.778553
0.778994
0.775373
0.767645
0.756736
0.744295
0.73234
0.722651
0.716416
0.714186
0.715831
0.720739
0.72803
0.736825
0.746617
0.757429
0.769644
0.783302
0.797537
0.810567
0.820403
0.825598
0.825667
0.821246
0.813912
0.805764
0.798848
0.794653
0.793844
0.796276
0.801173
0.807403
0.813719
0.818884
0.821952
0.822304
0.819685
0.814308
0.806663
0.797354
0.786906
0.7757
0.764194
0.753371
0.744862
0.740461
0.741228
0.746764
0.755387
0.765018
0.774211
0.782452
0.789827
0.796487
0.802247
0.806606
0.808955
0.808745
0.805664
0.799742
0.791241
0.780591
0.768387
0.755362
0.7425
0.731161
0.723115
0.720221
0.723643
0.733045
0.746445
0.760938
0.773692
0.782635
0.786804
0.786235
0.78169
0.774387
0.765813
0.757408
0.75046
0.746005
0.74477
0.747099
0.752985
0.761984
0.773263
0.785601
0.797661
0.808233
0.816527
0.822347
0.825942
0.827662
0.827628
0.825612
0.821036
0.813359
0.802527
0.789299
0.775358
0.763026
0.754603
0.751745
0.754854
0.763051
0.774604
0.787417
0.799484
0.809003
0.814564
0.815283
0.810978
0.802144
0.789813
0.775215
0.759683
0.744588
0.731263
0.720982
0.714681
0.71272
0.714766
0.720144
0.728061
0.737879
0.749112
0.761333
0.773865
0.785621
0.795212
0.801573
0.804632
0.80556
0.806522
0.80966
0.815861
0.824168
0.832113
0.836798
0.835871
0.828117
0.813663
0.793938
0.771551
0.749953
0.732604
0.722152
0.719586
0.724065
0.733313
0.744455
0.754968
0.763284
0.769087
0.773087
0.776765
0.781691
0.788782
0.797907
0.808138
0.81824
0.827003
0.833456
0.836975
0.837068
0.83353
0.826443
0.816315
0.804126
0.790975
0.777843
0.765297
0.753401
0.74197
0.73092
0.720607
0.711854
0.705736
0.703166
0.704565
0.709738
0.717889
0.727895
0.7385
0.748788
0.758348
0.767161
0.77536
0.782824
0.789004
0.792992
0.793928
0.791359
0.785504
0.777116
0.76748
0.758023
0.749954
0.744006
0.740307
0.738602
0.738551
0.73992
0.742826
0.747708
0.75505
0.764946
0.776768
0.789222
0.800852
0.810457
0.817344
0.821273
0.822436
0.821371
0.819138
0.817233
0.817202
0.820087
0.825851
0.833047
0.839242
0.841877
0.83886
0.828999
0.812138
0.788987
0.761183
0.731274
0.702722
0.679686
0.666166
0.66519
0.678081
0.704196
0.741013
0.784259
0.828332
0.867278
0.89587
0.910547
0.909918
0.895015
0.869344
0.838312
0.808014
0.783612
0.768015
0.761544
0.762353
0.767267
0.772771
0.775919
0.775077
0.770004
0.761447
0.750673
0.739195
0.728818
0.72157
0.719068
0.721486
0.727148
0.733327
0.737754
0.739757
0.74028
0.741301
0.744996
0.753163
0.766883
0.786115
0.809585
0.835005
0.859363
0.879507
0.892713
0.897055
0.891759
0.877294
0.855428
0.828975
0.801293
0.775499
0.753735
0.736894
0.724963
0.717662
0.714589
0.715295
0.719088
0.724999
0.731949
0.739215
0.74668
0.75476
0.763977
0.77438
0.78527
0.79535
0.803138
0.807608
0.808378
0.805777
0.800476
0.79304
0.783583
0.771822
0.757509
0.741157
0.724742
0.711713
0.705749
0.70882
0.720118
0.736788
0.755323
0.772562
0.786094
0.794416
0.797034
0.794526
0.788429
0.781005
0.774824
0.772184
0.774436
0.781525
0.791781
0.802522
0.810963
0.815096
0.814073
0.808211
0.798694
0.787118
0.775301
0.764915
0.757223
0.752718
0.751175
0.752055
0.754926
0.75985
0.767054
0.776387
0.786843
0.79654
0.803322
0.805469
0.802248
0.794095
0.782588
0.769983
0.758663
0.750413
0.745931
0.744917
0.746617
0.750428
0.756013
0.763052
0.77108
0.779448
0.787418
0.79421
0.799034
0.801157
0.800027
0.795462
0.787804
0.777887
0.767021
0.757083
0.750405
0.749227
0.754919
0.767474
0.785414
0.80635
0.827637
0.846868
0.862128
0.872051
0.875688
0.872487
0.862295
0.845371
0.822531
0.795296
0.765924
0.737185
0.712022
0.693143
0.682481
0.68067
0.686841
0.699221
0.716074
0.736048
0.757792
0.779306
0.797975
0.8112
0.817161
0.815321
0.806476
0.792547
0.776307
0.760895
0.749385
0.744103
0.746073
0.754493
0.766968
0.780283
0.791362
0.79817
0.800092
0.797954
0.79348
0.788688
0.785163
0.783556
0.783587
0.78439
0.784966
0.784467
0.782444
0.778889
0.77435
0.769897
0.766784
0.766087
0.768118
0.7722
0.776978
0.781007
0.78335
0.783854
0.783154
0.782522
0.783404
0.786765
0.792742
0.800649
0.809546
0.81868
0.827679
0.836516
0.845205
0.853361
0.859643
0.861762
0.857214
0.844163
0.822223
0.792733
0.758632
0.724336
0.694985
0.67515
0.667697
0.673059
0.689385
0.713186
0.740416
0.767301
0.791032
0.810002
0.823726
0.832358
0.836418
0.836463
0.832878
0.825911
0.815782
0.802799
0.787397
0.770155
0.751824
0.733349
0.715887
0.700777
0.689233
0.682263
0.680493
0.684309
0.694043
0.709973
0.732054
0.75944
0.7903
0.821866
0.851003
0.874856
0.891286
0.899158
0.898366
0.889796
0.875079
0.856384
0.835902
0.815432
0.796175
0.778792
0.763709
0.751401
0.742334
0.736731
0.734288
0.734227
0.735668
0.738023
0.740963
0.744297
0.747872
0.751666
0.755828
0.760541
0.765731
0.77104
0.775984
0.780105
0.783097
0.784956
0.786013
0.787059
0.789237
0.793537
0.800355
0.809104
0.818254
0.825743
0.829569
0.828301
0.821587
0.81031
0.796293
0.781885
0.769176
0.759394
0.752587
0.747748
0.74369
0.740437
0.739794
0.74431
0.755206
0.771179
0.789148
0.805938
0.819222
0.827734
0.83103
0.829351
0.823397
0.814056
0.802288
0.78945
0.777622
0.769272
0.765812
0.76635
0.768426
0.769875
0.769895
0.769045
0.768758
0.770861
0.776961
0.787718
0.802318
0.818631
0.833931
0.84565
0.85186
0.851699
0.845369
0.834009
0.819379
0.803325
0.787362
0.772402
0.758576
0.745491
0.732692
0.720127
0.708382
0.698578
0.691809
0.688782
0.689575
0.693687
0.700081
0.707312
0.713805
0.718471
0.721231
0.722952
0.725105
0.729071
0.735832
0.74598
0.759784
0.776987
0.796586
0.816654
0.834579
0.847692
0.853975
0.852566
0.843914
0.829597
0.81194
0.793559
0.776785
0.763481
0.755103
0.752764
0.757019
0.767652
0.783283
0.801572
0.819576
0.834484
0.844264
0.847786
0.844796
0.835827
0.822039
0.805066
0.786963
0.770064
0.75673
0.748965
0.747835
0.75317
0.763663
0.777217
0.791506
0.804381
0.814107
0.819525
0.820151
0.816196
0.808388
0.797645
0.784785
0.770321
0.754687
0.73854
0.722973
0.709439
0.699618
0.694995
0.696521
0.704397
0.71817
0.736837
0.75898
0.782937
0.806761
0.828332
0.845414
0.855934
0.858293
0.851916
0.83756
0.817463
0.795049
0.774238
0.758376
0.7491
0.74593
0.746848
0.749702
0.753315
0.757594
0.762968
0.769922
0.778782
0.789562
0.801644
0.813789
0.824349
0.831566
0.834148
0.831546
0.824028
0.812504
0.798334
0.783061
0.768113
0.7545
0.742799
0.733156
0.725654
0.720458
0.717825
0.718037
0.721485
0.728665
0.740082
0.755747
0.774778
0.795297
0.815035
0.831991
0.844765
0.852667
0.855578
0.853755
0.847738
0.838217
0.826047
0.812203
0.797929
0.78478
0.774595
0.769156
0.769342
0.774467
0.782183
0.789244
0.792703
0.790987
0.784207
0.77365
0.76114
0.748335
0.736505
0.726577
0.71918
0.714628
0.712828
0.713158
0.714828
0.717418
0.72109
0.726256
0.732919
0.740361
0.747534
0.753869
0.759563
0.765257
0.771668
0.779238
0.788003
0.797581
0.807338
0.816488
0.824404
0.830874
0.836375
0.841951
0.848568
0.856465
0.864682
0.871208
0.873742
0.870483
0.860625
0.844624
0.824197
0.802023
0.781254
0.764832
0.754817
0.751722
0.754452
0.760704
0.767791
0.773422
0.776166
0.775566
0.771793
0.765439
0.757611
0.750238
0.746126
0.747984
0.756591
0.769854
0.784115
0.796041
0.803569
0.806021
0.803648
0.797307
0.788292
0.778044
0.767995
0.759385
0.753158
0.749965
0.749988
0.752995
0.758183
0.764127
0.768846
0.770145
0.766301
0.756725
0.742271
0.72521
0.708811
0.696568
0.691298
0.694248
0.704889
0.721288
0.740827
0.760961
0.779566
0.795075
0.806587
0.813665
0.816267
0.814748
0.810133
0.803983
0.798119
0.793969
0.792165
0.792478
0.794048
0.79567
0.796171
0.794778
0.791271
0.786028
0.7799
0.773912
0.769014
0.765887
0.764854
0.765916
0.768853
0.773357
0.778991
0.785149
0.791035
0.795831
0.798707
0.799111
0.796879
0.792313
0.786041
0.779005
0.772364
0.767377
0.765095
0.766107
0.770351
0.777013
0.7848
0.792244
0.798164
0.801956
0.803665
0.803801
0.803015
0.801966
0.801222
0.801221
0.802183
0.803999
0.806284
0.808505
0.810203
0.811089
0.810987
0.809756
0.807143
0.802944
0.796981
0.78928
0.780015
0.769408
0.757756
0.745545
0.733579
0.723061
0.715449
0.712003
0.713083
0.717941
0.724976
0.732385
0.738649
0.742903
0.74519
0.746439
0.748142
0.751596
0.75739
0.765077
0.773318
0.780366
0.784657
0.785307
0.782421
0.777025
0.770801
0.765794
0.763929
0.76659
0.774195
0.786091
0.800609
0.815495
0.828417
0.837528
0.84177
0.840991
0.835744
0.826835
0.81505
0.801034
0.785357
0.768704
0.752003
0.736353
0.722974
0.713071
0.707635
0.707116
0.711206
0.719071
0.729509
0.741183
0.752686
0.762668
0.770021
0.774127
0.774987
0.773179
0.769788
0.766176
0.763652
0.763144
0.765188
0.76993
0.777027
0.785588
0.794114
0.800817
0.804346
0.804136
0.800559
0.794451
0.78661
0.777626
0.768136
0.759158
0.752088
0.748138
0.747801
0.750611
0.75532
0.760387
0.764612
0.767565
0.769551
0.77134
0.773655
0.776826
0.780758
0.785115
0.789212
0.792015
0.792461
0.789764
0.783751
0.775027
0.765075
0.755969
0.749874
0.748347
0.751924
0.760041
0.771647
0.78571
0.801401
0.817875
0.833983
0.848241
0.859068
0.865076
0.865396
0.859807
0.84864
0.832649
0.812821
0.790358
0.766745
0.743631
0.722581
0.704779
0.690873
0.681141
0.676024
0.676145
0.681926
0.693087
0.708376
0.725922
0.743887
0.760857
0.775978
0.788931
0.799686
0.808343
0.814961
0.819481
0.821917
0.822292
0.820774
0.817511
0.812587
0.806056
0.798098
0.789282
0.780868
0.774679
0.772491
0.774989
0.781307
0.789506
0.797481
0.803603
0.807104
0.807837
0.806048
0.802063
0.796074
0.787988
0.777584
0.764839
0.750566
0.737119
0.728487
0.728765
0.739022
0.75623
0.77583
0.794474
0.810577
0.823493
0.832849
0.838397
0.840187
0.838542
0.833993
0.827001
0.817972
0.807362
0.795638
0.783453
0.771646
0.761188
0.753115
0.748334
0.747454
0.75056
0.757006
0.765532
0.774525
0.782433
0.787786
0.789433
0.786855
0.780595
0.772432
0.765034
0.761157
0.762443
0.768704
0.778157
0.788379
0.797187
0.803122
0.805295
0.80313
0.796333
0.784971
0.769701
0.751979
0.734268
0.719934
0.712293
0.713001
0.7211
0.733778
0.747951
0.761243
0.771993
0.77925
0.782806
0.783478
0.782654
0.781633
0.780939
0.780551
0.780774
0.782875
0.788659
0.799083
0.813085
0.827775
0.83969
0.846097
0.845767
0.83922
0.828298
0.815412
0.802789
0.791938
0.783644
0.778058
0.775083
0.774577
0.776409
0.780221
0.785391
0.790968
0.795916
0.799278
0.800418
0.79914
0.795747
0.790958
0.785715
0.780913
0.777037
0.77404
0.771482
0.768917
0.766218
0.763661
0.761795
0.761106
0.761862
0.763865
0.766607
0.769255
0.770846
0.770485
0.76743
0.76139
0.752741
0.742706
0.733182
0.726306
0.723978
0.727265
0.736133
0.749576
0.765964
0.78356
0.800802
0.81663
0.83036
0.84143
0.849132
0.852673
0.851454
0.845398
0.834918
0.820769
0.80403
0.786311
0.769791
0.75697
0.749736
0.748566
0.752309
0.758762
0.765402
0.770234
0.772221
0.771374
0.768461
0.764756
0.761496
0.759499
0.759225
0.76082
0.764192
0.768987
0.77464
0.780494
0.785821
0.790042
0.792873
0.794398
0.795039
0.795427
0.796151
0.797501
0.799387
0.801421
0.803061
0.803674
0.80257
0.799067
0.792712
0.783602
0.772646
0.761611
0.752864
0.748703
0.750525
0.75835
0.770848
0.785805
0.80071
0.81335
0.82214
0.826069
0.824683
0.818027
0.806512
0.790929
0.7724
0.752406
0.732756
0.715531
0.702613
0.695335
0.694069
0.698252
0.706684
0.717941
0.730867
0.744791
0.759474
0.774933
0.791086
0.807593
0.82359
0.837728
0.848443
0.854399
0.854913
0.850102
0.840893
0.828556
0.81422
0.798679
0.782391
0.765593
0.748449
0.731548
0.716292
0.704996
0.699874
0.701566
0.708367
0.717207
0.725459
0.732214
0.738152
0.744641
0.752758
0.762723
0.773857
0.784977
0.794823
0.802495
0.807744
0.810914
0.812913
0.814799
0.817519
0.821581
0.826877
0.832668
0.837778
0.840717
0.839854
0.833762
0.821451
0.802764
0.778656
0.751409
0.724673
0.702843
0.690005
0.688214
0.696461
0.710984
0.727128
0.741034
0.75065
0.755692
0.757045
0.756112
0.754362
0.753263
0.754176
0.758212
0.766051
0.777728
0.792518
0.808916
0.824865
0.838089
0.846565
0.848817
0.844175
0.833044
0.816804
0.797576
0.77775
0.75928
0.743423
0.730805
0.721761
0.716347
0.714315
0.715108
0.718029
0.722497
0.728171
0.734922
0.742662
0.751205
0.76012
0.768791
0.776727
0.783874
0.790568
0.797366
0.80451
0.811687
0.818103
0.822894
0.825472
0.825642
0.823475
0.819186
0.812836
0.804491
0.794366
0.783055
0.771708
0.762049
0.756107
0.755522
0.760911
0.771359
0.784584
0.797693
0.808012
0.81364
0.813648
0.807934
0.797217
0.782731
0.766067
0.74901
0.733424
0.721292
0.714527
0.71447
0.721098
0.732887
0.747352
0.762025
0.775198
0.786131
0.795013
0.802703
0.810258
0.818475
0.827647
0.83744
0.846929
0.85481
0.859574
0.86001
0.855548
0.846575
0.834265
0.820041
0.805116
0.790098
0.775073
0.759948
0.744997
0.731217
0.720328
0.714417
0.714957
0.72198
0.733834
0.747749
0.761011
0.771751
0.778934
0.782103
0.781068
0.775809
0.766632
0.754452
0.740827
0.727599
0.716483
0.708617
0.704606
0.704603
0.70848
0.715938
0.726515
0.739546
0.754035
0.768744
0.782421
0.794206
0.803829
0.811631
0.81808
0.823344
0.827086
0.82846
0.826629
0.821332
0.813091
0.803069
0.792852
0.784023
0.77795
0.775574
0.777164
0.782332
0.790117
0.799317
0.808677
0.817205
0.824192
0.829171
0.831806
0.831654
0.828246
0.821354
0.811275
0.798994
0.785814
0.772999
0.761474
0.751763
0.744202
0.73909
0.736562
0.736415
0.737991
0.740234
0.741952
0.742291
0.741021
0.738585
0.735937
0.734184
0.734109
0.736139
0.740342
0.746715
0.755188
0.765468
0.776907
0.788495
0.799066
0.807617
0.813648
0.817249
0.819066
0.82006
0.821188
0.82309
0.825872
0.828948
0.831197
0.831218
0.827541
0.819059
0.805195
0.786041
0.762519
0.73645
0.710549
0.688136
0.672311
0.665044
0.666565
0.675586
0.69017
0.708465
0.728939
0.750315
0.771398
0.791103
0.808599
0.823245
0.834541
0.842147
0.845773
0.845318
0.841139
0.834214
0.826215
0.819345
0.815575
0.815664
0.818555
0.821714
0.822234
0.817889
0.807729
0.792159
0.772614
0.751117
0.729897
0.711092
0.696448
0.687279
0.684311
0.687501
0.69596
0.708214
0.722422
0.736757
0.749714
0.760351
0.768465
0.774597
0.779629
0.784211
0.788335
0.791337
0.792226
0.790262
0.785185
0.777611
0.769076
0.761625
0.757398
0.757986
0.763896
0.774355
0.787447
0.800773
0.812209
0.820448
0.82517
0.826987
0.826947
0.8261
0.825123
0.824273
0.823367
0.822005
0.819693
0.816003
0.810532
0.802966
0.793304
0.782028
0.770077
0.758886
0.749822
0.743828
0.741167
0.741557
0.744465
0.749383
0.755961
0.763871
0.772618
0.781451
0.789483
0.795992
0.800652
0.803497
0.804717
0.804333
0.802068
0.797573
0.790785
0.782376
0.773722
0.766397
0.761212
0.757908
0.755671
0.753825
0.752038
0.75009
0.747584
0.744125
0.739638
0.734491
0.729329
0.724705
0.720659
0.716917
0.713199
0.709621
0.70679
0.70561
0.707002
0.71158
0.719526
0.730659
0.744496
0.760357
0.77736
0.794459
0.810517
0.82451
0.835844
0.844288
0.850059
0.853376
0.8543
0.852882
0.84944
0.844456
0.838372
0.8315
0.823853
0.815147
0.804966
0.793199
0.780566
0.768709
0.75968
0.755021
0.755042
0.758736
0.764355
0.770092
0.774606
0.777226
0.777686
0.776019
0.772659
0.768467
0.764565
0.762208
0.762355
0.765553
0.7719
0.780988
0.791913
0.803401
0.81416
0.823103
0.82953
0.833103
0.833664
0.831063
0.825054
0.815442
0.802401
0.786865
0.77042
0.755013
0.74229
0.733001
0.727026
0.723859
0.7233
0.725645
0.731479
0.741137
0.754084
0.768881
0.78346
0.795819
0.804551
0.808974
0.809046
0.805408
0.799415
0.793012
0.788445
0.787436
0.790544
0.797012
0.805104
0.812676
0.817632
0.818048
0.812432
0.800088
0.78141
0.757998
0.732564
0.708421
0.688862
0.676501
0.672872
0.678163
0.691534
0.711568
0.736667
0.764951
0.794243
0.822037
0.845782
0.863295
0.873154
0.874707
0.868233
0.854911
0.836597
0.815708
0.794671
0.775399
0.758921
0.745519
0.73515
0.727804
0.723692
0.723218
0.726812
0.734555
0.745767
0.758944
0.771976
0.782747
0.789751
0.792536
0.791723
0.78875
0.785171
0.781855
0.778708
0.775196
0.770921
0.76628
0.762308
0.760159
0.760578
0.76353
0.768183
0.773194
0.776976
0.778002
0.775205
0.768388
0.758501
0.747567
0.738244
0.732975
0.732944
0.737545
0.744895
0.752857
0.75987
0.765192
0.768801
0.771162
0.772963
0.774695
0.776459
0.77795
0.77875
0.778675
0.778046
0.777595
0.778327
0.781185
0.786566
0.794464
0.804539
0.816211
0.828529
0.839961
0.848432
0.851814
0.84859
0.838379
0.82205
0.801359
0.778432
0.755531
0.734909
0.718609
0.708093
0.70409
0.706689
0.715741
0.730841
0.751151
0.774998
0.800093
0.823945
0.844328
0.859644
0.869208
0.873105
0.872065
0.86717
0.859464
0.849746
0.838393
0.82551
0.811019
0.794942
0.777583
0.759679
0.742247
0.726427
0.713359
0.704037
0.699161
0.699132
0.703841
0.712703
0.724651
0.738344
0.752395
0.765678
0.777312
0.78665
0.793307
0.797144
0.798188
0.796643
0.792966
0.788158
0.78372
0.781435
0.782726
0.788177
0.797032
0.807297
0.816201
0.821021
0.819844
0.812059
0.798487
0.781157
0.762876
0.746507
0.73444
0.728063
0.727567
0.732044
0.739786
0.748898
0.757866
0.765923
0.773112
0.779949
0.786954
0.794278
0.80174
0.809166
0.816582
0.824246
0.832342
0.840522
0.847864
0.853028
0.854675
0.85185
0.844303
0.83257
0.818001
0.802715
0.789103
0.779295
0.774598
0.775189
0.779992
0.786828
0.792902
0.795625
0.793372
0.785845
0.774123
0.760469
0.747631
0.738136
0.733346
0.732862
0.734698
0.736141
0.734879
0.729905
0.721936
0.713088
0.706094
0.703341
0.705939
0.713467
0.724062
0.735258
0.744732
0.750961
0.753394
0.752305
0.748588
0.743561
0.738743
0.735861
0.736685
0.742801
0.755176
0.773711
0.79686
0.821646
0.844343
0.8614
0.870281
0.869965
0.860906
0.844703
0.823781
0.801004
0.779426
0.761883
0.750641
0.747003
0.751019
0.761544
0.776478
0.793252
0.809183
0.82183
0.829359
0.830867
0.826549
0.817774
0.806656
0.795519
0.786528
0.781531
0.78177
0.787493
0.797151
0.807537
0.814858
0.816337
0.810821
0.798596
0.780881
0.75957
0.737112
0.716315
0.699858
0.689792
0.687031
0.691156
0.700645
0.71339
0.727359
0.741162
0.754226
0.766614
0.778628
0.790231
0.800768
0.809171
0.814417
0.815921
0.813773
0.808774
0.802183
0.79537
0.789519
0.785296
0.782824
0.781692
0.781222
0.780592
0.778943
0.77558
0.770184
0.762844
0.754143
0.744842
0.735605
0.726867
0.719042
0.712914
0.709741
0.710946
0.717538
0.729758
0.746882
0.767417
0.789389
0.810652
0.829278
0.843774
0.853359
0.85796
0.858124
0.854718
0.848697
0.840834
0.831588
0.821246
0.810075
0.798521
0.787097
0.77628
0.766396
0.757648
0.750087
0.743696
0.738541
0.734909
0.733436
0.734849
0.739553
0.747238
0.756924
0.767234
0.776837
0.784678
0.790236
0.793572
0.795386
0.796893
0.79936
0.803602
0.80955
0.816279
0.822396
0.826649
0.828163
0.826682
0.822502
0.816212
0.808573
0.800262
0.791718
0.783137
0.774487
0.765667
0.756697
0.747661
0.738638
0.729571
0.72032
0.710936
0.701895
0.694286
0.68973
0.689864
0.695777
0.707425
0.723521
0.741968
0.76049
0.777334
0.791648
0.803333
0.812484
0.818997
0.822604
0.823099
0.820557
0.81545
0.808523
0.800467
0.79196
0.783724
0.776762
0.772178
0.770674
0.771975
0.774717
0.777051
0.777518
0.775464
0.771058
0.765138
0.759075
0.754553
0.753254
0.75628
0.763704
0.774458
0.786668
0.798326
0.80791
0.814853
0.819455
0.822454
0.824619
0.826414
0.82797
0.829005
0.828889
0.826917
0.822544
0.81564
0.806525
0.795916
0.784834
0.774418
0.765803
0.759939
0.757145
0.75706
0.758817
0.761395
0.764109
0.766724
0.769224
0.771485
0.772901
0.772595
0.769674
0.763416
0.753143
0.738286
0.718905
0.696446
0.673711
0.653615
0.63817
0.628557
0.625719
0.630578
0.643678
0.664759
0.692762
0.726026
0.762561
0.800155
0.836502
0.869095
0.895506
0.913575
0.921729
0.919313
0.906934
0.886468
0.860883
0.833741
0.808318
0.786794
0.769801
0.756695
0.746541
0.739123
0.735096
0.735434
0.740627
0.750217
0.762985
0.777301
0.791428
0.803705
0.812729
0.817543
0.817749
0.813612
0.806075
0.796511
0.786492
0.777654
0.771409
0.768783
0.770343
0.776113
0.785507
0.797386
0.810215
0.822266
0.831868
0.837617
0.838609
0.834565
0.825745
0.812875
0.797029
0.779517
0.761711
0.744988
0.730575
0.719359
0.71186
0.708269
0.708497
0.712291
0.719133
0.728344
0.739099
0.750558
0.761908
0.772452
0.78169
0.789469
0.795912
0.801283
0.805782
0.809494
0.812245
0.813626
0.813142
0.81025
0.804544
0.795924
0.784791
0.772213
0.759805
0.749453
0.7427
0.740258
0.741833
0.746428
0.752861
0.760066
0.767026
0.772793
0.776546
0.77784
0.776642
0.773298
0.768348
0.76235
0.755907
0.749712
0.744667
0.741967
0.74291
0.748563
0.759176
0.773995
0.79135
0.809246
0.825981
0.840416
0.851866
0.859988
0.864589
0.865627
0.863382
0.858461
0.851586
0.843375
0.834326
0.824925
0.815766
0.807368
0.79996
0.793444
0.787496
0.781867
0.776404
0.770927
0.765328
0.759499
0.753572
0.748008
0.743745
0.741966
0.743625
0.749015
0.757418
0.767211
0.776096
0.781553
0.78144
0.774778
0.762322
0.746577
0.731129
0.71931
0.712891
0.711957
0.715706
0.723294
0.734107
0.7474
0.762035
0.776576
0.789496
0.799453
0.805412
0.806668
0.803039
0.79484
0.782895
0.768447
0.75305
0.738168
0.725044
0.714517
0.706942
0.702289
0.700159
0.699941
0.700908
0.702498
0.704541
0.707584
0.71292
0.722263
0.736988
0.757419
0.782419
0.809802
0.836895
0.861244
0.88116
0.895763
0.904788
0.908205
0.906109
0.898667
0.886409
0.870376
0.852191
0.833717
0.816528
0.801375
0.788116
0.776153
0.765076
0.75493
0.746268
0.739859
0.736307
0.735716
0.737533
0.740767
0.744312
0.747462
0.750114
0.752492
0.754676
0.756361
0.757139
0.75683
0.755638
0.753985
0.752399
0.751322
0.751203
0.752594
0.756174
0.762564
0.772105
0.784488
0.798727
0.813306
0.826538
0.836922
0.84345
0.845802
0.844367
0.840186
0.834782
0.829656
0.825879
0.823798
0.822959
0.822223
0.820201
0.8158
0.808537
0.798881
0.788079
0.777787
0.769454
0.763558
0.759348
0.7552
0.749475
0.741208
0.730358
0.717728
0.704782
0.69361
0.686742
0.686443
0.6936
0.707101
0.724334
0.742511
0.759624
0.774781
0.787913
0.799225
0.809156
0.818142
0.826604
0.834799
0.842653
0.849584
0.854474
0.856009
0.852973
0.84472
0.831318
0.813567
0.792724
0.770249
0.747591
0.726358
0.708579
0.696508
0.692008
0.695757
0.706774
0.722585
0.739812
0.755249
0.766744
0.773377
0.775335
0.773447
0.76882
0.762656
0.756271
0.750985
0.747812
0.747326
0.749549
0.75401
0.760155
0.767512
0.775915
0.785373
0.795888
0.807209
0.818635
0.82907
0.837215
0.842028
0.843002
0.840338
0.834787
0.827327
0.819112
0.811365
0.805068
0.800691
0.797911
0.795685
0.79276
0.788183
0.781668
0.773696
0.765165
0.757118
0.750327
0.745397
0.742821
0.742983
0.746005
0.751692
0.759444
0.768285
0.776802
0.783304
0.786106
0.784018
0.776833
0.765405
0.75153
0.737489
0.725709
0.718371
0.716788
0.721044
0.730077
0.742152
0.755398
0.768128
0.779191
0.787999
0.794583
0.799485
0.803473
0.807221
0.81097
0.814274
0.816189
0.815634
0.811809
0.804438
0.793888
0.781076
0.767383
0.754469
0.744017
0.737392
0.735099
0.73664
0.740711
0.745873
0.751085
0.755971
0.7607
0.765694
0.77128
0.777593
0.784473
0.791288
0.797107
0.800772
0.801031
0.797019
0.788536
0.776313
0.761951
0.747808
0.736378
0.729676
0.728592
0.732773
0.741084
0.752216
0.765087
0.778779
0.792197
0.80389
0.812153
0.815359
0.812507
0.804013
0.792429
0.782242
0.777838
0.781053
0.790661
0.804016
0.818678
0.832769
0.844487
0.851962
0.8535
0.848092
0.835957
0.81866
0.798774
0.779318
0.763014
0.751699
0.745891
0.744887
0.747218
0.751551
0.757143
0.763795
0.771114
0.778064
0.783137
0.784863
0.782508
0.77628
0.76731
0.757243
0.747849
0.740426
0.735483
0.732724
0.731358
0.730536
0.729549
0.728034
0.726057
0.724074
0.722881
0.723629
0.727629
0.736087
0.749822
0.768819
0.792059
0.817441
0.842109
0.862919
0.877075
0.882665
0.879102
0.867428
0.850112
0.830357
0.811367
0.795619
0.784481
0.778199
0.776063
0.776913
0.779612
0.783248
0.787181
0.791022
0.794618
0.797844
0.8004
0.801796
0.801351
0.798354
0.792261
0.782983
0.771134
0.757858
0.74471
0.73349
0.725763
0.722424
0.723325
0.727341
0.733112
0.739833
0.747686
0.757644
0.770594
0.786569
0.80444
0.822379
0.838363
0.850412
0.856932
0.856996
0.850703
0.839195
0.82443
0.808792
0.794666
0.784049
0.778215
0.777485
0.78127
0.788306
0.797046
0.805934
0.813593
0.818959
0.821165
0.81957
0.813587
0.80286
0.787294
0.767132
0.743227
0.717297
0.692014
0.670646
0.656465
0.651772
0.657418
0.672701
0.695783
0.724029
0.754305
0.783394
0.808453
0.827548
0.839928
0.84585
0.846344
0.842922
0.837065
0.830039
0.822664
0.815395
0.808487
0.802165
0.796735
0.792495
0.789638
0.788107
0.787705
0.788157
0.789202
0.790607
0.792075
0.793213
0.793454
0.792247
0.789192
0.784202
0.77756
0.769721
0.761341
0.753257
0.746314
0.741133
0.737917
0.736604
0.737178
0.739993
0.745554
0.75424
0.765869
0.779539
0.79377
0.806785
0.816932
0.822745
0.823159
0.817666
0.806385
0.790255
0.771138
0.751917
0.735963
0.726234
0.724369
0.730272
0.742348
0.758095
0.774905
0.790534
0.80344
0.812767
0.818159
0.819504
0.816815
0.810175
0.799858
0.786509
0.771252
0.755542
0.74076
0.727907
0.717511
0.709892
0.705473
0.704917
0.709108
0.718844
0.734466
0.755409
0.779987
0.805516
0.828779
0.846747
0.85713
0.858771
0.851844
0.837779
0.819053
0.79891
0.780828
0.767677
0.761117
0.761248
0.766899
0.776293
0.787677
0.799758
0.811713
0.823019
0.833219
0.841735
0.847801
0.85058
0.849268
0.843336
0.832599
0.817227
0.797938
0.775882
0.752627
0.730015
0.709821
0.693333
0.681004
0.672521
0.667233
0.664718
0.665244
0.669684
0.678993
0.693589
0.712904
0.735342
0.758655
0.780523
0.798936
0.812584
0.82093
0.824184
0.823249
0.819608
0.814975
0.810976
0.808761
0.808685
0.810197
0.812025
0.812549
0.810213
0.804064
0.794035
0.780837
0.765686
0.750148
0.735952
0.724885
0.718454
0.717522
0.722085
0.731294
0.743708
0.757582
0.771224
0.783233
0.792645
0.799116
0.802774
0.804168
0.803849
0.801951
0.798309
0.792863
0.786245
0.77979
0.775169
0.773628
0.775357
0.779396
0.78398
0.787097
0.787102
0.783059
0.774908
0.763438
0.750127
0.73686
0.725509
0.717613
0.714032
0.714798
0.719096
0.725391
0.731879
0.736994
0.739872
0.740438
0.739274
0.737166
0.734524
0.731162
0.726487
0.720138
0.712597
0.705567
0.701579
0.703204
0.712142
0.728598
0.751236
0.777537
0.804604
0.829628
0.850186
0.864557
0.871716
0.871401
0.864107
0.850969
0.833745
0.814561
0.795633
0.77881
0.76524
0.755362
0.749279
0.74711
0.749028
0.754882
0.763928
0.774821
0.785857
0.795249
0.801576
0.804117
0.803027
0.799256
0.794215
0.789282
0.785517
0.783486
0.783136
0.783954
0.785106
0.785745
0.78527
0.783468
0.780477
0.776704
0.772553
0.768282
0.763906
0.759278
0.754421
0.749665
0.745749
0.743649
0.74419
0.747602
0.753321
0.760131
0.766483
0.770938
0.772618
0.771377
0.767866
0.763455
0.759871
0.758765
0.761064
0.766637
0.774304
0.782201
0.788378
0.791189
0.789659
0.783743
0.774356
0.763184
0.752356
0.743987
0.739669
0.740248
0.74603
0.757011
0.772733
0.791875
0.811996
0.830072
0.843314
0.849661
0.84812
0.838625
0.822038
0.800188
0.775724
0.751805
0.731573
0.717416
0.710486
0.710442
0.715655
0.723896
0.733054
0.741639
0.748921
0.754925
0.760158
0.76527
0.770829
0.777161
0.784328
0.792264
0.800807
0.809819
0.819019
0.827809
0.835189
0.839874
0.840587
0.836435
0.82727
0.81391
0.798104
0.782298
0.76915
0.760963
0.758992
0.763016
0.771385
0.78153
0.790617
0.796208
0.796587
0.790823
0.778829
0.761278
0.739596
0.715961
0.69335
0.675279
0.66521
0.665581
0.677026
0.698127
0.726078
0.757602
0.789703
0.819986
0.846693
0.868506
0.884371
0.893379
0.894858
0.888432
0.874236
0.853216
0.827192
0.798786
0.770935
0.746506
0.727878
0.716595
0.713001
0.71592
0.722837
0.730869
0.737927
0.743322
0.747514
0.751502
0.756192
0.762022
0.768798
0.775914
0.782614
0.788272
0.792549
0.795411
0.796962
0.797363
0.796791
0.795513
0.79392
0.792458
0.791472
0.791233
0.791914
0.793623
0.796475
0.800479
0.805334
0.810326
0.814387
0.816379
0.81525
0.810188
0.800873
0.787713
0.772066
0.756075
0.74196
0.731036
0.723457
0.718718
0.716327
0.716165
0.718341
0.72298
0.730048
0.739293
0.750217
0.762072
0.773743
0.783879
0.791168
0.794703
0.794331
0.790833
0.785813
0.781089
0.778031
0.777274
0.77875
0.782145
0.787111
0.793305
0.800411
0.808049
0.815711
0.822513
0.827175
0.828018
0.823327
0.811964
0.794144
0.771876
0.749062
0.730401
0.7193
0.716287
0.719555
0.726713
0.73625
0.747426
0.759704
0.772149
0.783511
0.79265
0.798911
0.802412
0.803918
0.80449
0.805088
0.806135
0.807493
0.808568
0.808833
0.808117
0.806644
0.804787
0.802874
0.801015
0.799101
0.796882
0.794169
0.790995
0.787734
0.784915
0.783171
0.783013
0.784635
0.78795
0.792647
0.798217
0.804022
0.809298
0.813176
0.814777
0.813269
0.808126
0.799279
0.787279
0.773309
0.759045
0.74627
0.736508
0.730792
0.729502
0.732385
0.73851
0.746283
0.753755
0.758985
0.760431
0.75734
0.749669
0.738041
0.723575
0.707822
0.692845
0.681212
0.675465
0.677328
0.687217
0.704159
0.726175
0.750751
0.775315
0.797751
0.816649
0.831372
0.841969
0.848885
0.852697
0.853921
0.852944
0.849984
0.845146
0.83853
0.830403
0.821409
0.812691
0.805757
0.802225
0.803095
0.808225
0.816133
0.82435
0.830041
0.830875
0.825732
0.815033
0.800604
0.785021
0.770712
0.759252
0.750997
0.745465
0.741948
0.740059
0.740084
0.742791
0.749116
0.759585
0.773848
0.790412
0.806873
0.820385
0.828343
0.82905
0.82207
0.80833
0.789817
0.76918
0.749048
0.73161
0.718149
0.709187
0.704617
0.703965
0.706668
0.712137
0.71975
0.728761
0.738208
0.74702
0.754231
0.759108
0.761281
0.760615
0.757086
0.750932
0.742922
0.73439
0.727036
0.722587
0.722508
0.727754
0.738577
0.754468
0.774284
0.796331
0.818637
0.839276
0.856577
0.869256
0.876466
0.877917
0.873864
0.864969
0.852348
0.83738
0.821566
0.806419
0.793476
0.784157
0.779581
0.779992
0.784515
0.791574
0.799809
0.808289
0.816146
0.822224
0.825221
0.82402
0.817976
0.807047
0.792012
0.774595
0.757321
0.74286
0.733175
0.728866
0.729254
0.732844
0.737873
0.742677
0.745932
0.74673
0.74461
0.739491
0.731788
0.722497
0.713238
0.706028
0.702827
0.704975
0.712929
0.726196
0.743582
0.763564
0.78435
0.803999
0.820481
0.832055
0.837551
0.836584
0.829604
0.817665
0.802365
0.786005
0.771633
0.762677
0.762102
0.771051
0.788193
0.810209
0.833165
0.853803
0.870001
0.880573
0.884678
0.881804
0.871902
0.85576
0.835206
0.81295
0.791965
0.774653
0.762093
0.753781
0.747964
0.742391
0.735328
0.726374
0.716911
0.709839
0.708327
0.714299
0.727586
0.746168
0.767335
0.788277
0.806546
0.820091
0.827355
0.827444
0.820285
0.806769
0.788654
0.768389
0.748646
0.731906
0.720173
0.714766
0.716059
0.723274
0.734523
0.747299
0.759041
0.767672
0.771846
0.77116
0.766037
0.757552
0.74717
0.736259
0.725751
0.716243
0.708113
0.701614
0.696829
0.693608
0.691819
0.691547
0.693101
0.697066
0.7041
0.714754
0.729146
0.746733
0.766354
0.786462
0.805544
0.8224
0.836293
0.846983
0.854406
0.858731
0.860184
0.859201
0.856252
0.851907
0.846829
0.841835
0.837689
0.83506
0.8343
0.835389
0.837853
0.840755
0.84293
0.843177
0.840505
0.834501
0.825479
0.814579
0.803406
0.793491
0.785613
0.779378
0.773316
0.765447
0.75406
0.738485
0.719382
0.698592
0.678727
0.662887
0.654263
0.655292
0.666403
0.685457
0.708553
0.731612
0.751649
0.76724
0.778188
0.785121
0.789029
0.790806
0.791329
0.791394
0.791641
0.792178
0.792416
0.791486
0.789
0.785529
0.782236
0.779928
0.778199
0.775801
0.771572
0.76509
0.756619
0.746616
0.735583
0.724153
0.71338
0.704815
0.700264
0.701248
0.70847
0.721434
0.738606
0.757876
0.777111
0.794651
0.80939
0.820869
0.829069
0.834278
0.836831
0.837053
0.835218
0.831478
0.826012
0.819083
0.811205
0.803308
0.796665
0.792758
0.792859
0.79756
0.806413
0.817772
0.829261
0.838567
0.844208
0.845871
0.844227
0.840179
0.834193
0.825881
0.814085
0.797603
0.775896
0.749592
0.720743
0.692349
0.667539
0.648756
0.637406
0.634244
0.63981
0.654363
0.677391
0.707197
0.740824
0.774563
0.804877
0.829088
0.84578
0.854849
0.857029
0.853505
0.845384
0.833779
0.820003
0.805703
0.792652
0.782194
0.774863
0.770239
0.767298
0.764802
0.761683
0.757403
0.752086
0.746498
0.741929
0.73991
0.741799
0.748456
0.75988
0.775007
0.791944
0.808295
0.821784
0.830783
0.834568
0.833215
0.82753
0.818909
0.809102
0.799923
0.792779
0.788281
0.786233
0.785995
0.786848
0.788303
0.790047
0.791509
0.79183
0.79011
0.785953
0.779935
0.773532
0.768659
0.766955
0.769058
0.774462
0.781713
0.788915
0.794217
0.79619
0.794036
0.787583
0.777484
0.765423
0.754032
0.746313
0.744475
0.748869
0.757722
0.767855
0.775821
0.779039
0.776595
0.76961
0.760762
0.753146
0.748991
0.748975
0.752652
0.759061
0.767226
0.776274
0.785502
0.794294
0.801976
0.8078
0.81102
0.811092
0.807828
0.801714
0.794019
0.786485
0.780603
0.776681
0.773725
0.770117
0.764849
0.758249
0.751908
0.747984
0.748274
0.753315
0.762203
0.773197
0.7844
0.79428
0.801736
0.806202
0.807664
0.806532
0.803383
0.798955
0.794053
0.789283
0.785
0.781402
0.778831
0.77781
0.778764
0.781747
0.786421
0.792143
0.798241
0.804108
0.809061
0.812157
0.812514
0.809659
0.803677
0.795261
0.785445
0.775275
0.765833
0.758202
0.753318
0.751636
0.753003
0.756627
0.761366
0.766046
0.769789
0.772129
0.772926
0.771963
0.768761
0.762718
0.753514
0.741527
0.727888
0.714426
0.70348
0.697687
0.699507
0.710423
0.730155
0.756435
0.785543
0.813567
0.83724
0.854605
0.864934
0.868606
0.866781
0.860877
0.852202
0.841661
0.829918
0.81766
0.80569
0.794772
0.785393
0.777722
0.771602
0.7666
0.76218
0.758053
0.754375
0.751742
0.751063
0.753069
0.757877
0.7648
0.772439
0.778967
0.782579
0.781852
0.776122
0.765803
0.752518
0.738802
0.727454
0.720705
0.719592
0.723854
0.732275
0.743528
0.756657
0.771209
0.786828
0.802802
0.817934
0.830914
0.84051
0.845865
0.846428
0.841967
0.832689
0.819351
0.803093
0.785258
0.767227
0.75035
0.736009
0.725693
0.720817
0.722321
0.73019
0.743183
0.759027
0.774851
0.787938
0.796273
0.798897
0.795958
0.788429
0.777791
0.765704
0.753882
0.743943
0.737371
0.73536
0.738483
0.746466
0.758028
0.771366
0.784635
0.796383
0.805876
0.812974
0.817814
0.820559
0.82113
0.819236
0.814765
0.808043
0.799941
0.791752
0.784784
0.779972
0.777674
0.777624
0.779074
0.781118
0.783095
0.784777
0.786346
0.788073
0.78992
0.791361
0.791499
0.78942
0.784528
0.776769
0.766518
0.754346
0.740869
0.727107
0.714565
0.705144
0.700303
0.700478
0.70489
0.71198
0.720063
0.7279
0.735183
0.742801
0.752834
0.76766
0.788388
0.813764
0.840468
0.864795
0.884128
0.897253
0.904111
0.905299
0.901659
0.893933
0.882662
0.8683
0.851219
0.832037
0.811662
0.791256
0.772217
0.755773
0.742766
0.733412
0.727204
0.723124
0.720054
0.717164
0.71431
0.712139
0.71183
0.71455
0.720742
0.729635
0.739499
0.748333
0.754717
0.758122
0.758801
0.757559
0.755567
0.754219
0.754864
0.758454
0.765121
0.774016
0.783426
0.791119
0.794894
0.793008
0.784536
0.769528
0.749079
0.725277
0.701015
0.679629
0.664327
0.657592
0.660822
0.674301
0.697163
0.727528
0.762644
0.79918
0.83372
0.863223
0.885478
0.89907
0.903517
0.898994
0.886244
0.866487
0.841452
0.813482
0.785606
0.761239
0.743468
0.734233
0.73373
0.740473
0.751993
0.765808
0.780005
0.79336
0.805043
0.814233
0.820114
0.821934
0.819184
0.811741
0.800022
0.785002
0.768136
0.751147
0.735634
0.722861
0.713641
0.708381
0.707282
0.71044
0.717883
0.729496
0.744957
0.763711
0.784875
0.807276
0.829458
0.849675
0.866145
0.877354
0.882271
0.880609
0.872777
0.859824
0.843158
0.824477
0.805503
0.787798
0.772625
0.760767
0.752679
0.748671
0.748774
0.752584
0.759043
0.766467
0.772977
0.777121
0.778142
0.776132
0.771855
0.766397
0.760875
0.756175
0.752955
0.751521
0.751982
0.754307
0.758368
0.763883
0.770354
0.777103
0.783574
0.789277
0.793653
0.795903
0.7951
0.790581
0.782423
0.771729
0.760506
0.750989
0.74472
0.742065
0.742631
0.745814
0.751278
0.758895
0.768383
0.778969
0.789362
0.797955
0.803235
0.804225
0.801071
0.795268
0.789349
0.785761
0.785331
0.786883
0.788319
0.788044
0.785433
0.78066
0.774395
0.767667
0.761689
0.757605
0.756261
0.757951
0.762486
0.769114
0.776779
0.784213
0.790256
0.794004
0.794823
0.792445
0.786971
0.778859
0.769113
0.759157
0.750691
0.745419
0.744513
0.7484
0.756436
0.767119
0.778471
0.788437
0.795381
0.798432
0.797623
0.793696
0.78782
0.781313
0.775332
0.770849
0.768692
0.769607
0.774013
0.781718
0.791675
0.801941
0.809946
0.813094
0.809544
0.798813
0.782374
0.763595
0.747092
0.737241
0.736296
0.743379
0.754946
0.766559
0.774777
0.778173
0.777316
0.773746
0.768788
0.763022
0.756856
0.751309
0.748126
0.748938
0.754424
0.764078
0.776803
0.791583
0.807607
0.82416
0.840181
0.854289
0.864937
0.870576
0.869728
0.861348
0.84536
0.823149
0.797583
0.772503
0.751696
0.737918
0.732459
0.735123
0.744566
0.758709
0.775018
0.790851
0.803756
0.811988
0.814719
0.811926
0.804182
0.792238
0.776946
0.759434
0.741322
0.724795
0.712299
0.705838
0.706386
0.713498
0.725689
0.740908
0.757112
0.772477
0.785733
0.796223
0.803934
0.809272
0.812633
0.813989
0.812836
0.808462
0.800572
0.789725
0.777377
0.765709
0.757182
0.754109
0.75813
0.769872
0.788739
0.812993
0.840062
0.866712
0.889364
0.904617
0.909845
0.903737
0.886548
0.860025
0.827058
0.791267
0.756608
0.726885
0.705008
0.692297
0.688324
0.691331
0.699176
0.710019
0.722875
0.737552
0.754173
0.772395
0.790909
0.807593
0.820198
0.827103
0.827824
0.822963
0.814091
0.803278
0.792373
0.782534
0.774094
0.767152
0.76198
0.759266
0.759865
0.764406
0.772919
0.784575
0.797771
0.810357
0.820061
0.825017
0.824146
0.817375
0.805503
0.789939
0.772443
0.754914
0.739102
0.726233
0.716657
0.709793
0.704474
0.699761
0.695702
0.69356
0.695394
0.703136
0.717604
0.737897
0.761646
0.785849
0.807891
0.826224
0.840504
0.851338
0.859579
0.865802
0.869937
0.871423
0.869512
0.863747
0.853978
0.840577
0.824307
0.806372
0.788344
0.771891
0.758496
0.749211
0.744445
0.743957
0.746807
0.751593
0.756629
0.760221
0.761183
0.759211
0.755035
0.750148
0.746122
0.744086
0.74449
0.747266
0.751814
0.757068
0.761539
0.763569
0.761991
0.756663
0.748774
0.740637
0.734741
0.732872
0.735602
0.742493
0.752794
0.765943
0.781382
0.798343
0.815621
0.831653
0.84484
0.853745
0.857362
0.85525
0.847633
0.835423
0.820036
0.80319
0.786595
0.771743
0.759766
0.751387
0.746878
0.74623
0.749166
0.755141
0.763205
0.772094
0.780472
0.787109
0.791221
0.792551
0.791206
0.787618
0.782337
0.775996
0.769271
0.762663
0.756615
0.751754
0.749034
0.74962
0.754334
0.763174
0.775196
0.788739
0.802091
0.813861
0.823344
0.830523
0.835773
0.8396
0.842288
0.843796
0.84369
0.841159
0.835095
0.824432
0.808467
0.787185
0.761437
0.732977
0.70448
0.679187
0.660458
0.650819
0.651153
0.660637
0.677177
0.697918
0.719773
0.73981
0.755812
0.766701
0.772737
0.775241
0.775834
0.775699
0.775157
0.773818
0.771236
0.767433
0.763197
0.760007
0.759642
0.763588
0.772367
0.7852
0.799914
0.81374
0.824165
0.82964
0.829977
0.826116
0.81979
0.81297
0.807385
0.804246
0.804002
0.806125
0.809214
0.811456
0.811028
0.806881
0.799053
0.78874
0.777882
0.768399
0.761513
0.757712
0.756897
0.758751
0.762883
0.768897
0.776262
0.784192
0.791481
0.796675
0.798403
0.795746
0.788523
0.777415
0.763926
0.75014
0.738316
0.730334
0.727326
0.72955
0.73656
0.747387
0.760697
0.774814
0.787708
0.797375
0.802425
0.802485
0.798345
0.791646
0.784388
0.778657
0.776124
0.77756
0.78267
0.79044
0.7995
0.808467
0.815918
0.820389
0.820442
0.814977
0.803627
0.787273
0.768174
0.749474
0.734364
0.725073
0.722164
0.724511
0.730005
0.736319
0.741566
0.74474
0.745794
0.745635
0.745816
0.748051
0.753773
0.763579
0.777014
0.792733
0.80889
0.823637
0.835606
0.844075
0.848947
0.850568
0.84954
0.846517
0.841976
0.835942
0.828174
0.818382
0.806514
0.793056
0.77919
0.766625
0.757175
0.752055
0.751209
0.753039
0.755101
0.755203
0.752533
0.747853
0.742901
0.739395
0.738365
0.740032
0.744029
0.749698
0.756286
0.76296
0.768943
0.773603
0.776514
0.777546
0.776887
0.774843
0.771684
0.767493
0.762071
0.755041
0.746097
0.735277
0.723283
0.711395
0.701215
0.69423
0.691461
0.693544
0.701054
0.714695
0.734985
0.761497
0.792476
0.825223
0.856777
0.884454
0.906127
0.920366
0.926394
0.923965
0.913418
0.895501
0.87137
0.842561
0.811117
0.7795
0.750323
0.726068
0.708685
0.69946
0.698706
0.705559
0.717995
0.73355
0.750007
0.765778
0.77993
0.792062
0.8022
0.810492
0.817129
0.822198
0.825554
0.826896
0.825879
0.822271
0.816098
0.807523
0.796969
0.785184
0.773319
0.762707
0.754483
0.749274
0.747102
0.747566
0.750021
0.753752
0.757942
0.761613
0.763638
0.763047
0.759466
0.753398
0.746164
0.73948
0.734788
0.732894
0.733808
0.736944
0.741539
0.746972
0.752989
0.759715
0.767454
0.776294
0.785776
0.794862
0.802153
0.806382
0.806909
0.80397
0.798591
0.792372
0.787144
0.784517
0.785432
0.789719
0.796276
0.803617
0.81049
0.816234
0.820866
0.824896
0.8289
0.833322
0.838188
0.84306
0.847083
0.849148
0.848139
0.843178
0.833884
0.820587
0.804122
0.785531
0.765788
0.745601
0.72548
0.706098
0.688487
0.674062
0.66436
0.660496
0.662737
0.670352
0.681947
0.695878
0.71074
0.725609
0.740073
0.754014
0.767425
0.780152
0.7916
0.800881
0.806948
0.809073
0.807163
0.802036
0.795288
0.78879
0.783928
0.781063
0.779467
0.777713
0.774205
0.76772
0.757837
0.745257
0.731725
0.719673
0.711572
0.709102
0.712749
0.721765
0.734626
0.749532
0.764925
0.779752
0.793561
0.806347
0.818148
0.828777
0.837831
0.844786
0.849259
0.850984
0.849803
0.845472
0.837608
0.826127
0.811599
0.795749
0.781557
0.772489
0.771202
0.778202
0.791174
0.805905
0.818024
0.824552
0.824375
0.818036
0.807105
0.793593
0.779302
0.765453
0.75263
0.741022
0.730942
0.7231
0.718496
0.717901
0.721354
0.728115
0.737201
0.747645
0.758622
0.769245
0.778577
0.785674
0.789724
0.790102
0.786382
0.778361
0.766221
0.750717
0.733304
0.716164
0.70203
0.693695
0.693363
0.701982
0.718832
0.741603
0.766921
0.791312
0.812192
0.828296
0.83957
0.846658
0.850285
0.850985
0.849135
0.845123
0.839457
0.832596
0.824938
0.816605
0.807815
0.799097
0.791445
0.786297
0.785044
0.788356
0.795705
0.805298
0.814625
0.821233
0.823214
0.819594
0.810637
0.797958
0.784479
0.773606
0.767722
0.767087
0.770063
0.774424
0.778639
0.782396
0.78609
0.79005
0.794084
0.797458
0.799453
0.799766
0.798604
0.796384
0.793277
0.789111
0.783486
0.775908
0.766079
0.754108
0.740721
0.727261
0.715591
0.707748
0.705254
0.70863
0.71714
0.729021
0.74194
0.753608
0.762177
0.766554
0.766653
0.763362
0.758358
0.753773
0.751594
0.753035
0.758168
0.765975
0.774749
0.7826
0.787969
0.789992
0.788504
0.784002
0.777537
0.770539
0.764623
0.761253
0.761624
0.766374
0.775432
0.788104
0.803251
0.819458
0.835073
0.848438
0.858022
0.862757
0.862073
0.855802
0.844047
0.827169
0.805981
0.78201
0.757537
0.735193
0.717415
0.705849
0.701082
0.702662
0.709387
0.71968
0.731881
0.744372
0.755611
0.764318
0.76972
0.771861
0.771578
0.770231
0.769245
0.769546
0.771127
0.773102
0.774092
0.772853
0.768959
0.7631
0.756971
0.752799
0.752665
0.757767
0.768029
0.782157
0.798087
0.813675
0.827208
0.83745
0.843468
0.844663
0.840828
0.832297
0.820238
0.806591
0.793832
0.784408
0.780138
0.781758
0.788576
0.798698
0.809443
0.818083
0.822678
0.822413
0.817402
0.808367
0.796312
0.782281
0.767418
0.752844
0.739657
0.728779
0.720887
0.716287
0.714864
0.716105
0.719437
0.72448
0.730938
0.738082
0.744673
0.749368
0.751281
0.750169
0.746094
0.739411
0.730893
0.72194
0.714533
0.710891
0.712709
0.720616
0.734093
0.751752
0.771918
0.792884
0.813118
0.831392
0.846829
0.858899
0.86742
0.872509
0.874501
0.873795
0.870721
0.865457
0.858051
0.848422
0.836329
0.821433
0.803566
0.783216
0.761695
0.740753
0.722067
0.70682
0.695672
0.68931
0.688895
0.695717
0.710208
0.731257
0.756191
0.781646
0.804644
0.823139
0.836116
0.843391
0.84529
0.842511
0.83591
0.826436
0.815286
0.803907
0.793788
0.785981
0.780883
0.778199
0.777104
0.776553
0.775502
0.773073
0.768766
0.762522
0.75467
0.745738
0.736271
0.726713
0.717475
0.709143
0.702567
0.698716
0.698558
0.702757
0.711477
0.724311
0.740437
0.758733
0.778082
0.797421
0.815838
0.832554
0.846929
0.858338
0.866247
0.870343
0.870676
0.867696
0.862099
0.854734
0.846342
0.837525
0.82882
0.820816
0.814218
0.809651
0.807324
0.80681
0.80722
0.807484
0.806695
0.804164
0.799387
0.792077
0.782181
0.769877
0.755697
0.740398
0.72487
0.710039
0.696725
0.685615
0.677206
0.671718
0.66901
0.668626
0.66985
0.671963
0.674533
0.677505
0.681168
0.686176
0.693495
0.704079
0.718376
0.736041
0.755861
0.776186
0.795318
0.811869
0.825013
0.834572
0.840726
0.843712
0.84349
0.839827
0.832581
0.82208
0.80929
0.79573
0.78336
0.774196
0.770014
0.771808
0.779476
0.791782
0.806747
0.821995
0.835288
0.844831
0.849298
0.84776
0.839799
0.825626
0.80617
0.783297
0.759793
0.738845
0.723411
0.715411
0.715268
0.721999
0.733726
0.748358
0.764082
0.779657
0.794536
0.808611
0.821814
0.833698
0.843303
0.849523
0.851538
0.848986
0.842118
0.831691
0.818751
0.80431
0.789185
0.773881
0.758714
0.743804
0.729293
0.715427
0.702635
0.691719
0.683812
0.680341
0.682441
0.690315
0.702831
0.71783
0.732851
0.745944
0.756192
0.763658
0.769004
0.773003
0.776294
0.779375
0.782559
0.785964
0.789435
0.792695
0.795591
0.798286
0.801017
0.804076
0.807635
0.811727
0.816215
0.820831
0.825196
0.828913
0.831626
0.833
0.832644
0.830068
0.824903
0.817008
0.80658
0.794059
0.780122
0.765495
0.750885
0.73701
0.724639
0.714575
0.707669
0.704729
0.706187
0.711922
0.721076
0.732211
0.743654
0.753812
0.761529
0.766402
0.768824
0.7697
0.770048
0.770553
0.771322
0.772037
0.772353
0.77213
0.771461
0.770498
0.769173
0.767124
0.763706
0.758359
0.750876
0.741738
0.732166
0.723909
0.718651
0.717405
0.720263
0.726475
0.734894
0.74444
0.754365
0.764442
0.774879
0.786126
0.798579
0.812274
0.826695
0.840677
0.852652
0.861138
0.865113
0.864312
0.858945
0.849536
0.836704
0.821233
0.804228
0.787198
0.771774
0.759565
0.751685
0.74838
0.749267
0.753431
0.759947
0.768016
0.776852
0.785498
0.79281
0.797551
0.798766
0.796146
0.790207
0.782161
0.773586
0.76598
0.76033
0.756925
0.755475
0.755489
0.756642
0.758837
0.761945
0.765482
0.768666
0.770699
0.771097
0.769781
0.76707
0.763666
0.760403
0.758118
0.757478
0.758836
0.762292
0.767822
0.775206
0.783959
0.793212
0.8017
0.808079
0.81138
0.811259
0.808184
0.803185
0.797431
0.791982
0.787445
0.784034
0.781869
0.781243
0.782634
0.786402
0.792128
0.79832
0.802674
0.80281
0.797173
0.785454
0.768673
0.74887
0.728641
0.710552
0.69681
0.689002
0.687898
0.693296
0.70414
0.718694
0.735
0.751243
0.766035
0.778428
0.787891
0.794372
0.7983
0.800471
0.801884
0.803494
0.805938
0.809419
0.813871
0.818936
0.824133
0.828879
0.832618
0.834855
0.835237
0.833498
0.829535
0.823258
0.814622
0.803799
0.791389
0.778381
0.765837
0.754464
0.744514
0.735786
0.728207
0.72214
0.718184
0.716834
0.718197
0.722083
0.728219
0.736245
0.745439
0.754726
0.762923
0.769177
0.77314
0.775054
0.775588
0.77564
0.776111
0.777464
0.779649
0.782253
0.784695
0.7865
0.787397
0.787329
0.786574
0.785811
0.786113
0.788705
0.794417
0.803284
0.814343
0.825962
0.836266
0.843561
0.846689
0.845047
0.838455
0.827146
0.811878
0.793815
0.774626
0.7563
0.740947
0.730461
0.726275
0.728795
0.737132
0.749192
0.762114
0.772985
0.779569
0.780558
0.775574
0.765111
0.750673
0.734971
0.721817
0.715207
0.717543
0.728277
0.744107
0.760646
0.77438
0.783704
0.789012
0.791956
0.794304
0.797116
0.800603
0.804448
0.808186
0.811234
0.813031
0.813086
0.811065
0.806787
0.800205
0.791277
0.780147
0.76722
0.753275
0.739368
0.726886
0.717401
0.712449
0.713295
0.720557
0.733774
0.751395
0.771205
0.791026
0.809383
0.825619
0.839654
0.8516
0.86135
0.868425
0.871979
0.870985
0.864732
0.853151
0.836959
0.817714
0.797474
0.778353
0.762212
0.750504
0.744238
0.743827
0.748817
0.757738
0.768228
0.777482
0.782972
0.782936
0.776805
0.765188
0.749695
0.732563
0.716228
0.702935
0.694319
0.691051
0.692835
0.698719
0.707599
0.718623
0.731185
0.744578
0.757824
0.769776
0.779495
0.786448
0.790526
0.791978
0.791242
0.788812
0.785166
0.780873
0.776779
0.774016
0.773686
0.776448
0.782174
0.789952
0.798282
0.805537
0.810426
0.812246
0.811012
0.807288
0.802061
0.79645
0.7916
0.788394
0.787126
0.787563
0.789042
0.790772
0.792041
0.792212
0.790789
0.787346
0.781391
0.772671
0.761392
0.748462
0.735488
0.724464
0.717096
0.714299
0.715863
0.720723
0.727503
0.734942
0.742204
0.748904
0.754851
0.75993
0.764097
0.767522
0.770587
0.773694
0.776998
0.78035
0.783438
0.785966
0.787691
0.788487
0.788327
0.787207
0.785284
0.782863
0.780206
0.777519
0.774998
0.772776
0.770844
0.769049
0.767119
0.76486
0.762441
0.760551
0.760312
0.762897
0.769038
0.778467
0.789839
0.801147
0.810403
0.816137
0.817644
0.814944
0.80886
0.801032
0.793442
0.787725
0.784463
0.782908
0.781549
0.778925
0.774536
0.768973
0.763609
0.760171
0.760098
0.763969
0.771364
0.781114
0.7918
0.802243
0.811598
0.819079
0.82377
0.824706
0.82111
0.812675
0.799838
0.783919
0.767253
0.752861
0.74374
0.741797
0.747172
0.758163
0.77171
0.784242
0.792571
0.794513
0.789379
0.77809
0.763066
0.747668
0.735426
0.729187
0.730784
0.740543
0.75711
0.77752
0.797934
0.81464
0.825075
0.828272
0.824852
0.816376
0.804554
0.790873
0.776485
0.762426
0.749855
0.74
0.733736
0.731271
0.732008
0.7347
0.737834
0.739991
0.740391
0.739296
0.737946
0.738105
0.741254
0.74796
0.7577
0.769226
0.781145
0.792579
0.803473
0.814407
0.826136
0.838988
0.852424
0.865121
0.87527
0.881374
0.882629
0.879076
0.871356
0.860318
0.846788
0.83162
0.81571
0.800067
0.785626
0.773023
0.76229
0.752818
0.743615
0.733685
0.722549
0.710535
0.699012
0.689932
0.685294
0.686484
0.693815
0.706437
0.722649
0.740342
0.757385
0.772045
0.783495
0.792155
0.799643
0.807533
0.81619
0.824314
0.829755
0.830771
0.826722
0.818024
0.805695
0.791098
0.775715
0.761154
0.749076
0.740867
0.7375
0.739216
0.745333
0.754437
0.76474
0.774579
0.782842
0.789078
0.793429
0.796396
0.798388
0.799421
0.799088
0.796754
0.791967
0.784928
0.776535
0.768382
0.762226
0.759405
0.760351
0.764484
0.770489
0.7769
0.782626
0.787143
0.790582
0.793528
0.796748
0.800841
0.805781
0.810627
0.813927
0.814481
0.811847
0.806296
0.798437
0.788919
0.778415
0.767546
0.756955
0.747188
0.73863
0.731516
0.725998
0.722094
0.71946
0.717346
0.714846
0.711278
0.706459
0.700919
0.695808
0.692722
0.693254
0.698404
0.708278
0.722205
0.739109
0.757755
0.776928
0.795529
0.812663
0.827891
0.841206
0.852886
0.863079
0.871577
0.87765
0.880216
0.87832
0.871682
0.861146
0.848577
0.836345
0.826522
0.820184
0.817012
0.815775
0.81483
0.81267
0.808346
0.801408
0.791879
0.780206
0.767172
0.753835
0.741474
0.731386
0.724718
0.722183
0.723737
0.728594
0.735405
0.742826
0.749881
0.756175
0.761859
0.767431
0.773399
0.780009
0.786926
0.793281
0.797839
0.799435
0.797279
0.791244
0.781817
0.770004
0.757168
0.744731
0.734019
0.725914
0.720836
0.718686
0.718886
0.720597
0.72293
0.725109
0.726536
0.726832
0.725768
0.723328
0.719675
0.715226
0.710651
0.706994
0.70559
0.707878
0.715176
0.728124
0.746424
0.768753
0.792954
0.81647
0.836752
0.851697
0.859964
0.861221
0.856116
0.846255
0.833816
0.821085
0.809814
0.800929
0.794633
0.790563
0.788075
0.786538
0.785555
0.785128
0.785538
0.786941
0.789195
0.791917
0.794637
0.79691
0.798306
0.79838
0.796824
0.793612
0.789153
0.784443
0.78097
0.780365
0.783854
0.791647
0.802505
0.813907
0.822806
0.82669
0.824239
0.815729
0.80273
0.787683
0.773394
0.762083
0.754792
0.751056
0.749399
0.748411
0.747519
0.747353
0.749215
0.754493
0.763871
0.777041
0.792747
0.809146
0.824087
0.835486
0.841517
0.840872
0.832893
0.817574
0.795579
0.768305
0.73811
0.708421
0.683705
0.668507
0.665528
0.674386
0.692045
0.714543
0.738305
0.760678
0.779938
0.795228
0.806483
0.814159
0.819004
0.821721
0.822937
0.823075
0.822408
0.820898
0.818095
0.813198
0.80539
0.794402
0.780957
0.766894
0.7548
0.747199
0.745748
0.750686
0.760834
0.773926
0.78725
0.798382
0.805689
0.808478
0.807039
0.802225
0.795029
0.786401
0.777072
0.767824
0.759772
0.754207
0.75231
0.754508
0.759938
0.766596
0.771982
0.774145
0.772353
0.767532
0.761806
0.757625
0.7569
0.760356
0.76738
0.776334
0.785091
0.791534
0.793966
0.791434
0.783806
0.771878
0.757173
0.741781
0.728023
0.718039
0.713328
0.714303
0.720214
0.729559
0.740675
0.752261
0.763606
0.774667
0.785814
0.797516
0.809932
0.822541
0.834109
0.843237
0.849102
0.851766
0.852117
0.851051
0.849162
0.846914
0.844842
0.843321
0.842126
0.840313
0.836337
0.828643
0.816295
0.799183
0.778307
0.755572
0.733448
0.714511
0.700952
0.694049
0.693894
0.699569
0.709515
0.722061
0.73552
0.748477
0.759718
0.768137
0.772901
0.773563
0.770296
0.763985
0.756083
0.748387
0.742706
0.740435
0.742384
0.748785
0.759381
0.773584
0.790463
0.808746
0.826829
0.842984
0.85563
0.863554
0.866027
0.862912
0.854579
0.84168
0.825208
0.806584
0.787566
0.770091
0.755787
0.745536
0.739265
0.736268
0.73581
0.737463
0.741103
0.7466
0.753707
0.762052
0.771025
0.779574
0.786244
0.789518
0.788451
0.783056
0.774589
0.765287
0.757682
0.753819
0.75451
0.759251
0.766589
0.774816
0.782489
0.788659
0.793087
0.796102
0.798389
0.80081
0.804105
0.808586
0.813899
0.819107
0.822966
0.824384
0.822811
0.818528
0.81243
0.805688
0.799317
0.793828
0.789066
0.784406
0.77912
0.772606
0.764624
0.755275
0.745126
0.735166
0.726753
0.721419
0.720431
0.724347
0.732745
0.744571
0.758575
0.773593
0.788658
0.802885
0.815394
0.825207
0.831319
0.833016
0.830021
0.822691
0.811801
0.79811
0.782265
0.764733
0.74608
0.727251
0.709713
0.695341
0.686091
0.683583
0.688804
0.701895
0.722139
0.74793
0.776842
0.805852
0.831801
0.851914
0.864096
0.867187
0.861179
0.847239
0.827594
0.80509
0.782814
0.763519
0.749251
0.741062
0.738866
0.741579
0.747377
0.754172
0.760081
0.763893
0.765328
0.764972
0.764058
0.76406
0.766182
0.77107
0.778845
0.789151
0.801253
0.814098
0.826322
0.83637
0.842711
0.844102
0.839709
0.829433
0.813994
0.794908
0.774303
0.75456
0.737714
0.725053
0.716907
0.712891
0.712333
0.714873
0.72057
0.729679
0.742095
0.756743
0.771383
0.783068
0.789124
0.788108
0.780348
0.76796
0.754015
0.741512
0.732493
0.727719
0.727067
0.729876
0.735165
0.741881
0.749124
0.756364
0.76351
0.770757
0.778613
0.78779
0.798928
0.812391
0.827806
0.84422
0.860111
0.873655
0.88325
0.887775
0.886614
0.879536
0.866645
0.848474
0.826156
0.801494
0.776904
0.754789
0.737031
0.724603
0.717697
0.716075
0.719166
0.726093
0.735492
0.745557
0.75455
0.761421
0.76605
0.768998
0.771125
0.773131
0.775301
0.777457
0.779248
0.78032
0.780588
0.780253
0.780021
0.780841
0.78344
0.787868
0.793428
0.798918
0.803016
0.804729
0.803665
0.800024
0.794546
0.788296
0.782522
0.778367
0.776552
0.777246
0.779954
0.783784
0.787703
0.790848
0.79272
0.793118
0.791975
0.789201
0.7846
0.778094
0.769944
0.760898
0.752202
0.74525
0.741253
0.741056
0.745081
0.753399
0.765675
0.781021
0.797974
0.8147
0.829271
0.839925
0.845511
0.845836
0.841793
0.835094
0.827316
0.819398
0.811519
0.803509
0.795289
0.78709
0.779421
0.773037
0.768682
0.766745
0.766894
0.768137
0.768908
0.76762
0.763262
0.755742
0.745969
0.735758
0.727283
0.722567
0.723004
0.728956
0.739679
0.753563
0.768677
0.783171
0.79571
0.805478
0.812186
0.815873
0.816688
0.814828
0.810659
0.805081
0.799675
0.7962
0.79576
0.798276
0.80273
0.807738
0.812022
0.814659
0.815063
0.813119
0.809193
0.803884
0.797689
0.790774
0.78311
0.774911
0.766827
0.760095
0.756092
0.75574
0.758866
0.764048
0.769184
0.772288
0.772105
0.76817
0.760672
0.750344
0.738487
0.726863
0.717529
0.712435
0.712915
0.719349
0.730876
0.745549
0.760752
0.773911
0.78312
0.78753
0.787433
0.783885
0.778187
0.771457
0.764686
0.758952
0.755387
0.754985
0.758129
0.764535
0.773491
0.784219
0.79591
0.807452
0.81737
0.824115
0.82656
0.824634
0.819642
0.813944
0.810133
0.809828
0.813059
0.818716
0.825738
0.833775
0.842859
0.85264
0.86193
0.868776
0.871166
0.867831
0.858659
0.844706
0.827699
0.809586
0.792072
0.776287
0.762605
0.750824
0.740492
0.731096
0.722198
0.71351
0.705083
0.697243
0.690471
0.685303
0.682266
0.681872
0.684484
0.690111
0.69834
0.708449
0.71949
0.730452
0.74038
0.748433
0.753951
0.756634
0.756703
0.754811
0.751974
0.749487
0.748688
0.750785
0.756519
0.765961
0.778353
0.792321
0.806296
0.818795
0.82862
0.834806
0.836613
0.833623
0.825909
0.814217
0.800054
0.785754
0.774038
0.767284
0.76647
0.770535
0.776834
0.782504
0.785719
0.785883
0.783414
0.779337
0.775086
0.772248
0.772274
0.775928
0.782875
0.791675
0.800372
0.807263
0.811409
0.812594
0.810941
0.806662
0.79999
0.79116
0.780631
0.769132
0.75746
0.746358
0.736416
0.728215
0.72253
0.720303
0.722207
0.728214
0.737428
0.748363
0.759125
0.767632
0.771903
0.77053
0.763233
0.751282
0.737409
0.725099
0.71765
0.717214
0.724494
0.738854
0.758758
0.782186
0.806988
0.831117
0.852803
0.870614
0.883463
0.890469
0.891089
0.885138
0.872773
0.854644
0.831862
0.805972
0.778861
0.752743
0.73015
0.713616
0.704973
0.704616
0.711052
0.721334
0.73217
0.741088
0.74698
0.750169
0.75194
0.753808
0.756743
0.760788
0.765429
0.77013
0.774747
0.779389
0.784163
0.788894
0.793184
0.79679
0.80004
0.803875
0.809349
0.817046
0.826749
0.837547
0.84802
0.856493
0.861348
0.861533
0.856956
0.848355
0.836964
0.824114
0.810724
0.797242
0.783874
0.770797
0.758283
0.746627
0.735984
0.726414
0.718076
0.711476
0.707399
0.70666
0.709704
0.716215
0.725083
0.734736
0.743663
0.750946
0.756323
0.760064
0.76277
0.764981
0.766935
0.76851
0.769277
0.768841
0.76705
0.764149
0.760665
0.757162
0.754001
0.751365
0.749102
0.746872
0.744323
0.741311
0.738074
0.735031
0.732602
0.730891
0.729604
0.728206
0.726358
0.724281
0.722764
0.722946
0.725895
0.732244
0.742065
0.754902
0.770016
0.786622
0.803861
0.820657
0.83574
0.847709
0.855212
0.857172
0.853234
0.844248
0.832332
0.820333
0.810764
0.804906
0.802422
0.801939
0.801919
0.801357
0.800064
0.798457
0.797112
0.79641
0.79631
0.796284
0.795584
0.793558
0.790101
0.785668
0.781139
0.777297
0.774433
0.772375
0.77071
0.769258
0.768055
0.76691
0.765286
0.762665
0.759126
0.75555
0.753296
0.753554
0.756617
0.7617
0.76721
0.771461
0.773317
0.772487
0.769506
0.765302
0.760785
0.756525
0.752674
0.74912
0.745756
0.742765
0.740904
0.741355
0.745276
0.753098
0.764001
0.776146
0.787325
0.7959
0.801362
0.804136
0.805116
0.805103
0.804466
0.803209
0.801213
0.79844
0.795154
0.791826
0.788884
0.786589
0.784941
0.783739
0.782786
0.782082
0.781895
0.782589
0.784441
0.787299
0.790476
0.792636
0.79216
0.787589
0.777906
0.762906
0.743356
0.721019
0.69877
0.680184
0.668718
0.666842
0.675406
0.693504
0.718732
0.748102
0.778637
0.807939
0.834297
0.856554
0.873827
0.885244
0.889836
0.886606
0.875026
0.855636
0.830334
0.802468
0.776307
0.755844
0.743407
0.738758
0.739498
0.742287
0.744375
0.744447
0.742736
0.740688
0.740155
0.742562
0.748318
0.756752
0.766547
0.776323
0.785125
0.792598
0.798852
0.803968
0.80773
0.809494
0.808436
0.804006
0.79621
0.785846
0.774574
0.764895
0.759433
0.759604
0.764612
0.772107
0.779645
0.785638
0.78945
0.790984
0.790441
0.788213
0.784743
0.780403
0.775481
0.769957
0.7636
0.755985
0.746764
0.736082
0.724879
0.714923
0.708412
0.707209
0.712206
0.723159
0.738824
0.757429
0.777112
0.796228
0.813495
0.828015
0.839318
0.84726
0.851977
0.85363
0.852361
0.848285
0.841702
0.833103
0.823144
0.812412
0.801363
0.790326
0.779629
0.769738
0.76127
0.754894
0.751219
0.750642
0.753123
0.75826
0.765436
0.773815
0.78244
0.790242
0.796006
0.798608
0.797483
0.793113
0.786778
0.78004
0.77402
0.769094
0.765172
0.762343
0.761326
0.763318
0.769098
0.778349
0.789709
0.801537
0.812665
0.822548
0.830962
0.837602
0.841725
0.842414
0.83886
0.830744
0.818356
0.802926
0.786819
0.773171
0.764502
0.761089
0.761025
0.762071
0.763016
0.763625
0.763998
0.763901
0.762702
0.759597
0.754045
0.746081
0.736451
0.72626
0.716749
0.709141
0.704607
0.704046
0.707801
0.71533
0.725195
0.735448
0.744287
0.750438
0.753531
0.75429
0.754362
0.755718
0.760012
0.767942
0.778997
0.791752
0.80442
0.815425
0.823904
0.829722
0.833295
0.835155
0.83571
0.83521
0.833915
0.831973
0.829362
0.826005
0.822016
0.817925
0.814644
0.812957
0.813132
0.814679
0.81654
0.817335
0.815383
0.808955
0.796687
0.778064
0.75383
0.726016
0.697656
0.672395
0.654119
0.646269
0.650944
0.668061
0.695313
0.728884
0.764389
0.797747
0.825758
0.846227
0.858009
0.860877
0.855452
0.843081
0.825643
0.80527
0.784226
0.764776
0.749039
0.738763
0.734901
0.737321
0.744955
0.756225
0.769527
0.783567
0.797443
0.810389
0.821517
0.829578
0.833195
0.831351
0.823683
0.810667
0.793386
0.773297
0.751909
0.730792
0.711653
0.696542
0.687629
0.686602
0.694084
0.709241
0.730084
0.753895
0.777808
0.799174
0.8161
0.827643
0.8339
0.835894
0.835108
0.832903
0.830097
0.826897
0.823105
0.818416
0.812719
0.806233
0.799391
0.792395
0.785085
0.777218
0.769064
0.761331
0.754677
0.749305
0.744998
0.741961
0.741446
0.745201
0.753625
0.764798
0.775814
0.784653
0.790719
0.794327
0.796104
0.796429
0.795307
0.792443
0.787422
0.779994
0.770253
0.758852
0.747122
0.737122
0.731221
0.730783
0.73484
0.740215
0.74327
0.742136
0.737983
0.735124
0.738954
0.752385
0.773561
0.797737
0.820362
0.838521
0.850771
0.856671
0.856564
0.851508
0.843043
0.832824
0.822191
0.811938
0.802384
0.793523
0.785518
0.778864
0.77408
0.77147
0.77103
0.772637
0.776389
0.782735
0.791941
0.80378
0.817135
0.82997
0.839887
0.84482
0.843694
0.836575
0.824582
0.809409
0.792646
0.77535
0.757911
0.740318
0.722578
0.705003
0.688426
0.674269
0.664323
0.660454
0.6642
0.676255
0.69622
0.722668
0.753212
0.784897
0.814509
0.839063
0.856257
0.864821
0.864655
0.856778
0.842937
0.825243
0.8058
0.786441
0.768526
0.753092
0.740864
0.732196
0.727037
0.72479
0.72447
0.724995
0.725659
0.726418
0.727713
0.730254
0.734719
0.741637
0.751261
0.763603
0.778399
0.794924
0.81191
0.827619
0.840181
0.847973
0.850016
0.846137
0.836922
0.823524
0.807714
0.79193
0.779081
0.771908
0.771876
0.77861
0.790183
0.80415
0.818195
0.830412
0.839295
0.843649
0.842585
0.835681
0.823199
0.80615
0.78613
0.76491
0.744215
0.725535
0.710148
0.699016
0.69268
0.691136
0.693966
0.700459
0.709778
0.721019
0.733174
0.7452
0.756251
0.765913
0.774295
0.781825
0.788938
0.796028
0.803207
0.810299
0.816724
0.821571
0.823821
0.822684
0.81807
0.810787
0.802389
0.794686
0.789057
0.786155
0.785974
0.78788
0.790971
0.794136
0.796371
0.796994
0.795686
0.792543
0.787838
0.781751
0.774423
0.766289
0.758263
0.751298
0.745888
0.741969
0.739403
0.738448
0.739977
0.744825
0.753232
0.764569
0.77768
0.791337
0.804522
0.816378
0.826235
0.83362
0.838377
0.840666
0.840804
0.839055
0.835307
0.829236
0.82053
0.809235
0.795924
0.781725
0.767954
0.755686
0.745392
0.736768
0.728854
0.720518
0.710831
0.699424
0.686728
0.674164
0.664126
0.659626
0.66328
0.676164
0.697383
0.724535
0.754698
0.785101
0.813302
0.837295
0.855693
0.867919
0.874185
0.875323
0.87245
0.866554
0.858525
0.849088
0.8389
0.828682
0.819007
0.81036
0.802868
0.796142
0.789585
0.782763
0.775849
0.769642
0.765226
0.76331
0.763807
0.765856
0.76833
0.770316
0.771373
0.771418
0.770462
0.768594
0.765912
0.762571
0.75864
0.754033
0.748624
0.742389
0.735716
0.72957
0.725553
0.725431
0.730423
0.740501
0.754245
0.769394
0.783735
0.79565
0.804257
0.809241
0.810523
0.80818
0.802543
0.794385
0.784956
0.775892
0.768879
0.765
0.76438
0.766106
0.768636
0.770539
0.771065
0.770388
0.769284
0.768638
0.769127
0.771089
0.774433
0.778754
0.783285
0.786892
0.788285
0.786332
0.780373
0.770493
0.75775
0.744036
0.732015
0.724484
0.723476
0.729475
0.741286
0.756737
0.773702
0.790747
0.806968
0.821568
0.833483
0.841593
0.844965
0.843238
0.836737
0.82639
0.813877
0.801569
0.791834
0.78619
0.784704
0.786141
0.788753
0.790979
0.791653
0.789985
0.785498
0.778094
0.768249
0.757214
0.747072
0.74014
0.737835
0.740203
0.74612
0.754168
0.762968
0.771263
0.77783
0.781608
0.781984
0.779099
0.773893
0.767923
0.762938
0.760265
0.760252
0.762138
0.764445
0.765735
0.765158
0.762809
0.759703
0.757396
0.757464
0.760843
0.767688
0.777254
0.788191
0.798858
0.807632
0.813414
0.815872
0.815531
0.81348
0.810908
0.808718
0.807112
0.805597
0.803315
0.799448
0.793636
0.786288
0.778385
0.771154
0.765394
0.761099
0.757386
0.752951
0.746686
0.73819
0.727899
0.716981
0.70693
0.699414
0.696055
0.698101
0.706155
0.719864
0.738057
0.759016
0.780825
0.801477
0.818916
0.831359
0.837742
0.837914
0.832773
0.824094
0.81412
0.805071
0.79857
0.795298
0.79511
0.797278
0.80093
0.805285
0.809829
0.814357
0.818705
0.822627
0.825575
0.826616
0.824759
0.819374
0.810396
0.798171
0.783352
0.766683
0.748979
0.731255
0.714735
0.700833
0.690852
0.685696
0.685677
0.690411
0.699074
0.71055
0.723768
0.737856
0.752156
0.766268
0.780042
0.793559
0.806861
0.819853
0.832062
0.842639
0.850383
0.854001
0.852415
0.845045
0.832029
0.8142
0.792912
0.769907
0.747109
0.726508
0.709962
0.699081
0.69488
0.697361
0.70547
0.717352
0.730956
0.744625
0.75747
0.769371
0.780554
0.791275
0.801346
0.810079
0.816496
0.819729
0.819379
0.815582
0.808856
0.800109
0.790602
0.781948
0.775831
0.773138
0.773612
0.776233
0.779996
0.784409
0.789477
0.795347
0.801945
0.808886
0.815514
0.82112
0.825138
0.827151
0.82675
0.823397
0.816525
0.805704
0.790873
0.772609
0.752277
0.731849
0.713718
0.700304
0.693521
0.694211
0.70166
0.713818
0.728082
0.742221
0.75489
0.765542
0.774024
0.780165
0.783614
0.784018
0.781272
0.775714
0.768394
0.760983
0.755636
0.754513
0.759107
0.769554
0.78439
0.801037
0.816636
0.828843
0.836051
0.837446
0.832878
0.822831
0.808582
0.792133
0.775971
0.762727
0.754309
0.751324
0.752911
0.757395
0.763231
0.769438
0.775464
0.780832
0.784955
0.787305
0.787845
0.787227
0.786584
0.786862
0.788144
0.789629
0.790224
0.789552
0.788212
0.787117
0.786534
0.785784
0.783746
0.779753
0.774015
0.767473
0.761436
0.757115
0.755307
0.756077
0.758798
0.762511
0.766563
0.770964
0.776184
0.782701
0.790278
0.797845
0.803866
0.807214
0.807934
0.807273
0.806873
0.80806
0.811301
0.816121
0.82142
0.825903
0.828361
0.827957
0.824488
0.818351
0.810402
0.801669
0.793072
0.785169
0.777977
0.771262
0.764845
0.758883
0.753851
0.750343
0.748789
0.749242
0.751519
0.755386
0.760659
0.767174
0.774653
0.782616
0.790316
0.796903
0.801379
0.802712
0.799924
0.792448
0.780499
0.765274
0.748907
0.734203
0.723761
0.719245
0.72078
0.726937
0.735246
0.743085
0.748532
0.750875
0.750591
0.748945
0.747296
0.746606
0.747209
0.748946
0.751383
0.754133
0.756963
0.759726
0.762121
0.763685
0.76406
0.763445
0.762667
0.763054
0.765917
0.772146
0.781785
0.79389
0.806935
0.819291
0.829786
0.837843
0.843559
0.847359
0.849434
0.849354
0.846078
0.838454
0.825733
0.80804
0.786408
0.76271
0.739318
0.718817
0.703511
0.695036
0.693989
0.699924
0.711877
0.728824
0.749838
0.773947
0.799762
0.825422
0.848752
0.867674
0.880585
0.886512
0.885108
0.876632
0.862061
0.842976
0.821344
0.799381
0.779366
0.76354
0.753786
0.751007
0.754655
0.762774
0.772819
0.782511
0.790254
0.795027
0.796162
0.793343
0.786838
0.777881
0.768667
0.761791
0.759458
0.762812
0.7716
0.784354
0.798814
0.812383
0.822698
0.827906
0.827118
0.820424
0.80881
0.793988
0.777938
0.762564
0.749411
0.739498
0.733381
0.731282
0.733079
0.738139
0.745331
0.753245
0.760608
0.766574
0.770789
0.77315
0.773497
0.771428
0.766389
0.757945
0.746084
0.731421
0.715438
0.700297
0.688396
0.681822
0.681831
0.688586
0.701118
0.717652
0.735999
0.754115
0.770478
0.784207
0.795023
0.803131
0.808961
0.813025
0.815794
0.817834
0.819912
0.822894
0.827481
0.833794
0.841116
0.848206
0.85355
0.855819
0.854043
0.84778
0.837238
0.823238
0.807138
0.790649
0.77536
0.762503
0.752847
0.746688
0.743953
0.74431
0.747193
0.751825
0.757329
0.762672
0.766681
0.768328
0.767051
0.76296
0.75703
0.750892
0.746557
0.745898
0.749899
0.758076
0.768541
0.778773
0.78666
0.791219
0.792622
0.791798
0.789899
0.787984
0.786988
0.787762
0.79092
0.796767
0.805094
0.815083
0.825482
0.834757
0.841206
0.843218
0.839518
0.829406
0.813158
0.792225
0.769301
0.747847
0.731319
0.722004
0.720181
0.724115
0.730975
0.73813
0.744205
0.749318
0.754347
0.759968
0.765916
0.77104
0.774087
0.774412
0.772168
0.768268
0.76393
0.760331
0.75824
0.758036
0.759721
0.763192
0.768318
0.774905
0.782442
0.790071
0.796745
0.801594
0.804152
0.804499
0.803292
0.80136
0.799481
0.79799
0.796794
0.79551
0.793784
0.791566
0.789047
0.786502
0.784072
0.781656
0.778852
0.775305
0.770896
0.76572
0.760006
0.753962
0.747537
0.740606
0.73332
0.72655
0.721993
0.721726
0.727463
0.739741
0.757463
0.778147
0.798646
0.816064
0.828447
0.83503
0.835932
0.831745
0.823191
0.811064
0.796397
0.780559
0.76522
0.752088
0.742422
0.736715
0.734678
0.735387
0.737847
0.741292
0.745363
0.750083
0.7557
0.762326
0.769574
0.776595
0.782175
0.785072
0.784549
0.780545
0.773777
0.765571
0.757653
0.751759
0.749185
0.750512
0.7555
0.763253
0.772695
0.783055
0.793929
0.805284
0.817149
0.829302
0.84089
0.850495
0.856532
0.857695
0.853528
0.844682
0.83276
0.819929
0.80836
0.799641
0.794585
0.793241
0.795094
0.799231
0.804281
0.808654
0.810806
0.809693
0.805028
0.797164
0.786879
0.775132
0.763009
0.75165
0.742077
0.735032
0.730798
0.729097
0.729293
0.730473
0.731693
0.73213
0.731361
0.729493
0.727106
0.725078
0.724201
0.724962
0.72739
0.731192
0.736033
0.74165
0.747789
0.754043
0.75974
0.763903
0.765459
0.763628
0.758415
0.750898
0.743151
0.737606
0.73611
0.739066
0.745302
0.752662
0.759185
0.763729
0.766099
0.766777
0.766343
0.765057
0.76292
0.759863
0.756209
0.752864
0.751168
0.7525
0.757638
0.766373
0.777627
0.790118
0.80302
0.816083
0.829329
0.842571
0.854846
0.864497
0.869521
0.868107
0.859403
0.843857
0.823122
0.79967
0.77612
0.754752
0.737208
0.724503
0.717167
0.715331
0.718868
0.727174
0.739262
0.75407
0.770762
0.788535
0.80602
0.820845
0.830242
0.832058
0.825635
0.811913
0.793077
0.771948
0.75144
0.734087
0.721843
0.715974
0.717026
0.724818
0.738477
0.756535
0.77706
0.797843
0.816725
0.83189
0.842101
0.846893
0.846301
0.840732
0.830873
0.817627
0.80214
0.785883
0.770553
