1.18846
1.17853
1.17173
1.16907
1.17112
1.17776
1.18801
1.20012
1.21209
1.22223
1.22948
1.23349
1.23463
1.23354
1.23072
1.22622
1.21961
1.21012
1.19718
1.18077
1.16167
1.14157
1.1225
1.1063
1.09412
1.08582
1.08017
1.07547
1.07043
1.06471
1.05903
1.05539
1.05716
1.06836
1.09121
1.12366
1.16002
1.19409
1.22205
1.24271
1.2565
1.26417
1.26602
1.26191
1.25146
1.23462
1.21217
1.18608
1.15922
1.13493
1.11623
1.10503
1.1016
1.10488
1.11303
1.12403
1.13617
1.14824
1.15945
1.1692
1.1767
1.18081
1.18
1.17301
1.15983
1.14239
1.12462
1.11093
1.10446
1.10567
1.11264
1.12271
1.13411
1.14648
1.16051
1.17699
1.19598
1.21666
1.23722
1.25538
1.26894
1.27625
1.27633
1.2687
1.25361
1.23205
1.20578
1.17712
1.14873
1.12346
1.10424
1.09368
1.09337
1.10347
1.12301
1.15015
1.18249
1.2168
1.24909
1.27509
1.29106
1.2944
1.28408
1.2609
1.22727
1.18694
1.14439
1.10436
1.07117
1.04849
1.03872
1.04237
1.05755
1.08032
1.10598
1.1305
1.15139
1.16739
1.17777
1.18222
1.18083
1.17425
1.16409
1.15257
1.14246
1.13639
1.13631
1.14325
1.15682
1.17532
1.19626
1.21669
1.23394
1.24585
1.25094
1.24849
1.23855
1.2222
1.2017
1.18056
1.16289
1.15227
1.15041
1.15628
1.16651
1.17667
1.18316
1.18447
1.18129
1.1756
1.16888
1.16134
1.15241
1.14227
1.13262
1.12617
1.12531
1.13102
1.14258
1.15806
1.17483
1.19009
1.2014
1.20713
1.20662
1.2003
1.18944
1.17575
1.16109
1.14757
1.13802
1.13628
1.14568
1.16628
1.1933
1.21909
1.23685
1.24308
1.23786
1.22335
1.20247
1.17798
1.15231
1.12788
1.10744
1.0943
1.09198
1.10327
1.12866
1.16542
1.20778
1.2488
1.28237
1.30469
1.31447
1.31207
1.29824
1.2737
1.23929
1.19679
1.14949
1.1021
1.05994
1.02794
1.00955
1.00612
1.01686
1.03947
1.07067
1.10662
1.14316
1.17642
1.20345
1.22269
1.23392
1.2381
1.23675
1.23133
1.22268
1.21095
1.19585
1.17739
1.15638
1.13479
1.11549
1.10192
1.09703
1.10225
1.11677
1.13786
1.16196
1.18603
1.20837
1.22847
1.24643
1.2618
1.27297
1.27743
1.2733
1.26072
1.24239
1.22294
1.20742
1.1993
1.19944
1.20613
1.21639
1.22703
1.235
1.23729
1.23102
1.21422
1.18685
1.15153
1.11322
1.07789
1.05068
1.03464
1.03056
1.03765
1.05407
1.07729
1.10445
1.13278
1.16005
1.18478
1.20606
1.22327
1.23559
1.24177
1.2407
1.23202
1.21718
1.1993
1.18131
1.16415
1.14652
1.12657
1.10342
1.07759
1.0508
1.02547
1.00446
0.990482
0.985652
0.991133
1.00706
1.03303
1.06821
1.11112
1.15914
1.20856
1.25476
1.29319
1.32041
1.33459
1.33584
1.32577
1.30707
1.28306
1.25727
1.23287
1.21232
1.19681
1.1859
1.17775
1.17014
1.16185
1.15326
1.14603
1.14242
1.14424
1.15209
1.16492
1.17993
1.19324
1.20089
1.2001
1.19003
1.17225
1.15032
1.12897
1.11251
1.1037
1.10334
1.11063
1.1237
1.14028
1.15777
1.17359
1.18547
1.19181
1.19192
1.18603
1.1752
1.1611
1.14571
1.13081
1.11805
1.10881
1.10429
1.10531
1.11205
1.12378
1.13917
1.15668
1.17479
1.19188
1.20616
1.21606
1.22059
1.21951
1.21343
1.20361
1.19156
1.17865
1.16592
1.15411
1.14386
1.13579
1.13051
1.12807
1.12773
1.12817
1.128
1.12619
1.12275
1.11856
1.11519
1.11407
1.11591
1.12068
1.12825
1.13883
1.15281
1.17022
1.19013
1.21074
1.22988
1.24576
1.25744
1.26498
1.26905
1.27026
1.26895
1.26515
1.25884
1.25024
1.23977
1.22809
1.21616
1.20516
1.19628
1.19005
1.18622
1.18363
1.18053
1.17509
1.16567
1.15129
1.13222
1.11043
1.08926
1.07228
1.06172
1.05771
1.05884
1.06334
1.07068
1.08166
1.09707
1.116
1.13553
1.15171
1.1612
1.1622
1.15467
1.13997
1.12069
1.10044
1.08388
1.07643
1.08285
1.105
1.14027
1.18213
1.22254
1.25443
1.27294
1.27589
1.26392
1.24068
1.21218
1.18553
1.16637
1.15731
1.15787
1.16575
1.17796
1.19153
1.20381
1.21299
1.21844
1.22061
1.22054
1.21923
1.21709
1.21404
1.2098
1.20402
1.19651
1.18748
1.17784
1.16909
1.16284
1.16012
1.16095
1.16434
1.16864
1.17207
1.1732
1.17154
1.16785
1.16391
1.16187
1.16335
1.16896
1.17809
1.1894
1.20132
1.21242
1.22119
1.22625
1.22644
1.22106
1.21012
1.19461
1.17634
1.15759
1.14072
1.12783
1.1202
1.11809
1.12037
1.1247
1.12815
1.12807
1.12264
1.11147
1.0957
1.07775
1.06079
1.04794
1.0415
1.04273
1.0519
1.06853
1.09155
1.11919
1.14908
1.17893
1.20706
1.23275
1.25604
1.27705
1.29528
1.30955
1.3184
1.32085
1.31691
1.30757
1.29444
1.27913
1.26267
1.24526
1.22667
1.20658
1.18485
1.16177
1.13807
1.11507
1.09466
1.07895
1.06987
1.06886
1.07634
1.09152
1.11196
1.1339
1.15314
1.16606
1.17069
1.16723
1.15795
1.14672
1.13744
1.13243
1.13189
1.13483
1.14015
1.1471
1.15511
1.16347
1.17119
1.17706
1.17974
1.17823
1.17232
1.16314
1.15338
1.14661
1.14591
1.15223
1.16431
1.17959
1.19537
1.20941
1.21985
1.2253
1.2254
1.22109
1.21452
1.20794
1.20244
1.19744
1.19117
1.18185
1.16884
1.15311
1.13675
1.12259
1.11335
1.11095
1.11592
1.12719
1.14241
1.15888
1.1743
1.1873
1.19751
1.2048
1.20917
1.21076
1.21007
1.20817
1.20657
1.20694
1.21045
1.21751
1.22766
1.23956
1.25133
1.26088
1.26639
1.26678
1.26217
1.25404
1.24438
1.23448
1.224
1.21131
1.19471
1.17385
1.15024
1.12697
1.10754
1.09444
1.08821
1.08731
1.08912
1.09121
1.09245
1.09338
1.09585
1.1016
1.11129
1.12385
1.13714
1.14915
1.15878
1.16592
1.17102
1.17445
1.17623
1.17593
1.17319
1.16782
1.15998
1.14986
1.13781
1.12426
1.10974
1.09504
1.08109
1.06917
1.06074
1.05744
1.06068
1.07133
1.08937
1.11377
1.14244
1.17275
1.20209
1.22822
1.24953
1.26545
1.27655
1.28428
1.29025
1.29564
1.30067
1.30458
1.30608
1.30369
1.29628
1.28339
1.26522
1.24265
1.21716
1.19068
1.16508
1.14183
1.12172
1.10498
1.09161
1.08132
1.07387
1.06897
1.06653
1.06702
1.07149
1.08104
1.09562
1.11316
1.13008
1.14298
1.15013
1.15181
1.14958
1.14532
1.14088
1.13802
1.1386
1.14417
1.15552
1.17229
1.19287
1.21446
1.23362
1.24714
1.25277
1.24984
1.23939
1.2238
1.20594
1.18824
1.1721
1.15789
1.1454
1.13431
1.12466
1.11691
1.11198
1.11093
1.1147
1.12348
1.13611
1.15003
1.16197
1.16872
1.16803
1.15934
1.14419
1.12621
1.11009
1.09993
1.09784
1.10365
1.11577
1.13234
1.15178
1.17284
1.1943
1.21497
1.23379
1.25006
1.26333
1.27306
1.27823
1.27749
1.2698
1.25496
1.2338
1.20822
1.18115
1.15626
1.13763
1.12884
1.13174
1.14559
1.16743
1.19308
1.21815
1.23864
1.25106
1.2527
1.24192
1.21886
1.18634
1.15013
1.11768
1.0953
1.08562
1.08725
1.09702
1.11182
1.1293
1.14766
1.16526
1.18045
1.19157
1.19731
1.19692
1.19056
1.17923
1.16488
1.15
1.13698
1.12781
1.12378
1.12546
1.13262
1.14426
1.15861
1.17342
1.18609
1.19394
1.19427
1.18473
1.16381
1.13198
1.09264
1.05238
1.01982
1.00256
1.00406
1.02266
1.05321
1.08924
1.12488
1.15581
1.17956
1.19536
1.20373
1.20589
1.20327
1.19739
1.18978
1.18193
1.17548
1.1721
1.17337
1.18054
1.19418
1.21376
1.23749
1.26248
1.28517
1.30225
1.31151
1.31225
1.3053
1.29262
1.27635
1.25821
1.2389
1.21845
1.19639
1.1725
1.14729
1.12223
1.09955
1.0818
1.07132
1.06979
1.07795
1.09533
1.11987
1.14809
1.17581
1.19911
1.21523
1.22269
1.22109
1.21105
1.19415
1.1728
1.14993
1.12863
1.11186
1.1022
1.10097
1.10792
1.12118
1.13814
1.15607
1.17271
1.1864
1.1962
1.20185
1.20359
1.20218
1.19848
1.19339
1.18742
1.18067
1.17291
1.16373
1.15289
1.14051
1.12722
1.11401
1.10191
1.09173
1.08388
1.07841
1.07524
1.07427
1.07555
1.07926
1.08571
1.09534
1.1085
1.12516
1.14469
1.16569
1.18612
1.20378
1.21668
1.22354
1.22377
1.2175
1.20589
1.19119
1.17656
1.16478
1.15755
1.15551
1.1585
1.16587
1.17681
1.19053
1.20615
1.22259
1.23832
1.25124
1.25902
1.25948
1.25137
1.23483
1.21187
1.18608
1.16183
1.14304
1.13178
1.1278
1.12907
1.13305
1.13775
1.14215
1.14601
1.14952
1.15315
1.15738
1.16257
1.16847
1.17439
1.17955
1.18337
1.18577
1.18715
1.18828
1.18975
1.19159
1.19279
1.19138
1.18502
1.17195
1.1518
1.12603
1.09771
1.07049
1.04747
1.03069
1.0213
1.02005
1.0276
1.04412
1.06872
1.09944
1.13341
1.16738
1.19843
1.22446
1.24437
1.25809
1.2664
1.27056
1.27169
1.27017
1.26556
1.25697
1.24375
1.22611
1.20534
1.18379
1.16423
1.14899
1.13919
1.1345
1.13344
1.13412
1.13498
1.13511
1.13419
1.13256
1.13083
1.12983
1.13055
1.134
1.14109
1.15245
1.16819
1.18746
1.20831
1.22786
1.243
1.25116
1.25085
1.242
1.22565
1.2038
1.17896
1.15369
1.13034
1.11087
1.09686
1.08947
1.08919
1.09552
1.10692
1.12123
1.13628
1.15042
1.16263
1.17254
1.18008
1.18534
1.18861
1.19024
1.1903
1.18865
1.18521
1.1802
1.17407
1.16736
1.16035
1.15292
1.14467
1.13537
1.12537
1.11579
1.10828
1.10447
1.10541
1.11127
1.12144
1.13474
1.15002
1.16612
1.18195
1.1963
1.20795
1.21603
1.22021
1.22066
1.21796
1.21267
1.20507
1.19542
1.18411
1.17187
1.15954
1.14791
1.13751
1.12863
1.12167
1.11719
1.11589
1.11812
1.12366
1.13141
1.13977
1.14718
1.15277
1.15641
1.15852
1.15983
1.16096
1.16215
1.16325
1.16388
1.16369
1.16234
1.15955
1.15513
1.14887
1.14064
1.13052
1.11913
1.10788
1.09906
1.09545
1.09951
1.11271
1.13484
1.16384
1.19611
1.22728
1.25343
1.27174
1.28107
1.28168
1.275
1.26297
1.2475
1.23019
1.21243
1.19569
1.18139
1.17069
1.16409
1.1613
1.16146
1.16376
1.16798
1.17442
1.18333
1.19415
1.20513
1.21383
1.21818
1.21716
1.21139
1.20257
1.19282
1.18383
1.17639
1.17021
1.16442
1.15841
1.15238
1.14739
1.14489
1.14601
1.15074
1.15778
1.16498
1.17012
1.17193
1.17051
1.16688
1.16188
1.15576
1.14845
1.14024
1.13204
1.12507
1.1203
1.11804
1.11773
1.11833
1.11895
1.11948
1.12063
1.12329
1.12759
1.1325
1.13615
1.13688
1.13397
1.12791
1.12026
1.1132
1.10904
1.10954
1.11546
1.12629
1.14088
1.15756
1.17438
1.18919
1.19984
1.20473
1.20343
1.19691
1.18736
1.1776
1.17016
1.16659
1.16702
1.17053
1.17599
1.18281
1.19093
1.20035
1.21057
1.22055
1.22917
1.23561
1.23948
1.24076
1.23963
1.23647
1.23161
1.22558
1.21888
1.21207
1.20566
1.20004
1.19513
1.19041
1.18544
1.18022
1.1755
1.17227
1.1711
1.17138
1.17135
1.16914
1.16413
1.15723
1.1503
1.14485
1.1413
1.13896
1.13666
1.13327
1.12804
1.12059
1.11078
1.09895
1.08626
1.07467
1.06672
1.06479
1.07044
1.08403
1.10453
1.12969
1.15641
1.18135
1.20152
1.21499
1.22137
1.22167
1.21793
1.21247
1.20739
1.20415
1.20332
1.20435
1.20555
1.20492
1.20125
1.19479
1.18735
1.18142
1.17881
1.18002
1.1843
1.19027
1.19657
1.20202
1.20555
1.20619
1.20333
1.19689
1.18763
1.17727
1.16811
1.1625
1.16232
1.16843
1.18037
1.19614
1.21261
1.22623
1.23387
1.2336
1.22513
1.20949
1.18872
1.16527
1.14155
1.11963
1.10122
1.08737
1.0782
1.07299
1.0706
1.07018
1.07158
1.07548
1.08291
1.09434
1.10892
1.12451
1.13863
1.14961
1.15698
1.16147
1.16433
1.16675
1.16977
1.17407
1.18014
1.18807
1.19735
1.20699
1.21578
1.22295
1.22835
1.23219
1.23413
1.23325
1.22838
1.21882
1.20496
1.18817
1.17039
1.15331
1.13803
1.12519
1.11522
1.10859
1.10585
1.10727
1.11256
1.12089
1.13124
1.14266
1.15452
1.16625
1.17681
1.18445
1.18705
1.18272
1.17062
1.15144
1.12772
1.10349
1.08357
1.07269
1.07378
1.08659
1.1078
1.13275
1.15725
1.17864
1.19587
1.20876
1.21738
1.22145
1.22051
1.21433
1.20331
1.18898
1.17415
1.16252
1.15761
1.16139
1.17328
1.19066
1.21012
1.2286
1.24421
1.25587
1.26305
1.26526
1.26207
1.25311
1.23868
1.21973
1.19806
1.17619
1.15671
1.14153
1.13103
1.12363
1.1164
1.10634
1.09148
1.07197
1.05012
1.02989
1.0157
1.01094
1.01701
1.03308
1.05667
1.08452
1.1133
1.1402
1.16288
1.17977
1.19018
1.19446
1.19387
1.19027
1.18552
1.18086
1.17716
1.17501
1.17475
1.17639
1.1795
1.18329
1.18687
1.18971
1.19152
1.19233
1.19211
1.19064
1.18753
1.18235
1.17465
1.16434
1.15181
1.1382
1.12534
1.11512
1.10876
1.10623
1.1066
1.10869
1.11179
1.11597
1.12172
1.12947
1.13893
1.14918
1.15894
1.16738
1.17456
1.18154
1.18997
1.20126
1.21581
1.23238
1.24843
1.26098
1.26755
1.26694
1.25933
1.24587
1.22819
1.20777
1.18575
1.16286
1.13955
1.11632
1.09403
1.07409
1.05837
1.04878
1.0466
1.05201
1.06415
1.08148
1.10237
1.12523
1.14857
1.17085
1.19053
1.20637
1.21779
1.22491
1.22839
1.22905
1.22799
1.22639
1.22547
1.22586
1.22727
1.22872
1.22891
1.22683
1.2221
1.21488
1.2057
1.19501
1.18338
1.17161
1.16091
1.15263
1.14754
1.14533
1.1445
1.1433
1.14053
1.13615
1.13118
1.12733
1.12671
1.13129
1.14228
1.15942
1.18064
1.20217
1.21971
1.22966
1.23012
1.22118
1.20471
1.18382
1.16208
1.14268
1.12766
1.11793
1.11339
1.11359
1.11797
1.12583
1.1363
1.14826
1.16094
1.17425
1.18827
1.20252
1.21544
1.22482
1.22864
1.22599
1.21745
1.2051
1.19201
1.18104
1.17398
1.1712
1.1725
1.17771
1.1866
1.19837
1.2115
1.22399
1.2341
1.24047
1.24232
1.23957
1.23309
1.22476
1.21691
1.21138
1.20849
1.2067
1.20317
1.19501
1.18027
1.15845
1.1307
1.1
1.07079
1.04803
1.03573
1.03551
1.04646
1.06567
1.08928
1.11304
1.13298
1.14602
1.15064
1.14742
1.13917
1.12978
1.1231
1.12157
1.12557
1.13383
1.14422
1.15459
1.1634
1.16992
1.17415
1.17662
1.17837
1.18054
1.18415
1.18995
1.19855
1.2107
1.22719
1.24832
1.27283
1.29761
1.31859
1.33176
1.33421
1.32443
1.30249
1.27018
1.23085
1.18891
1.14919
1.11617
1.093
1.08079
1.07827
1.08237
1.08958
1.09704
1.10336
1.10869
1.11412
1.12073
1.12876
1.13753
1.1456
1.1515
1.15414
1.15317
1.1491
1.14298
1.13625
1.13045
1.12702
1.12705
1.13093
1.13823
1.14774
1.15794
1.16753
1.17597
1.18339
1.19005
1.19598
1.20075
1.20378
1.20472
1.20393
1.20245
1.20163
1.20267
1.20611
1.21188
1.21933
1.22745
1.23502
1.24094
1.24409
1.24354
1.23881
1.22991
1.21731
1.20169
1.18369
1.16391
1.14313
1.12261
1.10417
1.08968
1.0805
1.07688
1.07819
1.08357
1.09259
1.10516
1.12099
1.13888
1.15643
1.17039
1.17745
1.17525
1.16313
1.14238
1.11622
1.08923
1.06655
1.05267
1.05036
1.0597
1.07816
1.10168
1.12628
1.14918
1.16917
1.18635
1.20161
1.2161
1.23065
1.24531
1.25943
1.27206
1.2823
1.28963
1.29391
1.29525
1.29348
1.28806
1.27822
1.26363
1.2448
1.22305
1.20005
1.17727
1.1559
1.1369
1.12134
1.11047
1.10567
1.10808
1.11792
1.13393
1.15335
1.17248
1.18791
1.19753
1.20089
1.19888
1.19271
1.18338
1.17184
1.15946
1.14797
1.13888
1.13292
1.12967
1.12809
1.12713
1.12603
1.12429
1.12173
1.11846
1.11489
1.11186
1.11039
1.11154
1.11588
1.12307
1.13196
1.14093
1.1481
1.15177
1.15071
1.14453
1.13407
1.12135
1.10929
1.10081
1.09765
1.09978
1.10575
1.11332
1.1204
1.12545
1.12793
1.12861
1.12931
1.1322
1.13904
1.15061
1.1665
1.18553
1.20623
1.22749
1.24899
1.2708
1.29283
1.31411
1.33246
1.34518
1.34961
1.3439
1.3271
1.29957
1.26281
1.21938
1.17268
1.12626
1.08331
1.04632
1.01694
0.995931
0.983271
0.97828
0.980106
0.987884
1.00074
1.01761
1.03727
1.05841
1.0799
1.10104
1.12136
1.14003
1.15557
1.16617
1.17075
1.16984
1.16526
1.15927
1.15356
1.14883
1.14491
1.14133
1.13826
1.13656
1.13775
1.14333
1.15432
1.17094
1.19259
1.21796
1.24495
1.27084
1.29228
1.30589
1.30888
1.29986
1.2796
1.25145
1.22135
1.19596
1.17946
1.17144
1.16819
1.16553
1.161
1.15393
1.14475
1.13426
1.12318
1.11227
1.10256
1.0953
1.09192
1.09382
1.10189
1.11616
1.13567
1.15849
1.18231
1.20497
1.22477
1.24071
1.25233
1.25962
1.26288
1.26266
1.25932
1.25277
1.24228
1.22666
1.20498
1.1771
1.14395
1.10751
1.07071
1.03714
1.01051
0.993904
0.989217
0.997268
1.01804
1.05084
1.09406
1.14447
1.19726
1.24679
1.28784
1.3166
1.33119
1.33184
1.32088
1.30198
1.27894
1.25469
1.23067
1.2073
1.18473
1.16367
1.14581
1.13342
1.12836
1.13094
1.13966
1.15151
1.16307
1.17152
1.17511
1.17332
1.16679
1.1568
1.14486
1.1326
1.12177
1.11386
1.1097
1.10923
1.11193
1.11728
1.12521
1.1353
1.14632
1.15617
1.16255
1.16388
1.16006
1.15251
1.14363
1.13616
1.13236
1.13351
1.13942
1.14855
1.15834
1.16589
1.16895
1.16692
1.16115
1.1545
1.15031
1.15102
1.15741
1.16871
1.18327
1.19927
1.21532
1.23045
1.2439
1.25491
1.26256
1.26572
1.26344
1.25496
1.24003
1.21905
1.19324
1.16483
1.13721
1.11492
1.10281
1.104
1.11783
1.1394
1.16187
1.17969
1.19066
1.19606
1.19912
1.20263
1.20756
1.21297
1.2171
1.21809
1.21473
1.2063
1.19256
1.17376
1.15065
1.12478
1.09842
1.07432
1.05522
1.04307
1.03877
1.04212
1.05212
1.0674
1.08687
1.11001
1.13685
1.16741
1.20062
1.23388
1.26341
1.28523
1.29637
1.29539
1.28242
1.25909
1.228
1.19229
1.15533
1.12038
1.09024
1.06695
1.05184
1.04586
1.04972
1.06348
1.08606
1.11507
1.14707
1.17833
1.20565
1.22682
1.24091
1.24817
1.24975
1.24711
1.24158
1.23386
1.22407
1.21228
1.19911
1.186
1.17549
1.17053
1.17323
1.18387
1.20074
1.22104
1.24181
1.26039
1.27451
1.2825
1.28322
1.27622
1.2619
1.24133
1.21605
1.18779
1.15816
1.12846
1.09981
1.07323
1.05002
1.03185
1.0204
1.01714
1.02262
1.03637
1.05683
1.08194
1.10973
1.1385
1.16665
1.19255
1.2147
1.23197
1.24349
1.2485
1.24613
1.23597
1.21869
1.19662
1.17349
1.15335
1.13909
1.13149
1.12926
1.13017
1.13193
1.13294
1.13237
1.13
1.12623
1.12182
1.11803
1.11621
1.11727
1.12127
1.12743
1.13446
1.14103
1.14612
1.14936
1.15099
1.15191
1.15328
1.15603
1.16023
1.16491
1.16849
1.16943
1.16709
1.16217
1.15666
1.15318
1.15367
1.15816
1.1648
1.17115
1.17555
1.17787
1.17946
1.1826
1.18993
1.20353
1.22415
1.25086
1.28106
1.31144
1.33873
1.35969
1.3711
1.36988
1.35409
1.32374
1.28108
1.23037
1.17695
1.12621
1.08272
1.04953
1.02805
1.01811
1.01796
1.02482
1.03537
1.04648
1.05569
1.06157
1.06378
1.06318
1.06188
1.06289
1.06938
1.08327
1.10444
1.13079
1.15901
1.18565
1.20805
1.22491
1.23601
1.24215
1.24452
1.24434
1.24261
1.24004
1.2373
1.23509
1.234
1.23421
1.23522
1.23575
1.234
1.22838
1.21802
1.20311
1.18508
1.16619
1.1493
1.13727
1.13229
1.13531
1.14564
1.16119
1.17891
1.19535
1.20753
1.21346
1.2124
1.20498
1.19279
1.17786
1.16222
1.14728
1.13378
1.12193
1.11212
1.10527
1.10277
1.10595
1.11522
1.12937
1.14548
1.15956
1.16757
1.16663
1.15574
1.13632
1.11206
1.08812
1.0701
1.06274
1.06873
1.08822
1.11868
1.15565
1.19358
1.22693
1.25126
1.26393
1.2646
1.25512
1.2389
1.21967
1.20025
1.18192
1.16489
1.1493
1.13564
1.12473
1.11733
1.11372
1.11364
1.11662
1.12193
1.12888
1.13664
1.14438
1.15162
1.15879
1.16687
1.17622
1.18577
1.19343
1.19782
1.19911
1.19876
1.19877
1.20069
1.20512
1.21156
1.21866
1.22459
1.22746
1.22574
1.2188
1.20713
1.19229
1.17644
1.16163
1.14894
1.13837
1.12944
1.12192
1.11595
1.11171
1.10898
1.10704
1.10496
1.10202
1.09811
1.09377
1.09002
1.08798
1.08853
1.09206
1.0984
1.10698
1.11683
1.12704
1.13686
1.14604
1.15463
1.16287
1.17085
1.1783
1.18471
1.18983
1.19393
1.19795
1.20316
1.21054
1.2204
1.23224
1.24496
1.25695
1.26639
1.27144
1.27059
1.26297
1.2488
1.22933
1.20691
1.18471
1.16612
1.1539
1.1495
1.15271
1.16175
1.17359
1.18464
1.19148
1.19175
1.1846
1.17094
1.15271
1.13223
1.11156
1.09218
1.07522
1.0617
1.0529
1.05028
1.05498
1.06719
1.0857
1.10814
1.13162
1.15366
1.17274
1.18837
1.20078
1.21059
1.21829
1.22427
1.22874
1.23168
1.23301
1.23253
1.23001
1.22507
1.21736
1.20678
1.19339
1.17759
1.16003
1.14168
1.12393
1.10849
1.09718
1.09126
1.09093
1.09541
1.10332
1.11321
1.12379
1.13383
1.14238
1.14913
1.15439
1.15882
1.16306
1.16752
1.17244
1.17781
1.18363
1.18978
1.19614
1.20264
1.20939
1.21659
1.22427
1.23195
1.23861
1.24283
1.24308
1.23848
1.22882
1.21473
1.19745
1.17879
1.16105
1.14656
1.13697
1.13234
1.13107
1.13079
1.12968
1.12725
1.1242
1.12181
1.12122
1.12319
1.12793
1.13518
1.14421
1.1538
1.16231
1.16783
1.16849
1.16306
1.15147
1.1351
1.11644
1.09851
1.08398
1.07462
1.07128
1.07375
1.08111
1.09204
1.10524
1.11993
1.13614
1.15447
1.17495
1.19631
1.21585
1.2306
1.2384
1.2385
1.23187
1.22087
1.20865
1.19827
1.19198
1.19077
1.19441
1.20176
1.21111
1.22058
1.22833
1.23293
1.23346
1.22953
1.22146
1.20999
1.19603
1.18036
1.16355
1.14629
1.13006
1.11729
1.11069
1.11184
1.12015
1.13308
1.14753
1.16132
1.17368
1.18474
1.19473
1.20337
1.20991
1.21343
1.21312
1.2085
1.19961
1.18686
1.17089
1.15258
1.13304
1.11375
1.09674
1.08467
1.08033
1.08546
1.09957
1.11967
1.14141
1.16054
1.17395
1.18021
1.17935
1.17254
1.16158
1.14872
1.13611
1.12569
1.11901
1.11716
1.12065
1.12948
1.14298
1.15989
1.1784
1.19649
1.21235
1.22479
1.23352
1.23891
1.24149
1.24144
1.23842
1.23155
1.22004
1.20379
1.18395
1.16304
1.14454
1.1319
1.12762
1.13228
1.14458
1.16191
1.18113
1.19923
1.2135
1.22185
1.22292
1.21647
1.20322
1.18472
1.16282
1.13952
1.11688
1.09689
1.08147
1.07202
1.06908
1.07215
1.08022
1.09209
1.10682
1.12367
1.142
1.1608
1.17843
1.19282
1.20236
1.20695
1.20834
1.20978
1.21449
1.22379
1.23625
1.24817
1.2552
1.25381
1.24218
1.22049
1.19091
1.15733
1.12493
1.09891
1.08323
1.07938
1.0861
1.09997
1.11668
1.13245
1.14493
1.15363
1.15963
1.16515
1.17254
1.18317
1.19686
1.21221
1.22736
1.2405
1.25018
1.25546
1.2556
1.2503
1.23967
1.22447
1.20619
1.18646
1.16676
1.14795
1.1301
1.11295
1.09638
1.08091
1.06778
1.0586
1.05475
1.05685
1.06461
1.07683
1.09184
1.10775
1.12318
1.13752
1.15074
1.16304
1.17424
1.18351
1.18949
1.19089
1.18704
1.17826
1.16567
1.15122
1.13703
1.12493
1.11601
1.11046
1.1079
1.10783
1.10988
1.11424
1.12156
1.13258
1.14742
1.16515
1.18383
1.20128
1.21569
1.22602
1.23191
1.23365
1.23206
1.22871
1.22585
1.2258
1.23013
1.23878
1.24957
1.25886
1.26281
1.25829
1.2435
1.21821
1.18348
1.14177
1.09691
1.05408
1.01953
0.999248
0.997785
1.01712
1.05629
1.11152
1.17639
1.2425
1.30092
1.34381
1.36582
1.36488
1.34252
1.30402
1.25747
1.21202
1.17542
1.15202
1.14232
1.14353
1.1509
1.15916
1.16388
1.16262
1.15501
1.14217
1.12601
1.10879
1.09323
1.08235
1.0786
1.08223
1.09072
1.09999
1.10663
1.10964
1.11042
1.11195
1.11749
1.12975
1.15032
1.17917
1.21438
1.25251
1.28904
1.31926
1.33907
1.34558
1.33764
1.31594
1.28314
1.24346
1.20194
1.16325
1.1306
1.10534
1.08744
1.07649
1.07188
1.07294
1.07863
1.0875
1.09792
1.10882
1.12002
1.13214
1.14597
1.16157
1.1779
1.19302
1.20471
1.21141
1.21257
1.20866
1.20071
1.18956
1.17537
1.15773
1.13626
1.11173
1.08711
1.06757
1.05862
1.06323
1.08018
1.10518
1.13298
1.15884
1.17914
1.19162
1.19555
1.19179
1.18264
1.17151
1.16224
1.15828
1.16165
1.17229
1.18767
1.20378
1.21644
1.22264
1.22111
1.21232
1.19804
1.18068
1.16295
1.14737
1.13583
1.12908
1.12676
1.12808
1.13239
1.13978
1.15058
1.16458
1.18026
1.19481
1.20498
1.2082
1.20337
1.19114
1.17388
1.15498
1.13799
1.12562
1.1189
1.11738
1.11993
1.12564
1.13402
1.14458
1.15662
1.16917
1.18113
1.19132
1.19855
1.20174
1.20004
1.19319
1.18171
1.16683
1.15053
1.13562
1.12561
1.12384
1.13238
1.15121
1.17812
1.20952
1.24146
1.2703
1.29319
1.30808
1.31353
1.30873
1.29344
1.26806
1.2338
1.19294
1.14889
1.10578
1.06803
1.03971
1.02372
1.021
1.03026
1.04883
1.07411
1.10407
1.13669
1.16896
1.19696
1.2168
1.22574
1.22298
1.20971
1.18882
1.16446
1.14134
1.12408
1.11615
1.11911
1.13174
1.15045
1.17043
1.18704
1.19726
1.20014
1.19693
1.19022
1.18303
1.17774
1.17533
1.17538
1.17658
1.17745
1.1767
1.17367
1.16833
1.16153
1.15485
1.15018
1.14913
1.15218
1.1583
1.16547
1.17151
1.17502
1.17578
1.17473
1.17378
1.17511
1.18015
1.18911
1.20097
1.21432
1.22802
1.24152
1.25477
1.26781
1.28004
1.28947
1.29264
1.28582
1.26625
1.23334
1.1891
1.13795
1.0865
1.04248
1.01273
1.00155
1.00959
1.03408
1.06978
1.11062
1.15095
1.18655
1.215
1.23559
1.24854
1.25463
1.25469
1.24932
1.23887
1.22367
1.2042
1.1811
1.15523
1.12774
1.10002
1.07383
1.05117
1.03385
1.0234
1.02074
1.02646
1.04106
1.06496
1.09808
1.13916
1.18545
1.2328
1.2765
1.31228
1.33693
1.34874
1.34755
1.33469
1.31262
1.28458
1.25385
1.22315
1.19426
1.16819
1.14556
1.1271
1.1135
1.1051
1.10143
1.10134
1.1035
1.10703
1.11144
1.11644
1.12181
1.1275
1.13374
1.14081
1.1486
1.15656
1.16398
1.17016
1.17465
1.17743
1.17902
1.18059
1.18386
1.1903
1.20053
1.21366
1.22738
1.23862
1.24435
1.24245
1.23238
1.21546
1.19444
1.17283
1.15376
1.13909
1.12888
1.12162
1.11554
1.11066
1.10969
1.11646
1.13281
1.15677
1.18372
1.20891
1.22883
1.2416
1.24655
1.24403
1.23509
1.22108
1.20343
1.18417
1.16643
1.15391
1.14872
1.14953
1.15264
1.15481
1.15484
1.15357
1.15314
1.15629
1.16544
1.18158
1.20348
1.22795
1.2509
1.26847
1.27779
1.27755
1.26805
1.25101
1.22907
1.20499
1.18104
1.1586
1.13786
1.11824
1.09904
1.08019
1.06257
1.04787
1.03771
1.03317
1.03436
1.04053
1.05012
1.06097
1.07071
1.07771
1.08185
1.08443
1.08766
1.09361
1.10375
1.11897
1.13968
1.16548
1.19488
1.22498
1.25187
1.27154
1.28096
1.27885
1.26587
1.24439
1.21791
1.19034
1.16518
1.14522
1.13265
1.12915
1.13553
1.15148
1.17492
1.20236
1.22936
1.25173
1.2664
1.27168
1.26719
1.25374
1.23306
1.2076
1.18044
1.1551
1.13509
1.12345
1.12175
1.12975
1.14549
1.16583
1.18726
1.20657
1.22116
1.22929
1.23023
1.22429
1.21258
1.19647
1.17718
1.15548
1.13203
1.10781
1.08446
1.06416
1.04943
1.04249
1.04478
1.0566
1.07725
1.10526
1.13847
1.17441
1.21014
1.2425
1.26812
1.2839
1.28744
1.27787
1.25634
1.22619
1.19257
1.16136
1.13756
1.12365
1.11889
1.12027
1.12455
1.12997
1.13639
1.14445
1.15488
1.16817
1.18434
1.20247
1.22068
1.23652
1.24735
1.25122
1.24732
1.23604
1.21876
1.1975
1.17459
1.15217
1.13175
1.1142
1.09973
1.08848
1.08069
1.07674
1.07705
1.08223
1.093
1.11012
1.13362
1.16217
1.19294
1.22255
1.24799
1.26715
1.279
1.28337
1.28063
1.27161
1.25733
1.23907
1.2183
1.19689
1.17717
1.16189
1.15373
1.15401
1.1617
1.17327
1.18387
1.18905
1.18648
1.17631
1.16048
1.14171
1.1225
1.10476
1.08987
1.07877
1.07194
1.06924
1.06974
1.07224
1.07613
1.08164
1.08938
1.09938
1.11054
1.1213
1.1308
1.13934
1.14789
1.1575
1.16886
1.182
1.19637
1.21101
1.22473
1.23661
1.24631
1.25456
1.26293
1.27285
1.2847
1.29702
1.30681
1.31061
1.30572
1.29094
1.26694
1.2363
1.20304
1.17188
1.14725
1.13223
1.12758
1.13168
1.14106
1.15169
1.16013
1.16425
1.16335
1.15769
1.14816
1.13642
1.12536
1.11919
1.12198
1.13489
1.15478
1.17617
1.19406
1.20535
1.20903
1.20547
1.19596
1.18244
1.16707
1.15199
1.13908
1.12974
1.12495
1.12498
1.12949
1.13728
1.14619
1.15327
1.15522
1.14945
1.13509
1.11341
1.08781
1.06322
1.04485
1.03695
1.04137
1.05733
1.08193
1.11124
1.14144
1.16935
1.19261
1.20988
1.2205
1.2244
1.22212
1.2152
1.20597
1.19718
1.19095
1.18825
1.18872
1.19107
1.1935
1.19426
1.19217
1.18691
1.17904
1.16985
1.16087
1.15352
1.14883
1.14728
1.14887
1.15328
1.16004
1.16849
1.17772
1.18655
1.19375
1.19806
1.19867
1.19532
1.18847
1.17906
1.16851
1.15855
1.15107
1.14764
1.14916
1.15553
1.16552
1.1772
1.18837
1.19725
1.20293
1.2055
1.2057
1.20452
1.20295
1.20183
1.20183
1.20327
1.206
1.20943
1.21276
1.2153
1.21663
1.21648
1.21463
1.21071
1.20442
1.19547
1.18392
1.17002
1.15411
1.13663
1.11832
1.10037
1.08459
1.07317
1.06801
1.06962
1.07691
1.08746
1.09858
1.10797
1.11435
1.11779
1.11966
1.12221
1.12739
1.13609
1.14762
1.15998
1.17055
1.17698
1.17796
1.17363
1.16554
1.1562
1.14869
1.14589
1.14988
1.16129
1.17914
1.20091
1.22324
1.24262
1.25629
1.26265
1.26149
1.25362
1.24025
1.22257
1.20155
1.17804
1.15306
1.128
1.10453
1.08446
1.06961
1.06145
1.06067
1.06681
1.07861
1.09426
1.11178
1.12903
1.144
1.15503
1.16119
1.16248
1.15977
1.15468
1.14926
1.14548
1.14472
1.14778
1.15489
1.16554
1.17838
1.19117
1.20123
1.20652
1.2062
1.20084
1.19168
1.17991
1.16644
1.1522
1.13874
1.12813
1.12221
1.1217
1.12592
1.13298
1.14058
1.14692
1.15135
1.15433
1.15701
1.16048
1.16524
1.17114
1.17767
1.18382
1.18802
1.18869
1.18465
1.17563
1.16254
1.14761
1.13395
1.12481
1.12252
1.12789
1.14006
1.15747
1.17857
1.2021
1.22681
1.25097
1.27236
1.2886
1.29761
1.29809
1.28971
1.27296
1.24897
1.21923
1.18554
1.15012
1.11545
1.08387
1.05717
1.03631
1.02171
1.01404
1.01422
1.02289
1.03963
1.06256
1.08888
1.11583
1.14129
1.16397
1.1834
1.19953
1.21251
1.22244
1.22922
1.23288
1.23344
1.23116
1.22627
1.21888
1.20908
1.19715
1.18392
1.1713
1.16202
1.15874
1.16248
1.17196
1.18426
1.19622
1.2054
1.21066
1.21176
1.20907
1.20309
1.19411
1.18198
1.16638
1.14726
1.12585
1.10568
1.09273
1.09315
1.10853
1.13434
1.16375
1.19171
1.21587
1.23524
1.24927
1.2576
1.26028
1.25781
1.25099
1.2405
1.22696
1.21104
1.19346
1.17518
1.15747
1.14178
1.12967
1.1225
1.12118
1.12584
1.13551
1.1483
1.16179
1.17365
1.18168
1.18415
1.18028
1.17089
1.15865
1.14755
1.14174
1.14366
1.15306
1.16724
1.18257
1.19578
1.20468
1.20794
1.2047
1.1945
1.17746
1.15455
1.12797
1.1014
1.0799
1.06844
1.0695
1.08165
1.10067
1.12193
1.14186
1.15799
1.16888
1.17421
1.17522
1.17398
1.17245
1.17141
1.17083
1.17116
1.17431
1.18299
1.19862
1.21963
1.24166
1.25953
1.26915
1.26865
1.25883
1.24245
1.22312
1.20418
1.18791
1.17547
1.16709
1.16263
1.16187
1.16461
1.17033
1.17809
1.18645
1.19387
1.19892
1.20063
1.19871
1.19362
1.18644
1.17857
1.17137
1.16555
1.16106
1.15722
1.15337
1.14933
1.14549
1.14269
1.14166
1.14279
1.1458
1.14991
1.15388
1.15627
1.15573
1.15114
1.14208
1.12911
1.11406
1.09977
1.08946
1.08597
1.0909
1.1042
1.12436
1.14895
1.17534
1.2012
1.22495
1.24554
1.26215
1.2737
1.27901
1.27718
1.2681
1.25238
1.23115
1.20605
1.17947
1.15469
1.13546
1.1246
1.12285
1.12846
1.13814
1.1481
1.15535
1.15833
1.15706
1.15269
1.14713
1.14224
1.13925
1.13884
1.14123
1.14629
1.15348
1.16196
1.17074
1.17873
1.18506
1.18931
1.1916
1.19256
1.19314
1.19423
1.19625
1.19908
1.20213
1.20459
1.20551
1.20385
1.1986
1.18907
1.1754
1.15897
1.14242
1.1293
1.12305
1.12579
1.13752
1.15627
1.17871
1.20106
1.22002
1.23321
1.2391
1.23703
1.22704
1.20977
1.18639
1.1586
1.12861
1.09913
1.0733
1.05392
1.043
1.0411
1.04738
1.06003
1.07691
1.0963
1.11719
1.13921
1.1624
1.18663
1.21139
1.23539
1.25659
1.27266
1.2816
1.28237
1.27515
1.26134
1.24283
1.22133
1.19802
1.17359
1.14839
1.12267
1.09732
1.07444
1.05749
1.04981
1.05235
1.06255
1.07581
1.08819
1.09832
1.10723
1.11696
1.12914
1.14408
1.16079
1.17747
1.19223
1.20374
1.21162
1.21637
1.21937
1.2222
1.22628
1.23237
1.24032
1.249
1.25667
1.26107
1.25978
1.25064
1.23218
1.20415
1.16798
1.12711
1.08701
1.05427
1.03501
1.03232
1.04469
1.06648
1.09069
1.11155
1.12598
1.13354
1.13557
1.13417
1.13154
1.1299
1.13126
1.13732
1.14908
1.16659
1.18878
1.21337
1.2373
1.25713
1.26985
1.27323
1.26626
1.24957
1.22521
1.19636
1.16663
1.13892
1.11513
1.09621
1.08264
1.07452
1.07147
1.07266
1.07704
1.08375
1.09226
1.10238
1.11399
1.12681
1.14018
1.15319
1.16509
1.17581
1.18585
1.19605
1.20676
1.21753
1.22715
1.23434
1.23821
1.23846
1.23521
1.22878
1.21925
1.20674
1.19155
1.17458
1.15756
1.14307
1.13416
1.13328
1.14137
1.15704
1.17688
1.19654
1.21202
1.22046
1.22047
1.2119
1.19583
1.1741
1.1491
1.12352
1.10014
1.08194
1.07179
1.07171
1.08165
1.09933
1.12103
1.14304
1.1628
1.1792
1.19252
1.20405
1.21539
1.22771
1.24147
1.25616
1.27039
1.28221
1.28936
1.29001
1.28332
1.26986
1.2514
1.23006
1.20767
1.18515
1.16261
1.13992
1.1175
1.09683
1.08049
1.07163
1.07244
1.08297
1.10075
1.12162
1.14152
1.15763
1.1684
1.17315
1.1716
1.16371
1.14995
1.13168
1.11124
1.0914
1.07472
1.06293
1.05691
1.0569
1.06272
1.07391
1.08977
1.10932
1.13105
1.15312
1.17363
1.19131
1.20574
1.21745
1.22712
1.23502
1.24063
1.24269
1.23994
1.232
1.21964
1.2046
1.18928
1.17603
1.16692
1.16336
1.16575
1.1735
1.18518
1.19898
1.21302
1.22581
1.23629
1.24376
1.24771
1.24748
1.24237
1.23203
1.21691
1.19849
1.17872
1.1595
1.14221
1.12764
1.1163
1.10864
1.10484
1.10462
1.10699
1.11035
1.11293
1.11344
1.11153
1.10788
1.1039
1.10128
1.10116
1.10421
1.11051
1.12007
1.13278
1.1482
1.16536
1.18274
1.1986
1.21143
1.22047
1.22587
1.2286
1.23009
1.23178
1.23463
1.23881
1.24342
1.2468
1.24683
1.24131
1.22859
1.20779
1.17906
1.14378
1.10468
1.06582
1.0322
1.00847
0.997566
0.999847
1.01338
1.03525
1.0627
1.09341
1.12547
1.1571
1.18666
1.2129
1.23487
1.25181
1.26322
1.26866
1.26798
1.26171
1.25132
1.23932
1.22902
1.22336
1.2235
1.22783
1.23257
1.23335
1.22683
1.21159
1.18824
1.15892
1.12667
1.09484
1.06664
1.04467
1.03092
1.02647
1.03125
1.04394
1.06232
1.08363
1.10514
1.12457
1.14053
1.1527
1.1619
1.16944
1.17632
1.1825
1.18701
1.18834
1.18539
1.17778
1.16642
1.15361
1.14244
1.1361
1.13698
1.14584
1.16153
1.18117
1.20116
1.21831
1.23067
1.23775
1.24048
1.24042
1.23915
1.23768
1.23641
1.23505
1.23301
1.22954
1.224
1.2158
1.20445
1.18996
1.17304
1.15512
1.13833
1.12473
1.11574
1.11175
1.11234
1.1167
1.12407
1.13394
1.14581
1.15893
1.17218
1.18422
1.19399
1.20098
1.20524
1.20708
1.2065
1.2031
1.19636
1.18618
1.17356
1.16058
1.1496
1.14182
1.13686
1.13351
1.13074
1.12806
1.12513
1.12138
1.11619
1.10946
1.10174
1.09399
1.08706
1.08099
1.07538
1.0698
1.06443
1.06019
1.05841
1.0605
1.06737
1.07929
1.09599
1.11674
1.14054
1.16604
1.19169
1.21578
1.23676
1.25377
1.26643
1.27509
1.28006
1.28145
1.27932
1.27416
1.26668
1.25756
1.24725
1.23578
1.22272
1.20745
1.1898
1.17085
1.15306
1.13952
1.13253
1.13256
1.1381
1.14653
1.15514
1.16191
1.16584
1.16653
1.16403
1.15899
1.1527
1.14685
1.14331
1.14353
1.14833
1.15785
1.17148
1.18787
1.2051
1.22124
1.23466
1.2443
1.24965
1.2505
1.24659
1.23758
1.22316
1.2036
1.1803
1.15563
1.13252
1.11344
1.0995
1.09054
1.08579
1.08495
1.08847
1.09722
1.1117
1.13113
1.15332
1.17519
1.19373
1.20683
1.21346
1.21357
1.20811
1.19912
1.18952
1.18267
1.18115
1.18582
1.19552
1.20766
1.21901
1.22645
1.22707
1.21865
1.20013
1.17212
1.137
1.09885
1.06263
1.03329
1.01475
1.00931
1.01724
1.0373
1.06735
1.105
1.14743
1.19136
1.23306
1.26867
1.29494
1.30973
1.31206
1.30235
1.28237
1.2549
1.22356
1.19201
1.1631
1.13838
1.11828
1.10272
1.09171
1.08554
1.08483
1.09022
1.10183
1.11865
1.13842
1.15796
1.17412
1.18463
1.1888
1.18758
1.18312
1.17776
1.17278
1.16806
1.16279
1.15638
1.14942
1.14346
1.14024
1.14087
1.1453
1.15227
1.15979
1.16546
1.167
1.16281
1.15258
1.13775
1.12135
1.10737
1.09946
1.09942
1.10632
1.11734
1.12928
1.1398
1.14779
1.1532
1.15674
1.15944
1.16204
1.16469
1.16692
1.16812
1.16801
1.16707
1.16639
1.16749
1.17178
1.17985
1.1917
1.20681
1.22432
1.24279
1.25994
1.27265
1.27772
1.27289
1.25757
1.23308
1.20204
1.16765
1.1333
1.10236
1.07791
1.06214
1.05614
1.06003
1.07361
1.09626
1.12673
1.1625
1.20014
1.23592
1.26649
1.28947
1.30381
1.30966
1.3081
1.30076
1.2892
1.27462
1.25759
1.23826
1.21653
1.19241
1.16637
1.13952
1.11337
1.08964
1.07004
1.05606
1.04874
1.0487
1.05576
1.06905
1.08698
1.10752
1.12859
1.14852
1.16597
1.17997
1.18996
1.19572
1.19728
1.19496
1.18945
1.18224
1.17558
1.17215
1.17409
1.18226
1.19555
1.21095
1.2243
1.23153
1.22977
1.21809
1.19773
1.17174
1.14431
1.11976
1.10166
1.09209
1.09135
1.09807
1.10968
1.12335
1.1368
1.14889
1.15967
1.16992
1.18043
1.19142
1.20261
1.21375
1.22487
1.23637
1.24851
1.26078
1.2718
1.27954
1.28201
1.27777
1.26645
1.24886
1.227
1.20407
1.18365
1.16894
1.1619
1.16278
1.16999
1.18024
1.18935
1.19344
1.19006
1.17877
1.16118
1.1407
1.12145
1.1072
1.10002
1.09929
1.10205
1.10421
1.10232
1.09486
1.0829
1.06963
1.05914
1.05501
1.05891
1.0702
1.08609
1.10289
1.1171
1.12644
1.13009
1.12846
1.12288
1.11534
1.10811
1.10379
1.10503
1.1142
1.13276
1.16057
1.19529
1.23247
1.26651
1.2921
1.30542
1.30495
1.29136
1.26705
1.23567
1.20151
1.16914
1.14282
1.12596
1.12051
1.12653
1.14232
1.16472
1.18988
1.21377
1.23275
1.24404
1.2463
1.23982
1.22666
1.20998
1.19328
1.17979
1.1723
1.17265
1.18124
1.19573
1.2113
1.22229
1.22451
1.21623
1.19789
1.17132
1.13935
1.10567
1.07447
1.04979
1.03469
1.03055
1.03673
1.05097
1.07008
1.09104
1.11174
1.13134
1.14992
1.16794
1.18535
1.20115
1.21376
1.22162
1.22388
1.22066
1.21316
1.20327
1.19306
1.18428
1.17794
1.17424
1.17254
1.17183
1.17089
1.16841
1.16337
1.15528
1.14427
1.13121
1.11726
1.10341
1.0903
1.07856
1.06937
1.06461
1.06642
1.07631
1.09464
1.12032
1.15113
1.18408
1.21598
1.24392
1.26566
1.28004
1.28694
1.28719
1.28208
1.27305
1.26125
1.24738
1.23187
1.21511
1.19778
1.18065
1.16442
1.14959
1.13647
1.12513
1.11554
1.10781
1.10236
1.10015
1.10227
1.10933
1.12086
1.13539
1.15085
1.16526
1.17702
1.18535
1.19036
1.19308
1.19534
1.19904
1.2054
1.21432
1.22442
1.23359
1.23997
1.24224
1.24002
1.23375
1.22432
1.21286
1.20039
1.18758
1.1747
1.16173
1.1485
1.13505
1.12149
1.10796
1.09436
1.08048
1.0664
1.05284
1.04143
1.0346
1.0348
1.04367
1.06114
1.08528
1.11295
1.14073
1.166
1.18747
1.205
1.21873
1.22849
1.23391
1.23465
1.23084
1.22318
1.21279
1.2007
1.18794
1.17559
1.16514
1.15827
1.15601
1.15796
1.16208
1.16558
1.16628
1.1632
1.15659
1.14771
1.13861
1.13183
1.12988
1.13442
1.14556
1.16169
1.18
1.19749
1.21186
1.22228
1.22918
1.23368
1.23693
1.23962
1.24195
1.24351
1.24333
1.24038
1.23382
1.22346
1.20979
1.19387
1.17725
1.16163
1.1487
1.13991
1.13572
1.13559
1.13822
1.14209
1.14616
1.15009
1.15384
1.15723
1.15935
1.15889
1.15451
1.14512
1.12971
1.10743
1.07836
1.04467
1.01057
0.980423
0.957255
0.942836
0.938579
0.945867
0.965517
0.997139
1.03914
1.08904
1.14384
1.20023
1.25475
1.30364
1.34326
1.37036
1.38259
1.37897
1.3604
1.3297
1.29132
1.25061
1.21248
1.18019
1.1547
1.13504
1.11981
1.10868
1.10264
1.10315
1.11094
1.12533
1.14448
1.16595
1.18714
1.20556
1.21909
1.22632
1.22662
1.22042
1.20911
1.19477
1.17974
1.16648
1.15711
1.15317
1.15552
1.16417
1.17826
1.19608
1.21532
1.2334
1.2478
1.25643
1.25791
1.25185
1.23862
1.21931
1.19554
1.16928
1.14257
1.11748
1.09586
1.07904
1.06779
1.0624
1.06275
1.06844
1.0787
1.09252
1.10865
1.12584
1.14286
1.15868
1.17253
1.1842
1.19387
1.20192
1.20867
1.21424
1.21837
1.22044
1.21971
1.21538
1.20682
1.19389
1.17719
1.15832
1.13971
1.12418
1.11405
1.11039
1.11275
1.11964
1.12929
1.1401
1.15054
1.15919
1.16482
1.16676
1.16496
1.15995
1.15252
1.14353
1.13386
1.12457
1.117
1.11295
1.11437
1.12285
1.13876
1.16099
1.18702
1.21387
1.23897
1.26062
1.2778
1.28998
1.29688
1.29844
1.29507
1.28769
1.27738
1.26506
1.25149
1.23739
1.22365
1.21105
1.19994
1.19017
1.18124
1.1728
1.16461
1.15639
1.14799
1.13925
1.13036
1.12201
1.11562
1.11295
1.11544
1.12352
1.13613
1.15082
1.16414
1.17233
1.17216
1.16217
1.14348
1.11986
1.09669
1.07896
1.06934
1.06794
1.07356
1.08494
1.10116
1.1211
1.14305
1.16486
1.18424
1.19918
1.20812
1.21
1.20456
1.19226
1.17434
1.15267
1.12958
1.10725
1.08757
1.07178
1.06041
1.05343
1.05024
1.04991
1.05136
1.05375
1.05681
1.06138
1.06938
1.0834
1.10548
1.13613
1.17363
1.2147
1.25534
1.29187
1.32174
1.34364
1.35718
1.36231
1.35916
1.348
1.32961
1.30556
1.27829
1.25058
1.22479
1.20206
1.18217
1.16423
1.14761
1.1324
1.1194
1.10979
1.10446
1.10357
1.1063
1.11115
1.11647
1.12119
1.12517
1.12874
1.13201
1.13454
1.13571
1.13525
1.13346
1.13098
1.1286
1.12698
1.1268
1.12889
1.13426
1.14385
1.15816
1.17673
1.19809
1.21996
1.23981
1.25538
1.26518
1.2687
1.26655
1.26028
1.25217
1.24448
1.23882
1.2357
1.23444
1.23334
1.2303
1.2237
1.21281
1.19832
1.18212
1.16668
1.15418
1.14534
1.13902
1.1328
1.12421
1.11181
1.09554
1.07659
1.05717
1.04042
1.03011
1.02966
1.0404
1.06065
1.0865
1.11377
1.13944
1.16217
1.18187
1.19884
1.21373
1.22721
1.23991
1.2522
1.26398
1.27438
1.28171
1.28401
1.27946
1.26708
1.24698
1.22035
1.18909
1.15537
1.12139
1.08954
1.06287
1.04476
1.03801
1.04363
1.06016
1.08388
1.10972
1.13287
1.15012
1.16007
1.163
1.16017
1.15323
1.14398
1.13441
1.12648
1.12172
1.12099
1.12432
1.13101
1.14023
1.15127
1.16387
1.17806
1.19383
1.21081
1.22795
1.24361
1.25582
1.26304
1.2645
1.26051
1.25218
1.24099
1.22867
1.21705
1.2076
1.20104
1.19687
1.19353
1.18914
1.18227
1.1725
1.16054
1.14775
1.13568
1.12549
1.11809
1.11423
1.11447
1.11901
1.12754
1.13917
1.15243
1.1652
1.17496
1.17916
1.17603
1.16525
1.14811
1.1273
1.10623
1.08856
1.07756
1.07518
1.08157
1.09512
1.11323
1.1331
1.15219
1.16879
1.182
1.19187
1.19923
1.20521
1.21083
1.21646
1.22141
1.22428
1.22345
1.21771
1.20666
1.19083
1.17161
1.15107
1.1317
1.11603
1.10609
1.10265
1.10496
1.11107
1.11881
1.12663
1.13396
1.14105
1.14854
1.15692
1.16639
1.17671
1.18693
1.19566
1.20116
1.20155
1.19553
1.1828
1.16447
1.14293
1.12171
1.10457
1.09451
1.09289
1.09916
1.11163
1.12832
1.14763
1.16817
1.1883
1.20583
1.21823
1.22304
1.21876
1.20602
1.18864
1.17336
1.16676
1.17158
1.18599
1.20602
1.22802
1.24915
1.26673
1.27794
1.28025
1.27214
1.25394
1.22799
1.19816
1.16898
1.14452
1.12755
1.11884
1.11733
1.12083
1.12733
1.13571
1.14569
1.15667
1.1671
1.17471
1.17729
1.17376
1.16442
1.15096
1.13586
1.12177
1.11064
1.10322
1.09909
1.09704
1.0958
1.09432
1.09205
1.08908
1.08611
1.08432
1.08544
1.09144
1.10413
1.12473
1.15323
1.18809
1.22616
1.26316
1.29438
1.31561
1.324
1.31865
1.30114
1.27517
1.24554
1.21705
1.19343
1.17672
1.1673
1.16409
1.16537
1.16942
1.17487
1.18077
1.18653
1.19193
1.19677
1.2006
1.20269
1.20203
1.19753
1.18839
1.17447
1.1567
1.13679
1.11706
1.10023
1.08864
1.08364
1.08499
1.09101
1.09967
1.10975
1.12153
1.13647
1.15589
1.17985
1.20666
1.23357
1.25754
1.27562
1.2854
1.28549
1.27605
1.25879
1.23665
1.21319
1.192
1.17607
1.16732
1.16623
1.1719
1.18246
1.19557
1.2089
1.22039
1.22844
1.23175
1.22935
1.22038
1.20429
1.18094
1.1507
1.11484
1.07595
1.03802
1.00597
0.984697
0.977658
0.986126
1.00905
1.04367
1.08604
1.13146
1.17509
1.21268
1.24132
1.25989
1.26877
1.26952
1.26438
1.2556
1.24506
1.234
1.22309
1.21273
1.20325
1.1951
1.18874
1.18446
1.18216
1.18156
1.18224
1.1838
1.18591
1.18811
1.18982
1.19018
1.18837
1.18379
1.1763
1.16634
1.15458
1.14201
1.12989
1.11947
1.1117
1.10688
1.10491
1.10577
1.10999
1.11833
1.13136
1.1488
1.16931
1.19065
1.21018
1.2254
1.23412
1.23474
1.2265
1.20958
1.18538
1.15671
1.12788
1.10394
1.08935
1.08655
1.09541
1.11352
1.13714
1.16236
1.1858
1.20516
1.21915
1.22724
1.22926
1.22522
1.21526
1.19979
1.17976
1.15688
1.13331
1.11114
1.09186
1.07627
1.06484
1.05821
1.05738
1.06366
1.07827
1.1017
1.13311
1.16998
1.20827
1.24317
1.27012
1.2857
1.28816
1.27777
1.25667
1.22858
1.19837
1.17124
1.15152
1.14168
1.14187
1.15035
1.16444
1.18152
1.19964
1.21757
1.23453
1.24983
1.2626
1.2717
1.27587
1.2739
1.265
1.2489
1.22584
1.19691
1.16382
1.12894
1.09502
1.06473
1.04
1.02151
1.00878
1.00085
0.997077
0.997866
1.00453
1.01849
1.04038
1.06936
1.10301
1.13798
1.17078
1.1984
1.21888
1.2314
1.23628
1.23487
1.22941
1.22246
1.21646
1.21314
1.21303
1.2153
1.21804
1.21882
1.21532
1.2061
1.19105
1.17126
1.14853
1.12522
1.10393
1.08733
1.07768
1.07628
1.08313
1.09694
1.11556
1.13637
1.15684
1.17485
1.18897
1.19867
1.20416
1.20625
1.20577
1.20293
1.19746
1.1893
1.17937
1.16969
1.16275
1.16044
1.16303
1.16909
1.17597
1.18064
1.18065
1.17459
1.16236
1.14516
1.12519
1.10529
1.08826
1.07642
1.07105
1.0722
1.07864
1.08809
1.09782
1.10549
1.10981
1.11066
1.10891
1.10575
1.10179
1.09674
1.08973
1.08021
1.0689
1.05835
1.05237
1.05481
1.06821
1.0929
1.12685
1.1663
1.20691
1.24444
1.27528
1.29684
1.30757
1.3071
1.29616
1.27645
1.25062
1.22184
1.19345
1.16822
1.14786
1.13304
1.12392
1.12067
1.12354
1.13232
1.14589
1.16223
1.17879
1.19287
1.20236
1.20618
1.20454
1.19888
1.19132
1.18392
1.17828
1.17523
1.1747
1.17593
1.17766
1.17862
1.1779
1.1752
1.17072
1.16506
1.15883
1.15242
1.14586
1.13892
1.13163
1.1245
1.11862
1.11547
1.11629
1.1214
1.12998
1.1402
1.14972
1.15641
1.15893
1.15707
1.1518
1.14518
1.13981
1.13815
1.1416
1.14996
1.16146
1.1733
1.18257
1.18678
1.18449
1.17561
1.16153
1.14478
1.12853
1.11598
1.1095
1.11037
1.11905
1.13552
1.1591
1.18781
1.21799
1.24511
1.26497
1.27449
1.27218
1.25794
1.23306
1.20028
1.16359
1.12771
1.09736
1.07612
1.06573
1.06566
1.07348
1.08584
1.09958
1.11246
1.12338
1.13239
1.14024
1.14791
1.15624
1.16574
1.17649
1.1884
1.20121
1.21473
1.22853
1.24171
1.25278
1.25981
1.26088
1.25465
1.2409
1.22087
1.19716
1.17345
1.15373
1.14144
1.13849
1.14452
1.15708
1.17229
1.18593
1.19431
1.19488
1.18623
1.16824
1.14192
1.10939
1.07394
1.04003
1.01292
0.997815
0.998371
1.01554
1.04719
1.08912
1.1364
1.18455
1.22998
1.27004
1.30276
1.32656
1.34007
1.34229
1.33265
1.31135
1.27982
1.24079
1.19818
1.1564
1.11976
1.09182
1.07489
1.0695
1.07388
1.08425
1.0963
1.10689
1.11498
1.12127
1.12725
1.13429
1.14303
1.1532
1.16387
1.17392
1.18241
1.18882
1.19312
1.19544
1.19604
1.19519
1.19327
1.19088
1.18869
1.18721
1.18685
1.18787
1.19043
1.19471
1.20072
1.208
1.21549
1.22158
1.22457
1.22287
1.21528
1.20131
1.18157
1.1581
1.13411
1.11294
1.09655
1.08519
1.07808
1.07449
1.07425
1.07751
1.08447
1.09507
1.10894
1.12533
1.14311
1.16061
1.17582
1.18675
1.19205
1.1915
1.18625
1.17872
1.17163
1.16705
1.16591
1.16812
1.17322
1.18067
1.18996
1.20062
1.21207
1.22357
1.23377
1.24076
1.24203
1.23499
1.21795
1.19122
1.15781
1.12359
1.0956
1.07895
1.07443
1.07933
1.09007
1.10437
1.12114
1.13956
1.15822
1.17527
1.18898
1.19837
1.20362
1.20588
1.20673
1.20763
1.2092
1.21124
1.21285
1.21325
1.21218
1.20997
1.20718
1.20431
1.20152
1.19865
1.19532
1.19125
1.18649
1.1816
1.17737
1.17476
1.17452
1.17695
1.18193
1.18897
1.19732
1.20603
1.21395
1.21976
1.22217
1.2199
1.21219
1.19892
1.18092
1.15996
1.13857
1.11941
1.10476
1.09619
1.09425
1.09858
1.10777
1.11942
1.13063
1.13848
1.14065
1.13601
1.1245
1.10706
1.08536
1.06173
1.03927
1.02182
1.0132
1.01599
1.03083
1.05624
1.08926
1.12613
1.16297
1.19663
1.22497
1.24706
1.26295
1.27333
1.27904
1.28088
1.27942
1.27498
1.26772
1.2578
1.2456
1.23211
1.21904
1.20864
1.20334
1.20464
1.21234
1.2242
1.23653
1.24506
1.24631
1.2386
1.22255
1.20091
1.17753
1.15607
1.13888
1.1265
1.1182
1.11292
1.11009
1.11013
1.11419
1.12367
1.13938
1.16077
1.18562
1.21031
1.23058
1.24251
1.24358
1.2331
1.2125
1.18473
1.15377
1.12357
1.09741
1.07722
1.06378
1.05693
1.05595
1.06
1.06821
1.07962
1.09314
1.10731
1.12053
1.13135
1.13866
1.14192
1.14092
1.13563
1.1264
1.11438
1.10159
1.09055
1.08388
1.08376
1.09163
1.10787
1.1317
1.16143
1.1945
1.22795
1.25891
1.28486
1.30388
1.3147
1.31688
1.3108
1.29745
1.27852
1.25607
1.23235
1.20963
1.19021
1.17623
1.16937
1.16999
1.17677
1.18736
1.19971
1.21243
1.22422
1.23334
1.23783
1.23603
1.22696
1.21057
1.18802
1.16189
1.13598
1.11429
1.09976
1.0933
1.09388
1.09927
1.10681
1.11402
1.1189
1.12009
1.11692
1.10924
1.09768
1.08375
1.06986
1.05904
1.05424
1.05746
1.06939
1.08929
1.11537
1.14535
1.17652
1.206
1.23072
1.24808
1.25633
1.25488
1.24441
1.2265
1.20355
1.17901
1.15745
1.14402
1.14315
1.15658
1.18229
1.21531
1.24975
1.28071
1.305
1.32086
1.32702
1.32271
1.30785
1.28364
1.25281
1.21943
1.18795
1.16198
1.14314
1.13067
1.12195
1.11359
1.10299
1.08956
1.07537
1.06476
1.06249
1.07145
1.09138
1.11925
1.151
1.18242
1.20982
1.23014
1.24103
1.24117
1.23043
1.21015
1.18298
1.15258
1.12297
1.09786
1.08026
1.07215
1.07409
1.08491
1.10178
1.12095
1.13856
1.15151
1.15777
1.15674
1.14906
1.13633
1.12076
1.10439
1.08863
1.07436
1.06217
1.05242
1.04524
1.04041
1.03773
1.03732
1.03965
1.0456
1.05615
1.07213
1.09372
1.1201
1.14953
1.17969
1.20832
1.2336
1.25444
1.27047
1.28161
1.2881
1.29028
1.2888
1.28438
1.27786
1.27024
1.26275
1.25653
1.25259
1.25145
1.25308
1.25678
1.26113
1.2644
1.26477
1.26076
1.25175
1.23822
1.22187
1.20511
1.19024
1.17842
1.16907
1.15997
1.14817
1.13109
1.10773
1.07907
1.04789
1.01809
0.99433
0.981395
0.982938
0.999605
1.02819
1.06283
1.09742
1.12747
1.15086
1.16728
1.17768
1.18354
1.18621
1.18699
1.18709
1.18746
1.18827
1.18862
1.18723
1.1835
1.17829
1.17335
1.16989
1.1673
1.1637
1.15736
1.14763
1.13493
1.11992
1.10338
1.08623
1.07007
1.05722
1.0504
1.05187
1.06271
1.08215
1.10791
1.13681
1.16567
1.19198
1.21409
1.2313
1.2436
1.25142
1.25525
1.25558
1.25283
1.24722
1.23902
1.22863
1.21681
1.20496
1.195
1.18914
1.18929
1.19634
1.20962
1.22666
1.24389
1.25785
1.26631
1.26881
1.26634
1.26027
1.25129
1.23882
1.22113
1.1964
1.16384
1.12439
1.08111
1.03852
1.00131
0.973133
0.956109
0.951366
0.959715
0.981544
1.01609
1.0608
1.11124
1.16185
1.20732
1.24363
1.26867
1.28227
1.28554
1.28026
1.26808
1.25067
1.23
1.20856
1.18898
1.17329
1.16229
1.15536
1.15095
1.1472
1.14252
1.1361
1.12813
1.11975
1.11289
1.10986
1.1127
1.12268
1.13982
1.16251
1.18792
1.21244
1.23268
1.24617
1.25185
1.24982
1.2413
1.22836
1.21365
1.19988
1.18917
1.18242
1.17935
1.17899
1.18027
1.18246
1.18507
1.18726
1.18774
1.18517
1.17893
1.1699
1.1603
1.15299
1.15043
1.15359
1.16169
1.17257
1.18337
1.19133
1.19429
1.19105
1.18137
1.16623
1.14813
1.13105
1.11947
1.11671
1.1233
1.13658
1.15178
1.16373
1.16856
1.16489
1.15442
1.14114
1.12972
1.12349
1.12346
1.12898
1.13859
1.15084
1.16441
1.17825
1.19144
1.20296
1.2117
1.21653
1.21664
1.21174
1.20257
1.19103
1.17973
1.1709
1.16502
1.16059
1.15518
1.14727
1.13737
1.12786
1.12198
1.12241
1.12997
1.14331
1.1598
1.1766
1.19142
1.2026
1.2093
1.2115
1.2098
1.20507
1.19843
1.19108
1.18392
1.1775
1.1721
1.16825
1.16671
1.16815
1.17262
1.17963
1.18821
1.19736
1.20616
1.21359
1.21824
1.21877
1.21449
1.20552
1.19289
1.17817
1.16291
1.14875
1.1373
1.12998
1.12745
1.1295
1.13494
1.14205
1.14907
1.15468
1.15819
1.15939
1.15794
1.15314
1.14408
1.13027
1.11229
1.09183
1.07164
1.05522
1.04653
1.04926
1.06564
1.09523
1.13465
1.17831
1.22035
1.25586
1.28191
1.2974
1.30291
1.30017
1.29132
1.2783
1.26249
1.24488
1.22649
1.20853
1.19216
1.17809
1.16658
1.1574
1.1499
1.14327
1.13708
1.13156
1.12761
1.12659
1.1296
1.13681
1.1472
1.15866
1.16845
1.17387
1.17278
1.16418
1.1487
1.12878
1.1082
1.09118
1.08106
1.07939
1.08578
1.09841
1.11529
1.13499
1.15681
1.18024
1.2042
1.2269
1.24637
1.26077
1.2688
1.26964
1.26295
1.24903
1.22903
1.20464
1.17789
1.15084
1.12552
1.10401
1.08854
1.08123
1.08348
1.09528
1.11477
1.13854
1.16228
1.18191
1.19441
1.19835
1.19394
1.18264
1.16669
1.14856
1.13082
1.11591
1.10606
1.10304
1.10772
1.1197
1.13704
1.15705
1.17695
1.19457
1.20881
1.21946
1.22672
1.23084
1.23169
1.22885
1.22215
1.21206
1.19991
1.18763
1.17718
1.16996
1.16651
1.16644
1.16861
1.17168
1.17464
1.17716
1.17952
1.18211
1.18488
1.18704
1.18725
1.18413
1.17679
1.16515
1.14978
1.13152
1.1113
1.09066
1.07185
1.05772
1.05045
1.05072
1.05733
1.06797
1.08009
1.09185
1.10278
1.1142
1.12925
1.15149
1.18258
1.22065
1.2607
1.29719
1.32619
1.34588
1.35617
1.35795
1.35249
1.3409
1.32399
1.30245
1.27683
1.24806
1.21749
1.18688
1.15833
1.13366
1.11415
1.10012
1.09081
1.08469
1.08008
1.07575
1.07147
1.06821
1.06775
1.07183
1.08111
1.09445
1.10925
1.1225
1.13208
1.13718
1.1382
1.13634
1.13335
1.13133
1.1323
1.13768
1.14768
1.16102
1.17514
1.18668
1.19234
1.18951
1.1768
1.15429
1.12362
1.08792
1.05152
1.01944
0.996491
0.986389
0.991234
1.01145
1.04574
1.09129
1.14397
1.19877
1.25058
1.29483
1.32822
1.3486
1.35528
1.34849
1.32937
1.29973
1.26218
1.22022
1.17841
1.14186
1.1152
1.10135
1.10059
1.11071
1.12799
1.14871
1.17001
1.19004
1.20757
1.22135
1.23017
1.2329
1.22878
1.21761
1.20003
1.1775
1.1522
1.12672
1.10345
1.08429
1.07046
1.06257
1.06092
1.06566
1.07682
1.09424
1.11744
1.14557
1.17731
1.21091
1.24419
1.27451
1.29922
1.31603
1.32341
1.32091
1.30917
1.28974
1.26474
1.23672
1.20825
1.1817
1.15894
1.14115
1.12902
1.12301
1.12316
1.12888
1.13857
1.1497
1.15947
1.16568
1.16721
1.1642
1.15778
1.1496
1.14131
1.13426
1.12943
1.12728
1.12797
1.13146
1.13755
1.14582
1.15553
1.16565
1.17536
1.18392
1.19048
1.19385
1.19265
1.18587
1.17363
1.15759
1.14076
1.12648
1.11708
1.1131
1.11395
1.11872
1.12692
1.13834
1.15257
1.16845
1.18404
1.19693
1.20485
1.20634
1.20161
1.1929
1.18402
1.17864
1.178
1.18032
1.18248
1.18207
1.17815
1.17099
1.16159
1.1515
1.14253
1.13641
1.13439
1.13693
1.14373
1.15367
1.16517
1.17632
1.18538
1.19101
1.19223
1.18867
1.18046
1.16829
1.15367
1.13874
1.12604
1.11813
1.11677
1.1226
1.13465
1.15068
1.16771
1.18266
1.19307
1.19765
1.19644
1.19054
1.18173
1.17197
1.163
1.15627
1.15304
1.15441
1.16102
1.17258
1.18751
1.20291
1.21492
1.21964
1.21432
1.19822
1.17356
1.14539
1.12064
1.10586
1.10444
1.11507
1.13242
1.14984
1.16217
1.16726
1.16597
1.16062
1.15318
1.14453
1.13528
1.12696
1.12219
1.12341
1.13164
1.14612
1.1652
1.18737
1.21141
1.23624
1.26027
1.28143
1.29741
1.30586
1.30459
1.29202
1.26804
1.23472
1.19637
1.15875
1.12754
1.10688
1.09869
1.10268
1.11685
1.13806
1.16253
1.18628
1.20563
1.21798
1.22208
1.21789
1.20627
1.18836
1.16542
1.13915
1.11198
1.08719
1.06845
1.05876
1.05958
1.07025
1.08853
1.11136
1.13567
1.15872
1.1786
1.19433
1.2059
1.21391
1.21895
1.22098
1.21925
1.21269
1.20086
1.18459
1.16607
1.14856
1.13577
1.13116
1.1372
1.15481
1.18311
1.21949
1.26009
1.30007
1.33405
1.35693
1.36477
1.35561
1.32982
1.29004
1.24059
1.1869
1.13491
1.09033
1.05751
1.03845
1.03249
1.037
1.04876
1.06503
1.08431
1.10633
1.13126
1.15859
1.18636
1.21139
1.2303
1.24065
1.24174
1.23444
1.22114
1.20492
1.18856
1.1738
1.16114
1.15073
1.14297
1.1389
1.1398
1.14661
1.15938
1.17686
1.19666
1.21554
1.23009
1.23753
1.23622
1.22606
1.20826
1.18491
1.15866
1.13237
1.10865
1.08935
1.07498
1.06469
1.05671
1.04964
1.04355
1.04034
1.04309
1.0547
1.07641
1.10685
1.14247
1.17877
1.21184
1.23934
1.26076
1.27701
1.28937
1.2987
1.30491
1.30713
1.30427
1.29562
1.28097
1.26087
1.23646
1.20956
1.18252
1.15784
1.13774
1.12382
1.11667
1.11594
1.12021
1.12739
1.13494
1.14033
1.14177
1.13882
1.13255
1.12522
1.11918
1.11613
1.11674
1.1209
1.12772
1.1356
1.14231
1.14535
1.14299
1.13499
1.12316
1.11095
1.10211
1.09931
1.1034
1.11374
1.12919
1.14891
1.17207
1.19751
1.22343
1.24748
1.26726
1.28062
1.28604
1.28287
1.27145
1.25313
1.23005
1.20478
1.17989
1.15761
1.13965
1.12708
1.12032
1.11935
1.12375
1.13271
1.14481
1.15814
1.17071
1.18066
1.18683
1.18883
1.18681
1.18143
1.17351
1.16399
1.15391
1.14399
1.13492
1.12763
1.12355
1.12443
1.1315
1.14476
1.16279
1.18311
1.20314
1.22079
1.23502
1.24579
1.25366
1.2594
1.26343
1.26569
1.26554
1.26174
1.25264
1.23665
1.2127
1.18078
1.14216
1.09947
1.05672
1.01878
0.990687
0.976228
0.97673
0.990955
1.01577
1.04688
1.07966
1.10971
1.13372
1.15005
1.15911
1.16286
1.16375
1.16355
1.16274
1.16073
1.15685
1.15115
1.1448
1.14001
1.13946
1.14538
1.15855
1.1778
1.19987
1.22061
1.23625
1.24446
1.24497
1.23917
1.22969
1.21946
1.21108
1.20637
1.206
1.20919
1.21382
1.21718
1.21654
1.21032
1.19858
1.18311
1.16682
1.1526
1.14227
1.13657
1.13535
1.13813
1.14432
1.15335
1.16439
1.17629
1.18722
1.19501
1.1976
1.19362
1.18278
1.16612
1.14589
1.12521
1.10747
1.0955
1.09099
1.09433
1.10484
1.12108
1.14105
1.16222
1.18156
1.19606
1.20364
1.20373
1.19752
1.18747
1.17658
1.16799
1.16419
1.16634
1.17401
1.18566
1.19925
1.2127
1.22388
1.23058
1.23066
1.22247
1.20544
1.18091
1.15226
1.12421
1.10155
1.08761
1.08325
1.08677
1.09501
1.10448
1.11235
1.11711
1.11869
1.11845
1.11872
1.12208
1.13066
1.14537
1.16552
1.1891
1.21334
1.23546
1.25341
1.26611
1.27342
1.27585
1.27431
1.26978
1.26296
1.25391
1.24226
1.22757
1.20977
1.18958
1.16879
1.14994
1.13576
1.12808
1.12681
1.12956
1.13265
1.1328
1.1288
1.12178
1.11435
1.10909
1.10755
1.11005
1.11604
1.12455
1.13443
1.14444
1.15341
1.1604
1.16477
1.16632
1.16533
1.16226
1.15753
1.15124
1.14311
1.13256
1.11915
1.10291
1.08492
1.06709
1.05182
1.04134
1.03719
1.04032
1.05158
1.07204
1.10248
1.14225
1.18871
1.23783
1.28517
1.32668
1.35919
1.38055
1.38959
1.38595
1.37013
1.34325
1.30706
1.26384
1.21668
1.16925
1.12548
1.0891
1.06303
1.04919
1.04806
1.05834
1.07699
1.10033
1.12501
1.14867
1.1699
1.18809
1.2033
1.21574
1.22569
1.2333
1.23833
1.24034
1.23882
1.23341
1.22415
1.21128
1.19545
1.17778
1.15998
1.14406
1.13172
1.12391
1.12065
1.12135
1.12503
1.13063
1.13691
1.14242
1.14546
1.14457
1.1392
1.1301
1.11925
1.10922
1.10218
1.09934
1.10071
1.10542
1.11231
1.12046
1.12948
1.13957
1.15118
1.16444
1.17866
1.19229
1.20323
1.20957
1.21036
1.20595
1.19789
1.18856
1.18072
1.17677
1.17815
1.18458
1.19441
1.20542
1.21573
1.22435
1.2313
1.23734
1.24335
1.24998
1.25728
1.26459
1.27063
1.27372
1.27221
1.26477
1.25083
1.23088
1.20618
1.1783
1.14868
1.1184
1.08822
1.05915
1.03273
1.01109
0.99654
0.990744
0.994105
1.00553
1.02292
1.04382
1.06611
1.08841
1.11011
1.13102
1.15114
1.17023
1.1874
1.20132
1.21042
1.21361
1.21074
1.20305
1.19293
1.18319
1.17589
1.17159
1.1692
1.16657
1.16131
1.15158
1.13676
1.11789
1.09759
1.07951
1.06736
1.06365
1.06912
1.08265
1.10194
1.1243
1.14739
1.16963
1.19034
1.20952
1.22722
1.24317
1.25675
1.26718
1.27389
1.27648
1.2747
1.26821
1.25641
1.23919
1.2174
1.19362
1.17234
1.15873
1.1568
1.1673
1.18676
1.20886
1.22704
1.23683
1.23656
1.22705
1.21066
1.19039
1.16895
1.14818
1.12895
1.11153
1.09641
1.08465
1.07774
1.07685
1.08203
1.09217
1.1058
1.12147
1.13793
1.15387
1.16787
1.17851
1.18459
1.18515
1.17957
1.16754
1.14933
1.12608
1.09996
1.07425
1.05304
1.04054
1.04004
1.05297
1.07825
1.1124
1.15038
1.18697
1.21829
1.24244
1.25936
1.26999
1.27543
1.27648
1.2737
1.26768
1.25919
1.24889
1.23741
1.22491
1.21172
1.19865
1.18717
1.17945
1.17757
1.18253
1.19356
1.20795
1.22194
1.23185
1.23482
1.22939
1.21596
1.19694
1.17672
1.16041
1.15158
1.15063
1.15509
1.16164
1.16796
1.17359
1.17914
1.18507
1.19113
1.19619
1.19918
1.19965
1.19791
1.19458
1.18992
1.18367
1.17523
1.16386
1.14912
1.13116
1.11108
1.09089
1.07339
1.06162
1.05788
1.06295
1.07571
1.09353
1.11291
1.13041
1.14327
1.14983
1.14998
1.14504
1.13754
1.13066
1.12739
1.12955
1.13725
1.14896
1.16212
1.1739
1.18195
1.18499
1.18276
1.176
1.16631
1.15581
1.14694
1.14188
1.14244
1.14956
1.16315
1.18216
1.20488
1.22919
1.25261
1.27266
1.28703
1.29414
1.29311
1.2837
1.26607
1.24075
1.20897
1.17301
1.13631
1.10279
1.07612
1.05877
1.05162
1.05399
1.06408
1.07952
1.09782
1.11656
1.13342
1.14648
1.15458
1.15779
1.15737
1.15535
1.15387
1.15432
1.15669
1.15965
1.16114
1.15928
1.15344
1.14465
1.13546
1.1292
1.129
1.13665
1.15204
1.17323
1.19713
1.22051
1.24081
1.25617
1.2652
1.26699
1.26124
1.24845
1.23036
1.20989
1.19075
1.17661
1.17021
1.17264
1.18286
1.19805
1.21416
1.22712
1.23402
1.23362
1.2261
1.21255
1.19447
1.17342
1.15113
1.12927
1.10948
1.09317
1.08133
1.07443
1.0723
1.07416
1.07916
1.08672
1.09641
1.10712
1.11701
1.12405
1.12692
1.12525
1.11914
1.10912
1.09634
1.08291
1.0718
1.06634
1.06906
1.08092
1.10114
1.12763
1.15788
1.18933
1.21968
1.24709
1.27024
1.28835
1.30113
1.30876
1.31175
1.31069
1.30608
1.29818
1.28708
1.27263
1.25449
1.23215
1.20535
1.17482
1.14254
1.11113
1.0831
1.06023
1.04351
1.03397
1.03334
1.04358
1.06531
1.09689
1.13429
1.17247
1.20697
1.23471
1.25417
1.26509
1.26794
1.26377
1.25386
1.23965
1.22293
1.20586
1.19068
1.17897
1.17132
1.1673
1.16566
1.16483
1.16325
1.15961
1.15315
1.14378
1.13201
1.11861
1.10441
1.09007
1.07621
1.06371
1.05385
1.04807
1.04784
1.05414
1.06722
1.08647
1.11066
1.1381
1.16712
1.19613
1.22376
1.24883
1.27039
1.28751
1.29937
1.30551
1.30601
1.30154
1.29315
1.2821
1.26951
1.25629
1.24323
1.23122
1.22133
1.21448
1.21099
1.21021
1.21083
1.21123
1.21004
1.20625
1.19908
1.18812
1.17327
1.15481
1.13354
1.1106
1.0873
1.06506
1.04509
1.02842
1.01581
1.00758
1.00351
1.00294
1.00478
1.00794
1.0118
1.01626
1.02175
1.02926
1.04024
1.05612
1.07756
1.10406
1.13379
1.16428
1.19298
1.2178
1.23752
1.25186
1.26109
1.26557
1.26524
1.25974
1.24887
1.23312
1.21393
1.1936
1.17504
1.16129
1.15502
1.15771
1.16921
1.18767
1.21012
1.23299
1.25293
1.26725
1.27395
1.27164
1.2597
1.23844
1.20925
1.17495
1.13969
1.10827
1.08512
1.07312
1.0729
1.083
1.10059
1.12254
1.14612
1.16948
1.1918
1.21292
1.23272
1.25055
1.26495
1.27428
1.27731
1.27348
1.26318
1.24754
1.22813
1.20647
1.18378
1.16082
1.13807
1.11571
1.09394
1.07314
1.05395
1.03758
1.02572
1.02051
1.02366
1.03547
1.05425
1.07674
1.09928
1.11892
1.13429
1.14549
1.15351
1.1595
1.16444
1.16906
1.17384
1.17895
1.18415
1.18904
1.19339
1.19743
1.20153
1.20611
1.21145
1.21759
1.22432
1.23125
1.23779
1.24337
1.24744
1.2495
1.24897
1.2451
1.23735
1.22551
1.20987
1.19109
1.17018
1.14824
1.12633
1.10552
1.08696
1.07186
1.0615
1.05709
1.05928
1.06788
1.08161
1.09832
1.11548
1.13072
1.14229
1.1496
1.15324
1.15455
1.15507
1.15583
1.15698
1.15806
1.15853
1.15819
1.15719
1.15575
1.15376
1.15069
1.14556
1.13754
1.12631
1.11261
1.09825
1.08586
1.07798
1.07611
1.08039
1.08971
1.10234
1.11666
1.13155
1.14666
1.16232
1.17919
1.19787
1.21841
1.24004
1.26102
1.27898
1.29171
1.29767
1.29647
1.28842
1.2743
1.25506
1.23185
1.20634
1.1808
1.15766
1.13935
1.12753
1.12257
1.1239
1.13015
1.13992
1.15202
1.16528
1.17825
1.18921
1.19633
1.19815
1.19422
1.18531
1.17324
1.16038
1.14897
1.14049
1.13539
1.13321
1.13323
1.13496
1.13826
1.14292
1.14822
1.153
1.15605
1.15665
1.15467
1.15061
1.1455
1.1406
1.13718
1.13622
1.13825
1.14344
1.15173
1.16281
1.17594
1.18982
1.20255
1.21212
1.21707
1.21689
1.21228
1.20478
1.19615
1.18797
1.18117
1.17605
1.1728
1.17186
1.17395
1.1796
1.18819
1.19748
1.20401
1.20421
1.19576
1.17818
1.15301
1.1233
1.09296
1.06583
1.04522
1.0335
1.03185
1.03994
1.05621
1.07804
1.1025
1.12686
1.14905
1.16764
1.18184
1.19156
1.19745
1.20071
1.20283
1.20524
1.20891
1.21413
1.22081
1.2284
1.2362
1.24332
1.24893
1.25228
1.25286
1.25025
1.2443
1.23489
1.22193
1.2057
1.18708
1.16757
1.14876
1.1317
1.11677
1.10368
1.09231
1.08321
1.07728
1.07525
1.0773
1.08312
1.09233
1.10437
1.11816
1.13209
1.14438
1.15377
1.15971
1.16258
1.16338
1.16346
1.16417
1.1662
1.16947
1.17338
1.17704
1.17975
1.1811
1.18099
1.17986
1.17872
1.17917
1.18306
1.19163
1.20493
1.22151
1.23894
1.2544
1.26534
1.27003
1.26757
1.25768
1.24072
1.21782
1.19072
1.16194
1.13445
1.11142
1.09569
1.08941
1.09319
1.1057
1.12379
1.14317
1.15948
1.16935
1.17084
1.16336
1.14767
1.12601
1.10246
1.08273
1.07281
1.07631
1.09242
1.11616
1.14097
1.16157
1.17556
1.18352
1.18793
1.19146
1.19567
1.2009
1.20667
1.21228
1.21685
1.21955
1.21963
1.2166
1.21018
1.20031
1.18692
1.17022
1.15083
1.12991
1.10905
1.09033
1.0761
1.06867
1.06994
1.08083
1.10066
1.12709
1.15681
1.18654
1.21407
1.23843
1.25948
1.2774
1.29203
1.30264
1.30797
1.30648
1.2971
1.27973
1.25544
1.22657
1.19621
1.16753
1.14332
1.12576
1.11636
1.11574
1.12322
1.13661
1.15234
1.16622
1.17446
1.1744
1.16521
1.14778
1.12454
1.09885
1.07434
1.0544
1.04148
1.03658
1.03925
1.04808
1.0614
1.07793
1.09678
1.11687
1.13674
1.15466
1.16924
1.17967
1.18579
1.18797
1.18686
1.18322
1.17775
1.17131
1.16517
1.16102
1.16053
1.16467
1.17326
1.18493
1.19742
1.20831
1.21564
1.21837
1.21652
1.21093
1.20309
1.19467
1.1874
1.18259
1.18069
1.18134
1.18356
1.18616
1.18806
1.18832
1.18618
1.18102
1.17209
1.15901
1.14209
1.12269
1.10323
1.0867
1.07564
1.07145
1.07379
1.08108
1.09125
1.10241
1.11331
1.12336
1.13228
1.1399
1.14615
1.15128
1.15588
1.16054
1.1655
1.17052
1.17516
1.17895
1.18154
1.18273
1.18249
1.18081
1.17793
1.17429
1.17031
1.16628
1.1625
1.15916
1.15627
1.15357
1.15068
1.14729
1.14366
1.14083
1.14047
1.14435
1.15356
1.1677
1.18476
1.20172
1.2156
1.22421
1.22647
1.22242
1.21329
1.20155
1.19016
1.18159
1.17669
1.17436
1.17232
1.16839
1.1618
1.15346
1.14541
1.14026
1.14015
1.14595
1.15705
1.17167
1.1877
1.20336
1.2174
1.22862
1.23566
1.23706
1.23166
1.21901
1.19976
1.17588
1.15088
1.12929
1.11561
1.1127
1.12076
1.13724
1.15757
1.17636
1.18886
1.19177
1.18407
1.16713
1.1446
1.1215
1.10314
1.09378
1.09618
1.11081
1.13566
1.16628
1.1969
1.22196
1.23761
1.24241
1.23728
1.22456
1.20683
1.18631
1.16473
1.14364
1.12478
1.11
1.1006
1.09691
1.09801
1.10205
1.10675
1.10999
1.11059
1.10894
1.10692
1.10716
1.11188
1.12194
1.13655
1.15384
1.17172
1.18887
1.20521
1.22161
1.2392
1.25848
1.27864
1.29768
1.3129
1.32206
1.32394
1.31861
1.30703
1.29048
1.27018
1.24743
1.22357
1.2001
1.17844
1.15953
1.14344
1.12923
1.11542
1.10053
1.08382
1.0658
1.04852
1.0349
1.02794
1.02973
1.04072
1.05966
1.08397
1.11051
1.13608
1.15807
1.17524
1.18823
1.19946
1.2113
1.22428
1.23647
1.24463
1.24616
1.24008
1.22704
1.20854
1.18665
1.16357
1.14173
1.12361
1.1113
1.10625
1.10882
1.118
1.13166
1.14711
1.16187
1.17426
1.18362
1.19014
1.19459
1.19758
1.19913
1.19863
1.19513
1.18795
1.17739
1.1648
1.15257
1.14334
1.13911
1.14053
1.14673
1.15573
1.16535
1.17394
1.18071
1.18587
1.19029
1.19512
1.20126
1.20867
1.21594
1.22089
1.22172
1.21777
1.20944
1.19766
1.18338
1.16762
1.15132
1.13543
1.12078
1.10795
1.09727
1.089
1.08314
1.07919
1.07602
1.07227
1.06692
1.05969
1.05138
1.04371
1.03908
1.03988
1.04761
1.06242
1.08331
1.10866
1.13663
1.16539
1.19329
1.21899
1.24184
1.26181
1.27933
1.29462
1.30737
1.31647
1.32032
1.31748
1.30752
1.29172
1.27287
1.25452
1.23978
1.23028
1.22552
1.22366
1.22224
1.21901
1.21252
1.20211
1.18782
1.17031
1.15076
1.13075
1.11221
1.09708
1.08708
1.08327
1.08561
1.09289
1.10311
1.11424
1.12482
1.13426
1.14279
1.15115
1.1601
1.17001
1.18039
1.18992
1.19676
1.19915
1.19592
1.18687
1.17273
1.15501
1.13575
1.1171
1.10103
1.08887
1.08125
1.07803
1.07833
1.0809
1.08439
1.08766
1.0898
1.09025
1.08865
1.08499
1.07951
1.07284
1.06598
1.06049
1.05838
1.06182
1.07276
1.09219
1.11964
1.15313
1.18943
1.22471
1.25513
1.27755
1.28995
1.29183
1.28417
1.26938
1.25072
1.23163
1.21472
1.20139
1.19195
1.18585
1.18211
1.17981
1.17833
1.17769
1.17831
1.18041
1.18379
1.18787
1.19195
1.19536
1.19746
1.19757
1.19524
1.19042
1.18373
1.17667
1.17145
1.17055
1.17578
1.18747
1.20376
1.22086
1.23421
1.24004
1.23636
1.22359
1.20409
1.18152
1.16009
1.14312
1.13219
1.12658
1.1241
1.12262
1.12128
1.12103
1.12382
1.13174
1.14581
1.16556
1.18912
1.21372
1.23613
1.25323
1.26228
1.26131
1.24934
1.22636
1.19337
1.15246
1.10716
1.06263
1.02556
1.00276
0.998292
1.01158
1.03807
1.07181
1.10746
1.14102
1.16991
1.19284
1.20973
1.22124
1.22851
1.23258
1.23441
1.23461
1.23361
1.23135
1.22714
1.2198
1.20809
1.1916
1.17144
1.15034
1.1322
1.1208
1.11862
1.12603
1.14125
1.16089
1.18087
1.19757
1.20853
1.21272
1.21056
1.20334
1.19254
1.1796
1.16561
1.15174
1.13966
1.13131
1.12847
1.13176
1.13991
1.14989
1.15797
1.16122
1.15853
1.1513
1.14271
1.13644
1.13535
1.14053
1.15107
1.1645
1.17764
1.1873
1.19095
1.18715
1.17571
1.15782
1.13576
1.11267
1.09204
1.07706
1.06999
1.07145
1.08032
1.09434
1.11101
1.12839
1.14541
1.162
1.17872
1.19627
1.2149
1.23381
1.25116
1.26485
1.27365
1.27765
1.27818
1.27658
1.27374
1.27037
1.26726
1.26498
1.26319
1.26047
1.25451
1.24296
1.22444
1.19877
1.16746
1.13336
1.10017
1.07177
1.05143
1.04107
1.04084
1.04935
1.06427
1.08309
1.10328
1.12272
1.13958
1.15221
1.15935
1.16034
1.15544
1.14598
1.13412
1.12258
1.11406
1.11065
1.11358
1.12318
1.13907
1.16038
1.18569
1.21312
1.24024
1.26448
1.28344
1.29533
1.29904
1.29437
1.28187
1.26252
1.23781
1.20988
1.18135
1.15514
1.13368
1.1183
1.1089
1.1044
1.10371
1.10619
1.11165
1.1199
1.13056
1.14308
1.15654
1.16936
1.17937
1.18428
1.18268
1.17458
1.16188
1.14793
1.13652
1.13073
1.13176
1.13888
1.14988
1.16222
1.17373
1.18299
1.18963
1.19415
1.19758
1.20121
1.20616
1.21288
1.22085
1.22866
1.23445
1.23658
1.23422
1.22779
1.21865
1.20853
1.19898
1.19074
1.1836
1.17661
1.16868
1.15891
1.14694
1.13291
1.11769
1.10275
1.09013
1.08213
1.08065
1.08652
1.09912
1.11686
1.13786
1.16039
1.18299
1.20433
1.22309
1.23781
1.24698
1.24952
1.24503
1.23404
1.2177
1.19717
1.1734
1.1471
1.11912
1.09088
1.06457
1.04301
1.02914
1.02537
1.03321
1.05284
1.08321
1.1219
1.16526
1.20878
1.2477
1.27787
1.29614
1.30078
1.29177
1.27086
1.24139
1.20764
1.17422
1.14528
1.12388
1.11159
1.1083
1.11237
1.12106
1.13126
1.14012
1.14584
1.14799
1.14746
1.14609
1.14609
1.14927
1.1566
1.16827
1.18373
1.20188
1.22115
1.23948
1.25455
1.26407
1.26615
1.25956
1.24415
1.22099
1.19236
1.16145
1.13184
1.10657
1.08758
1.07536
1.06934
1.0685
1.07231
1.08086
1.09452
1.11314
1.13512
1.15707
1.1746
1.18369
1.18216
1.17052
1.15194
1.13102
1.11227
1.09874
1.09158
1.0906
1.09481
1.10275
1.11282
1.12369
1.13455
1.14527
1.15614
1.16792
1.18169
1.19839
1.21859
1.24171
1.26633
1.29017
1.31048
1.32488
1.33166
1.32992
1.3193
1.29997
1.27271
1.23923
1.20224
1.16536
1.13218
1.10555
1.0869
1.07655
1.07411
1.07875
1.08914
1.10324
1.11834
1.13183
1.14213
1.14908
1.1535
1.15669
1.1597
1.16295
1.16619
1.16887
1.17048
1.17088
1.17038
1.17003
1.17126
1.17516
1.1818
1.19014
1.19838
1.20452
1.20709
1.2055
1.20004
1.19182
1.18244
1.17378
1.16755
1.16483
1.16587
1.16993
1.17568
1.18155
1.18627
1.18908
1.18968
1.18796
1.1838
1.1769
1.16714
1.15492
1.14135
1.1283
1.11787
1.11188
1.11158
1.11762
1.1301
1.14851
1.17153
1.19696
1.22205
1.24391
1.25989
1.26827
1.26875
1.26269
1.25264
1.24097
1.2291
1.21728
1.20526
1.19293
1.18063
1.16913
1.15956
1.15302
1.15012
1.15034
1.15221
1.15336
1.15143
1.14489
1.13361
1.11895
1.10364
1.09092
1.08385
1.08451
1.09343
1.10952
1.13034
1.15302
1.17476
1.19356
1.20822
1.21828
1.22381
1.22503
1.22224
1.21599
1.20762
1.19951
1.1943
1.19364
1.19741
1.20409
1.21161
1.21803
1.22199
1.2226
1.21968
1.21379
1.20583
1.19653
1.18616
1.17466
1.16237
1.15024
1.14014
1.13414
1.13361
1.1383
1.14607
1.15378
1.15843
1.15816
1.15225
1.14101
1.12552
1.10773
1.09029
1.07629
1.06865
1.06937
1.07902
1.09631
1.11832
1.14113
1.16087
1.17468
1.18129
1.18115
1.17583
1.16728
1.15719
1.14703
1.13843
1.13308
1.13248
1.13719
1.1468
1.16024
1.17633
1.19387
1.21118
1.22605
1.23617
1.23984
1.23695
1.22946
1.22092
1.2152
1.21474
1.21959
1.22807
1.23861
1.25066
1.26429
1.27896
1.29289
1.30316
1.30675
1.30175
1.28799
1.26706
1.24155
1.21438
1.18811
1.16443
1.14391
1.12624
1.11074
1.09664
1.0833
1.07026
1.05762
1.04586
1.03571
1.02795
1.0234
1.02281
1.02673
1.03517
1.04751
1.06267
1.07924
1.09568
1.11057
1.12265
1.13093
1.13495
1.13505
1.13222
1.12796
1.12423
1.12303
1.12618
1.13478
1.14894
1.16753
1.18848
1.20944
1.22819
1.24293
1.25221
1.25492
1.25043
1.23886
1.22133
1.20008
1.17863
1.16106
1.15093
1.14971
1.1558
1.16525
1.17376
1.17858
1.17882
1.17512
1.16901
1.16263
1.15837
1.15841
1.16389
1.17431
1.18751
1.20056
1.2109
1.21711
1.21889
1.21641
1.20999
1.19998
1.18674
1.17095
1.1537
1.13619
1.11954
1.10462
1.09232
1.08379
1.08045
1.08331
1.09232
1.10614
1.12255
1.13869
1.15145
1.15785
1.1558
1.14485
1.12692
1.10611
1.08765
1.07647
1.07582
1.08674
1.10828
1.13814
1.17328
1.21048
1.24668
1.2792
1.30592
1.3252
1.3357
1.33663
1.32771
1.30916
1.28197
1.24779
1.20896
1.16829
1.12911
1.09522
1.07042
1.05746
1.05692
1.06658
1.082
1.09825
1.11163
1.12047
1.12525
1.12791
1.13071
1.13511
1.14118
1.14814
1.15519
1.16212
1.16908
1.17624
1.18334
1.18978
1.19519
1.20006
1.20581
1.21402
1.22557
1.24012
1.25632
1.27203
1.28474
1.29202
1.2923
1.28543
1.27253
1.25545
1.23617
1.21609
1.19586
1.17581
1.1562
1.13743
1.11994
1.10398
1.08962
1.07711
1.06721
1.0611
1.05999
1.06456
1.07432
1.08762
1.1021
1.11549
1.12642
1.13448
1.1401
1.14416
1.14747
1.1504
1.15276
1.15392
1.15326
1.15058
1.14622
1.141
1.13574
1.131
1.12705
1.12365
1.12031
1.11648
1.11197
1.10711
1.10255
1.0989
1.09634
1.09441
1.09231
1.08954
1.08642
1.08415
1.08442
1.08884
1.09837
1.1131
1.13235
1.15502
1.17993
1.20579
1.23099
1.25361
1.27156
1.28282
1.28576
1.27985
1.26637
1.2485
1.2305
1.21615
1.20736
1.20363
1.20291
1.20288
1.20204
1.2001
1.19769
1.19567
1.19462
1.19446
1.19443
1.19338
1.19034
1.18515
1.1785
1.17171
1.16595
1.16165
1.15856
1.15606
1.15389
1.15208
1.15037
1.14793
1.144
1.13869
1.13332
1.12994
1.13033
1.13493
1.14255
1.15082
1.15719
1.15998
1.15873
1.15426
1.14795
1.14118
1.13479
1.12901
1.12368
1.11863
1.11415
1.11136
1.11203
1.11791
1.12965
1.146
1.16422
1.18099
1.19385
1.20204
1.2062
1.20767
1.20765
1.2067
1.20481
1.20182
1.19766
1.19273
1.18774
1.18333
1.17988
1.17741
1.17561
1.17418
1.17312
1.17284
1.17388
1.17666
1.18095
1.18571
1.18895
1.18824
1.18138
1.16686
1.14436
1.11503
1.08153
1.04816
1.02028
1.00308
1.00026
1.01311
1.04026
1.0781
1.12215
1.16796
1.21191
1.25145
1.28483
1.31074
1.32787
1.33475
1.32991
1.31254
1.28345
1.2455
1.2037
1.16446
1.13377
1.11511
1.10814
1.10925
1.11343
1.11656
1.11667
1.1141
1.11103
1.11023
1.11384
1.12248
1.13513
1.14982
1.16448
1.17769
1.1889
1.19828
1.20595
1.21159
1.21424
1.21265
1.20601
1.19431
1.17877
1.16186
1.14734
1.13915
1.13941
1.14692
1.15816
1.16947
1.17846
1.18418
1.18648
1.18566
1.18232
1.17711
1.1706
1.16322
1.15494
1.1454
1.13398
1.12015
1.10412
1.08732
1.07238
1.06262
1.06081
1.06831
1.08474
1.10824
1.13614
1.16567
1.19434
1.22024
1.24202
1.25898
1.27089
1.27797
1.28044
1.27854
1.27243
1.26255
1.24965
1.23472
1.21862
1.20204
1.18549
1.16944
1.15461
1.14191
1.13234
1.12683
1.12596
1.12968
1.13739
1.14815
1.16072
1.17366
1.18536
1.19401
1.19791
1.19622
1.18967
1.18017
1.17006
1.16103
1.15364
1.14776
1.14351
1.14199
1.14498
1.15365
1.16752
1.18456
1.20231
1.219
1.23382
1.24644
1.2564
1.26259
1.26362
1.25829
1.24612
1.22753
1.20439
1.18023
1.15976
1.14675
1.14163
1.14154
1.14311
1.14452
1.14544
1.146
1.14585
1.14405
1.1394
1.13107
1.11912
1.10468
1.08939
1.07512
1.06371
1.05691
1.05607
1.0617
1.07299
1.08779
1.10317
1.11643
1.12566
1.1303
1.13143
1.13154
1.13358
1.14002
1.15191
1.1685
1.18763
1.20663
1.22314
1.23586
1.24458
1.24994
1.25273
1.25357
1.25281
1.25087
1.24796
1.24404
1.23901
1.23302
1.22689
1.22197
1.21944
1.2197
1.22202
1.22481
1.226
1.22307
1.21343
1.19503
1.1671
1.13074
1.08902
1.04648
1.00859
0.981179
0.969403
0.976416
1.00209
1.04297
1.09333
1.14658
1.19662
1.23864
1.26934
1.28701
1.29132
1.28318
1.26462
1.23846
1.20791
1.17634
1.14716
1.12356
1.10814
1.10235
1.10598
1.11743
1.13434
1.15429
1.17535
1.19616
1.21558
1.23228
1.24437
1.24979
1.24703
1.23552
1.216
1.19008
1.15995
1.12786
1.09619
1.06748
1.04481
1.03144
1.0299
1.04113
1.06386
1.09513
1.13084
1.16671
1.19876
1.22415
1.24146
1.25085
1.25384
1.25266
1.24935
1.24515
1.24034
1.23466
1.22762
1.21908
1.20935
1.19909
1.18859
1.17763
1.16583
1.1536
1.142
1.13201
1.12396
1.1175
1.11294
1.11217
1.1178
1.13044
1.1472
1.16372
1.17698
1.18608
1.19149
1.19416
1.19464
1.19296
1.18866
1.18113
1.16999
1.15538
1.13828
1.12068
1.10568
1.09683
1.09617
1.10226
1.11032
1.1149
1.1132
1.10697
1.10269
1.10843
1.12858
1.16034
1.19661
1.23054
1.25778
1.27616
1.28501
1.28485
1.27726
1.26457
1.24924
1.23329
1.21791
1.20358
1.19028
1.17828
1.1683
1.16112
1.15721
1.15654
1.15896
1.16458
1.1741
1.18791
1.20567
1.2257
1.24495
1.25983
1.26723
1.26554
1.25486
1.23687
1.21411
1.18897
1.16302
1.13687
1.11048
1.08387
1.0575
1.03264
1.0114
0.996485
0.990681
0.9963
1.01438
1.04433
1.084
1.12982
1.17735
1.22176
1.2586
1.28439
1.29723
1.29698
1.28517
1.26441
1.23786
1.2087
1.17966
1.15279
1.12964
1.1113
1.09829
1.09056
1.08719
1.08671
1.08749
1.08849
1.08963
1.09157
1.09538
1.10208
1.11246
1.12689
1.1454
1.1676
1.19239
1.21787
1.24143
1.26027
1.27196
1.27502
1.26921
1.25538
1.23529
1.21157
1.1879
1.16862
1.15786
1.15781
1.16791
1.18527
1.20623
1.22729
1.24562
1.25894
1.26547
1.26388
1.25352
1.2348
1.20923
1.17919
1.14737
1.11632
1.0883
1.06522
1.04852
1.03902
1.0367
1.04095
1.05069
1.06467
1.08153
1.09976
1.1178
1.13438
1.14887
1.16144
1.17274
1.18341
1.19404
1.20481
1.21545
1.22509
1.23236
1.23573
1.23403
1.22711
1.21618
1.20358
1.19203
1.18359
1.17923
1.17896
1.18182
1.18646
1.1912
1.19456
1.19549
1.19353
1.18881
1.18176
1.17263
1.16163
1.14943
1.13739
1.12695
1.11883
1.11295
1.1091
1.10767
1.10997
1.11724
1.12985
1.14685
1.16652
1.18701
1.20678
1.22457
1.23935
1.25043
1.25757
1.261
1.26121
1.25858
1.25296
1.24385
1.23079
1.21385
1.19389
1.17259
1.15193
1.13353
1.11809
1.10515
1.09328
1.08078
1.06625
1.04914
1.03009
1.01125
0.996189
0.989439
0.994919
1.01425
1.04607
1.0868
1.13205
1.17765
1.21995
1.25594
1.28354
1.30188
1.31128
1.31298
1.30868
1.29983
1.28779
1.27363
1.25835
1.24302
1.22851
1.21554
1.2043
1.19421
1.18438
1.17414
1.16377
1.15446
1.14784
1.14497
1.14571
1.14878
1.1525
1.15547
1.15706
1.15713
1.15569
1.15289
1.14887
1.14386
1.13796
1.13105
1.12294
1.11358
1.10357
1.09435
1.08833
1.08815
1.09563
1.11075
1.13137
1.15409
1.1756
1.19347
1.20639
1.21386
1.21578
1.21227
1.20381
1.19158
1.17743
1.16384
1.15332
1.1475
1.14657
1.14916
1.15295
1.15581
1.1566
1.15558
1.15393
1.15296
1.15369
1.15663
1.16165
1.16813
1.17493
1.18034
1.18243
1.1795
1.17056
1.15574
1.13662
1.11605
1.09802
1.08673
1.08521
1.09421
1.11193
1.13511
1.16055
1.18612
1.21045
1.23235
1.25022
1.26239
1.26745
1.26486
1.25511
1.23959
1.22082
1.20235
1.18775
1.17929
1.17706
1.17921
1.18313
1.18647
1.18748
1.18498
1.17825
1.16714
1.15237
1.13582
1.12061
1.11021
1.10675
1.1103
1.11918
1.13125
1.14445
1.15689
1.16674
1.17241
1.17298
1.16865
1.16084
1.15188
1.14441
1.1404
1.14038
1.14321
1.14667
1.1486
1.14774
1.14421
1.13955
1.13609
1.1362
1.14126
1.15153
1.16588
1.18229
1.19829
1.21145
1.22012
1.22381
1.2233
1.22022
1.21636
1.21308
1.21067
1.2084
1.20497
1.19917
1.19045
1.17943
1.16758
1.15673
1.14809
1.14165
1.13608
1.12943
1.12003
1.10729
1.09185
1.07547
1.06039
1.04912
1.04408
1.04715
1.05923
1.0798
1.10709
1.13852
1.17124
1.20222
1.22837
1.24704
1.25661
1.25687
1.24916
1.23614
1.22118
1.20761
1.19786
1.19295
1.19266
1.19592
1.2014
1.20793
1.21474
1.22154
1.22806
1.23394
1.23836
1.23992
1.23714
1.22906
1.21559
1.19726
1.17503
1.15002
1.12347
1.09688
1.0721
1.05125
1.03628
1.02854
1.02852
1.03562
1.04861
1.06583
1.08565
1.10678
1.12823
1.1494
1.17006
1.19034
1.21029
1.22978
1.24809
1.26396
1.27557
1.281
1.27862
1.26757
1.24804
1.2213
1.18937
1.15486
1.12066
1.08976
1.06494
1.04862
1.04232
1.04604
1.05821
1.07603
1.09643
1.11694
1.1362
1.15406
1.17083
1.18691
1.20202
1.21512
1.22474
1.22959
1.22907
1.22337
1.21328
1.20016
1.1859
1.17292
1.16375
1.15971
1.16042
1.16435
1.16999
1.17661
1.18421
1.19302
1.20292
1.21333
1.22327
1.23168
1.23771
1.24073
1.24012
1.2351
1.22479
1.20856
1.18631
1.15891
1.12842
1.09777
1.07058
1.05046
1.04028
1.04132
1.05249
1.07073
1.09212
1.11333
1.13234
1.14831
1.16104
1.17025
1.17542
1.17603
1.17191
1.16357
1.15259
1.14148
1.13345
1.13177
1.13866
1.15433
1.17659
1.20156
1.22495
1.24326
1.25408
1.25617
1.24932
1.23425
1.21287
1.1882
1.16396
1.14409
1.13146
1.12699
1.12937
1.13609
1.14485
1.15416
1.1632
1.17125
1.17743
1.18096
1.18177
1.18084
1.17988
1.18029
1.18222
1.18444
1.18534
1.18433
1.18232
1.18068
1.1798
1.17868
1.17562
1.16963
1.16102
1.15121
1.14215
1.13567
1.13296
1.13412
1.1382
1.14377
1.14985
1.15645
1.16428
1.17405
1.18542
1.19677
1.2058
1.21082
1.2119
1.21091
1.21031
1.21209
1.21695
1.22418
1.23213
1.23885
1.24254
1.24193
1.23673
1.22753
1.2156
1.2025
1.18961
1.17775
1.16697
1.15689
1.14727
1.13832
1.13078
1.12551
1.12318
1.12386
1.12728
1.13308
1.14099
1.15076
1.16198
1.17392
1.18547
1.19535
1.20207
1.20407
1.19989
1.18867
1.17075
1.14791
1.12336
1.1013
1.08564
1.07887
1.08117
1.09041
1.10287
1.11463
1.1228
1.12631
1.12589
1.12342
1.12094
1.11991
1.12081
1.12342
1.12707
1.1312
1.13544
1.13959
1.14318
1.14553
1.14609
1.14517
1.144
1.14458
1.14888
1.15822
1.17268
1.19083
1.2104
1.22894
1.24468
1.25676
1.26534
1.27104
1.27415
1.27403
1.26912
1.25768
1.2386
1.21206
1.17961
1.14407
1.10898
1.07823
1.05527
1.04255
1.04098
1.04989
1.06782
1.09324
1.12476
1.16092
1.19964
1.23813
1.27313
1.30151
1.32088
1.32977
1.32766
1.31495
1.29309
1.26446
1.23202
1.19907
1.16905
1.14531
1.13068
1.12651
1.13198
1.14416
1.15923
1.17377
1.18538
1.19254
1.19424
1.19002
1.18026
1.16682
1.153
1.14269
1.13919
1.14422
1.1574
1.17653
1.19822
1.21858
1.23405
1.24186
1.24068
1.23064
1.21321
1.19098
1.16691
1.14385
1.12412
1.10925
1.10007
1.09692
1.09962
1.10721
1.118
1.12987
1.14091
1.14986
1.15618
1.15972
1.16024
1.15714
1.14958
1.13692
1.11913
1.09713
1.07316
1.05045
1.03259
1.02273
1.02275
1.03288
1.05168
1.07648
1.104
1.13117
1.15572
1.17631
1.19254
1.2047
1.21344
1.21954
1.22369
1.22675
1.22987
1.23434
1.24122
1.25069
1.26167
1.27231
1.28033
1.28373
1.28106
1.27167
1.25586
1.23486
1.21071
1.18597
1.16304
1.14375
1.12927
1.12003
1.11593
1.11646
1.12079
1.12774
1.13599
1.14401
1.15002
1.15249
1.15058
1.14444
1.13555
1.12634
1.11983
1.11885
1.12485
1.13711
1.15281
1.16816
1.17999
1.18683
1.18893
1.1877
1.18485
1.18198
1.18048
1.18164
1.18638
1.19515
1.20764
1.22262
1.23822
1.25214
1.26181
1.26483
1.25928
1.24411
1.21974
1.18834
1.15395
1.12177
1.09698
1.08301
1.08027
1.08617
1.09646
1.10719
1.11631
1.12398
1.13152
1.13995
1.14887
1.15656
1.16113
1.16162
1.15825
1.1524
1.1459
1.1405
1.13736
1.13705
1.13958
1.14479
1.15248
1.16236
1.17366
1.18511
1.19512
1.20239
1.20623
1.20675
1.20494
1.20204
1.19922
1.19699
1.19519
1.19326
1.19068
1.18735
1.18357
1.17975
1.17611
1.17248
1.16828
1.16296
1.15634
1.14858
1.14001
1.13094
1.12131
1.11091
1.09998
1.08983
1.08299
1.08259
1.09119
1.10961
1.13619
1.16722
1.19797
1.2241
1.24267
1.25254
1.2539
1.24762
1.23479
1.2166
1.1946
1.17084
1.14783
1.12813
1.11363
1.10507
1.10202
1.10308
1.10677
1.11194
1.11804
1.12513
1.13355
1.14349
1.15436
1.16489
1.17326
1.17761
1.17682
1.17082
1.16067
1.14836
1.13648
1.12764
1.12378
1.12577
1.13325
1.14488
1.15904
1.17458
1.19089
1.20793
1.22572
1.24395
1.26133
1.27574
1.2848
1.28654
1.28029
1.26702
1.24914
1.22989
1.21254
1.19946
1.19188
1.18986
1.19264
1.19885
1.20642
1.21298
1.21621
1.21454
1.20754
1.19575
1.18032
1.1627
1.14451
1.12748
1.11312
1.10255
1.0962
1.09365
1.09394
1.09571
1.09754
1.09819
1.09704
1.09424
1.09066
1.08762
1.0863
1.08744
1.09108
1.09679
1.10405
1.11248
1.12168
1.13107
1.13961
1.14586
1.14819
1.14544
1.13762
1.12635
1.11473
1.10641
1.10417
1.1086
1.11795
1.12899
1.13878
1.14559
1.14915
1.15017
1.14951
1.14759
1.14438
1.1398
1.13431
1.1293
1.12675
1.12875
1.13646
1.14956
1.16644
1.18518
1.20453
1.22413
1.24399
1.26386
1.28227
1.29674
1.30428
1.30216
1.28911
1.26579
1.23468
1.19951
1.16418
1.13213
1.10581
1.08675
1.07575
1.073
1.0783
1.09076
1.10889
1.13111
1.15614
1.1828
1.20903
1.23127
1.24536
1.24809
1.23845
1.21787
1.18962
1.15792
1.12716
1.10113
1.08276
1.07396
1.07554
1.08723
1.10772
1.1348
1.16559
1.19676
1.22509
1.24783
1.26315
1.27034
1.26945
1.2611
1.24631
1.22644
1.20321
1.17883
1.15583
