-6.71208
-6.7015
-6.69406
-6.69204
-6.69603
-6.70364
-6.71195
-6.72438
-6.73604
-6.74714
-6.75406
-6.75711
-6.75825
-6.75878
-6.75855
-6.75275
-6.74679
-6.73568
-6.72372
-6.706
-6.6882
-6.66551
-6.64611
-6.63153
-6.61838
-6.61106
-6.60476
-6.60232
-6.59631
-6.58994
-6.58459
-6.57998
-6.5798
-6.59327
-6.61676
-6.64728
-6.68525
-6.71836
-6.74599
-6.76827
-6.78174
-6.78843
-6.79029
-6.78488
-6.77443
-6.75629
-6.73158
-6.70743
-6.68154
-6.65822
-6.6379
-6.6267
-6.62424
-6.63043
-6.63729
-6.64635
-6.65979
-6.67251
-6.68437
-6.69638
-6.70388
-6.708
-6.70718
-6.70085
-6.68669
-6.66828
-6.64986
-6.63552
-6.6284
-6.62929
-6.63658
-6.64666
-6.65805
-6.67074
-6.68186
-6.69931
-6.71927
-6.73995
-6.76407
-6.78515
-6.8013
-6.80764
-6.8048
-6.79588
-6.78241
-6.75988
-6.73166
-6.70397
-6.67266
-6.64512
-6.62752
-6.61728
-6.616
-6.62513
-6.64434
-6.67116
-6.70286
-6.73588
-6.77043
-6.79417
-6.8095
-6.81608
-6.8077
-6.78516
-6.75379
-6.71443
-6.67092
-6.63153
-6.59898
-6.57501
-6.56492
-6.56824
-6.5844
-6.60588
-6.63348
-6.65735
-6.67727
-6.69166
-6.70236
-6.70584
-6.70445
-6.69916
-6.68738
-6.67587
-6.66543
-6.66162
-6.6609
-6.66557
-6.67752
-6.69699
-6.7202
-6.7416
-6.76015
-6.77174
-6.77747
-6.77891
-6.76833
-6.74938
-6.72953
-6.70677
-6.68812
-6.6775
-6.67403
-6.68119
-6.69077
-6.69997
-6.70484
-6.70518
-6.70232
-6.69566
-6.69121
-6.68399
-6.67668
-6.6646
-6.65625
-6.64849
-6.64796
-6.6527
-6.66329
-6.68168
-6.69812
-6.71306
-6.7247
-6.73237
-6.73187
-6.72651
-6.71598
-6.70099
-6.68666
-6.67443
-6.66423
-6.66087
-6.66963
-6.68861
-6.71498
-6.74272
-6.75983
-6.76833
-6.76343
-6.7499
-6.72771
-6.70484
-6.67853
-6.65312
-6.63074
-6.6163
-6.61495
-6.62527
-6.65195
-6.6871
-6.72946
-6.77016
-6.80471
-6.82768
-6.83875
-6.83602
-6.8209
-6.79635
-6.76065
-6.71847
-6.67278
-6.62701
-6.58517
-6.55284
-6.53381
-6.52876
-6.5395
-6.56211
-6.59429
-6.62927
-6.66516
-6.69907
-6.72675
-6.74728
-6.75916
-6.76139
-6.76263
-6.75657
-6.7476
-6.73618
-6.72173
-6.70457
-6.68388
-6.66261
-6.64331
-6.63039
-6.62582
-6.63039
-6.64653
-6.66698
-6.69076
-6.71385
-6.73361
-6.75273
-6.77166
-6.78639
-6.79562
-6.8004
-6.79821
-6.78661
-6.76957
-6.74882
-6.73297
-6.72486
-6.72338
-6.7291
-6.73839
-6.7513
-6.76024
-6.76513
-6.75951
-6.74336
-6.71695
-6.68163
-6.6417
-6.60279
-6.57235
-6.55598
-6.5519
-6.55867
-6.5738
-6.59896
-6.62515
-6.65478
-6.68238
-6.70807
-6.72774
-6.7456
-6.75889
-6.76312
-6.76464
-6.75661
-6.74275
-6.72486
-6.70525
-6.68615
-6.66852
-6.65051
-6.62866
-6.6025
-6.57538
-6.55135
-6.53034
-6.51603
-6.51055
-6.51733
-6.53229
-6.5589
-6.59474
-6.63699
-6.68405
-6.73314
-6.77935
-6.81649
-6.84111
-6.85562
-6.85785
-6.84647
-6.83004
-6.807
-6.78088
-6.75615
-6.73755
-6.72269
-6.7134
-6.70492
-6.69699
-6.68968
-6.68012
-6.67418
-6.66992
-6.67109
-6.677
-6.68885
-6.70581
-6.71912
-6.72743
-6.72534
-6.71495
-6.69554
-6.67297
-6.65129
-6.63483
-6.62601
-6.62598
-6.63295
-6.64667
-6.66292
-6.68042
-6.69721
-6.70973
-6.71737
-6.71684
-6.7103
-6.69785
-6.68602
-6.67062
-6.65638
-6.64426
-6.63373
-6.62759
-6.62796
-6.63437
-6.64578
-6.66506
-6.68256
-6.70197
-6.72003
-6.73301
-6.74421
-6.74745
-6.74637
-6.73835
-6.7269
-6.7142
-6.7
-6.68824
-6.67643
-6.66553
-6.65584
-6.65121
-6.64812
-6.64908
-6.65082
-6.65064
-6.64755
-6.64637
-6.6425
-6.6414
-6.63865
-6.63985
-6.64559
-6.65316
-6.66374
-6.6761
-6.69286
-6.71342
-6.73468
-6.75415
-6.77035
-6.78365
-6.79055
-6.79526
-6.79711
-6.79613
-6.79298
-6.78667
-6.77839
-6.7663
-6.75689
-6.74463
-6.73234
-6.72151
-6.71205
-6.70984
-6.70693
-6.7048
-6.69903
-6.68767
-6.6746
-6.65423
-6.63438
-6.61353
-6.59785
-6.58793
-6.58522
-6.58473
-6.5889
-6.59462
-6.60593
-6.62101
-6.63995
-6.66142
-6.67793
-6.68936
-6.68972
-6.68089
-6.66651
-6.64528
-6.62276
-6.60685
-6.59972
-6.60517
-6.6257
-6.66227
-6.70446
-6.74617
-6.77903
-6.79527
-6.79919
-6.7869
-6.76139
-6.73353
-6.70785
-6.68967
-6.68223
-6.68311
-6.68969
-6.70126
-6.71451
-6.72647
-6.73791
-6.74498
-6.74941
-6.74804
-6.74933
-6.74849
-6.74511
-6.74022
-6.73445
-6.72467
-6.71596
-6.70664
-6.69659
-6.68841
-6.68504
-6.6849
-6.68796
-6.69162
-6.69504
-6.69617
-6.69678
-6.6947
-6.69336
-6.69131
-6.69215
-6.69809
-6.70689
-6.71594
-6.72721
-6.73896
-6.74611
-6.75117
-6.75072
-6.74761
-6.73569
-6.72115
-6.7019
-6.68348
-6.66564
-6.65145
-6.64415
-6.64106
-6.64367
-6.64671
-6.65015
-6.64943
-6.64432
-6.63283
-6.61414
-6.59813
-6.58279
-6.57156
-6.56641
-6.56764
-6.5752
-6.59247
-6.61646
-6.64248
-6.67302
-6.70385
-6.73262
-6.75864
-6.78226
-6.80391
-6.82409
-6.8377
-6.84623
-6.84771
-6.84442
-6.8354
-6.82163
-6.80696
-6.7905
-6.77179
-6.75385
-6.73311
-6.71074
-6.68733
-6.66427
-6.6416
-6.62216
-6.60709
-6.59672
-6.59571
-6.6019
-6.61481
-6.63558
-6.65622
-6.67579
-6.68968
-6.69432
-6.69215
-6.68158
-6.67066
-6.66203
-6.65863
-6.65875
-6.66201
-6.66701
-6.67331
-6.68261
-6.69098
-6.69903
-6.70068
-6.70401
-6.70056
-6.69562
-6.68612
-6.67765
-6.67024
-6.67244
-6.67617
-6.68761
-6.70483
-6.71932
-6.73369
-6.7438
-6.74828
-6.7487
-6.7444
-6.73491
-6.72639
-6.71959
-6.71621
-6.71092
-6.70095
-6.69021
-6.67609
-6.66297
-6.65204
-6.6428
-6.63943
-6.64278
-6.6534
-6.66928
-6.68478
-6.6989
-6.71157
-6.72114
-6.72908
-6.7328
-6.7318
-6.73208
-6.72921
-6.72631
-6.7283
-6.73278
-6.74048
-6.75225
-6.76416
-6.77593
-6.78516
-6.79034
-6.79203
-6.79001
-6.78284
-6.77189
-6.76167
-6.74892
-6.73655
-6.71672
-6.69392
-6.67128
-6.64768
-6.62954
-6.61612
-6.61022
-6.60997
-6.61275
-6.61387
-6.61543
-6.61636
-6.62044
-6.62458
-6.63427
-6.64747
-6.66012
-6.67278
-6.68241
-6.69052
-6.69626
-6.70164
-6.70342
-6.70377
-6.70135
-6.69857
-6.69203
-6.67964
-6.66629
-6.65177
-6.63822
-6.6219
-6.60407
-6.59344
-6.58242
-6.57944
-6.58203
-6.59171
-6.61105
-6.63545
-6.66477
-6.69638
-6.7228
-6.74828
-6.76894
-6.78584
-6.79921
-6.8079
-6.81516
-6.82186
-6.82624
-6.8295
-6.83295
-6.83056
-6.82607
-6.81188
-6.79274
-6.77275
-6.74629
-6.71916
-6.69324
-6.66901
-6.6489
-6.63119
-6.61814
-6.60754
-6.60074
-6.59389
-6.59177
-6.59323
-6.59835
-6.60822
-6.62183
-6.63938
-6.6563
-6.67082
-6.67764
-6.68094
-6.67935
-6.67315
-6.66742
-6.66326
-6.66675
-6.67135
-6.68205
-6.69559
-6.71195
-6.73387
-6.7553
-6.7672
-6.77672
-6.77411
-6.76398
-6.74612
-6.72955
-6.71089
-6.69442
-6.67989
-6.6661
-6.65599
-6.64828
-6.6415
-6.63593
-6.63585
-6.63962
-6.64904
-6.66265
-6.67496
-6.68851
-6.69526
-6.69522
-6.68523
-6.66976
-6.65178
-6.6363
-6.62614
-6.62243
-6.62986
-6.64457
-6.66211
-6.67864
-6.70003
-6.71889
-6.73859
-6.75805
-6.77401
-6.7889
-6.79928
-6.80347
-6.8037
-6.79763
-6.78183
-6.75969
-6.73346
-6.70575
-6.67988
-6.6593
-6.65084
-6.65179
-6.66565
-6.68878
-6.71605
-6.74113
-6.76259
-6.77631
-6.77892
-6.77073
-6.74897
-6.71644
-6.67829
-6.64519
-6.62281
-6.61184
-6.61217
-6.62291
-6.63739
-6.6526
-6.67161
-6.68889
-6.70116
-6.71326
-6.71997
-6.71829
-6.71257
-6.70189
-6.68916
-6.67428
-6.66223
-6.65532
-6.65097
-6.65427
-6.66046
-6.66821
-6.68192
-6.6964
-6.70876
-6.71628
-6.71791
-6.70642
-6.68777
-6.654
-6.6153
-6.57471
-6.54247
-6.52392
-6.52671
-6.54564
-6.57555
-6.61093
-6.6469
-6.6775
-6.70158
-6.71738
-6.72477
-6.7279
-6.72626
-6.71843
-6.71243
-6.70362
-6.69781
-6.69508
-6.69603
-6.70449
-6.71975
-6.74095
-6.76468
-6.79033
-6.81366
-6.83009
-6.83806
-6.83718
-6.83088
-6.82176
-6.80484
-6.78605
-6.76384
-6.74371
-6.72035
-6.69646
-6.67125
-6.64554
-6.62286
-6.60576
-6.59527
-6.59342
-6.6019
-6.61604
-6.64285
-6.6714
-6.69945
-6.72307
-6.73595
-6.74276
-6.74278
-6.73339
-6.71778
-6.69707
-6.67324
-6.65128
-6.63322
-6.62583
-6.62427
-6.63089
-6.64351
-6.66241
-6.68229
-6.69957
-6.71132
-6.71918
-6.7245
-6.72657
-6.72418
-6.72049
-6.71313
-6.70716
-6.70074
-6.6933
-6.68574
-6.67425
-6.65992
-6.64793
-6.63343
-6.621
-6.61082
-6.6033
-6.6001
-6.59628
-6.5953
-6.59626
-6.599
-6.60448
-6.61605
-6.6276
-6.6449
-6.66508
-6.68738
-6.70813
-6.72741
-6.74064
-6.74879
-6.74837
-6.7434
-6.73147
-6.71709
-6.70537
-6.69262
-6.68506
-6.68173
-6.68504
-6.69241
-6.70497
-6.7174
-6.73301
-6.74914
-6.76389
-6.77617
-6.78492
-6.78377
-6.77371
-6.75653
-6.73486
-6.71133
-6.68643
-6.66829
-6.65865
-6.65305
-6.65044
-6.65442
-6.66042
-6.66578
-6.66738
-6.67154
-6.67582
-6.68069
-6.68491
-6.69113
-6.699
-6.70448
-6.70636
-6.70746
-6.7082
-6.70965
-6.71306
-6.7136
-6.7161
-6.71567
-6.70931
-6.69721
-6.67576
-6.64967
-6.62102
-6.59347
-6.57143
-6.55335
-6.54396
-6.54174
-6.54928
-6.56387
-6.58912
-6.61886
-6.65542
-6.69069
-6.72336
-6.74809
-6.76736
-6.78334
-6.79327
-6.79647
-6.79857
-6.79575
-6.79114
-6.7832
-6.76934
-6.75266
-6.73222
-6.71131
-6.69111
-6.67392
-6.66477
-6.65976
-6.65902
-6.65776
-6.65765
-6.65875
-6.65686
-6.65685
-6.65479
-6.65379
-6.65419
-6.65732
-6.66343
-6.67382
-6.69086
-6.71208
-6.73358
-6.75248
-6.76859
-6.77513
-6.77709
-6.76792
-6.75157
-6.7294
-6.70487
-6.67928
-6.65366
-6.63257
-6.6205
-6.61117
-6.61024
-6.61527
-6.62376
-6.63969
-6.65442
-6.66823
-6.68045
-6.68971
-6.70049
-6.70737
-6.70934
-6.71388
-6.7133
-6.70938
-6.70723
-6.7019
-6.69479
-6.68808
-6.68043
-6.67527
-6.66734
-6.65933
-6.64901
-6.63587
-6.62739
-6.6226
-6.6229
-6.62811
-6.64119
-6.65482
-6.67042
-6.68588
-6.70236
-6.71865
-6.72901
-6.73547
-6.73965
-6.74075
-6.73772
-6.73178
-6.72418
-6.71777
-6.70647
-6.69293
-6.68221
-6.67124
-6.66116
-6.65163
-6.64434
-6.63857
-6.63727
-6.64047
-6.64957
-6.65668
-6.66438
-6.67277
-6.67771
-6.6807
-6.68281
-6.6825
-6.68233
-6.68353
-6.68463
-6.6859
-6.68539
-6.68437
-6.68287
-6.68104
-6.67478
-6.66623
-6.65352
-6.64148
-6.63315
-6.62691
-6.62168
-6.62607
-6.63926
-6.66268
-6.6891
-6.72363
-6.75513
-6.78064
-6.79831
-6.80666
-6.80532
-6.79962
-6.78693
-6.77211
-6.75448
-6.73866
-6.72192
-6.70633
-6.69497
-6.68741
-6.68364
-6.6851
-6.68675
-6.6913
-6.69936
-6.70827
-6.71649
-6.72683
-6.73521
-6.74118
-6.74048
-6.736
-6.7288
-6.72002
-6.71265
-6.70554
-6.69741
-6.68969
-6.68238
-6.67537
-6.67071
-6.66853
-6.66771
-6.67179
-6.68077
-6.68733
-6.69214
-6.69201
-6.68962
-6.68534
-6.68066
-6.67616
-6.66886
-6.66291
-6.65535
-6.6487
-6.64427
-6.64136
-6.63975
-6.64068
-6.64065
-6.64182
-6.64427
-6.64823
-6.65026
-6.65452
-6.65753
-6.65859
-6.65665
-6.64929
-6.64034
-6.63555
-6.63235
-6.63221
-6.63619
-6.64831
-6.66128
-6.67732
-6.69446
-6.70895
-6.72122
-6.72546
-6.72416
-6.71634
-6.7068
-6.69704
-6.68927
-6.68408
-6.6871
-6.69062
-6.69801
-6.7071
-6.71522
-6.72464
-6.73453
-6.74355
-6.75087
-6.7599
-6.76507
-6.76634
-6.76295
-6.75882
-6.75234
-6.74793
-6.74123
-6.73539
-6.72898
-6.72336
-6.71877
-6.7121
-6.70876
-6.70192
-6.6972
-6.69494
-6.69279
-6.69631
-6.69726
-6.69667
-6.68971
-6.68217
-6.67362
-6.66978
-6.66429
-6.6626
-6.65836
-6.65562
-6.64942
-6.64585
-6.63539
-6.62227
-6.60829
-6.5941
-6.58615
-6.5839
-6.59084
-6.60313
-6.62526
-6.65106
-6.67811
-6.70338
-6.72582
-6.73768
-6.74469
-6.74434
-6.74255
-6.7387
-6.73557
-6.73103
-6.7302
-6.73026
-6.73114
-6.72922
-6.7249
-6.71843
-6.71294
-6.70538
-6.70374
-6.70398
-6.70826
-6.7152
-6.71988
-6.72404
-6.72725
-6.72789
-6.72341
-6.71567
-6.70836
-6.69768
-6.68981
-6.68484
-6.68693
-6.69174
-6.70563
-6.72075
-6.73723
-6.74988
-6.75946
-6.75725
-6.74878
-6.73282
-6.7127
-6.69054
-6.66746
-6.64619
-6.62746
-6.61393
-6.60347
-6.5989
-6.59586
-6.5935
-6.59457
-6.60042
-6.60656
-6.6196
-6.63321
-6.64816
-6.66163
-6.67131
-6.67771
-6.68188
-6.68506
-6.68683
-6.69018
-6.69481
-6.7012
-6.71042
-6.72068
-6.73031
-6.7391
-6.74724
-6.75361
-6.7581
-6.76101
-6.75981
-6.75332
-6.74344
-6.73087
-6.71408
-6.69306
-6.67566
-6.66005
-6.64754
-6.63627
-6.62932
-6.62529
-6.62703
-6.63296
-6.64357
-6.6552
-6.6663
-6.68076
-6.69217
-6.70111
-6.70649
-6.70876
-6.70476
-6.69265
-6.67153
-6.64651
-6.6226
-6.6043
-6.59472
-6.59516
-6.60764
-6.63145
-6.6577
-6.68252
-6.70132
-6.71855
-6.73209
-6.74103
-6.7451
-6.74222
-6.73377
-6.72243
-6.70842
-6.69326
-6.68325
-6.67866
-6.68373
-6.69627
-6.71561
-6.73506
-6.75517
-6.77142
-6.78212
-6.78864
-6.79183
-6.78863
-6.77968
-6.76751
-6.74856
-6.72559
-6.70307
-6.68392
-6.66874
-6.65597
-6.6489
-6.64135
-6.62934
-6.61643
-6.59659
-6.57571
-6.5571
-6.54259
-6.53815
-6.5426
-6.55867
-6.58227
-6.61043
-6.63955
-6.66515
-6.68848
-6.70408
-6.71611
-6.71811
-6.71752
-6.71554
-6.71144
-6.7071
-6.70373
-6.7019
-6.70358
-6.70328
-6.70607
-6.70694
-6.70858
-6.71109
-6.71485
-6.71598
-6.7148
-6.71429
-6.71281
-6.70633
-6.6954
-6.68574
-6.67384
-6.66024
-6.64867
-6.63618
-6.63046
-6.62762
-6.6296
-6.63137
-6.63512
-6.6406
-6.64538
-6.65248
-6.66324
-6.67155
-6.68098
-6.69072
-6.69595
-6.70455
-6.71233
-6.72395
-6.74044
-6.75636
-6.77144
-6.78432
-6.79024
-6.7906
-6.78493
-6.77244
-6.75574
-6.73467
-6.71297
-6.68814
-6.6645
-6.64063
-6.61931
-6.60002
-6.58462
-6.5734
-6.57155
-6.57632
-6.5878
-6.60514
-6.62603
-6.6476
-6.67158
-6.69289
-6.71257
-6.72906
-6.74015
-6.74728
-6.75108
-6.75174
-6.7523
-6.7507
-6.75172
-6.75146
-6.75287
-6.75497
-6.75451
-6.75017
-6.74414
-6.73822
-6.72936
-6.71738
-6.70768
-6.69657
-6.68553
-6.67629
-6.67282
-6.66931
-6.66751
-6.66793
-6.66549
-6.66369
-6.66002
-6.65519
-6.65198
-6.65559
-6.6669
-6.68469
-6.70624
-6.72939
-6.7437
-6.75397
-6.75411
-6.74257
-6.72611
-6.70456
-6.68509
-6.66505
-6.64905
-6.63932
-6.6351
-6.63725
-6.64196
-6.65014
-6.66223
-6.67257
-6.6846
-6.69792
-6.71097
-6.7223
-6.73555
-6.74622
-6.75134
-6.75063
-6.74208
-6.73168
-6.71664
-6.70697
-6.69894
-6.69551
-6.69616
-6.69975
-6.70928
-6.72236
-6.73646
-6.75057
-6.76067
-6.76834
-6.77019
-6.77036
-6.7655
-6.75555
-6.74543
-6.7386
-6.73474
-6.7336
-6.73202
-6.72095
-6.70653
-6.68374
-6.65761
-6.62722
-6.59834
-6.57364
-6.56004
-6.55982
-6.56915
-6.58642
-6.61165
-6.63703
-6.65665
-6.66872
-6.67333
-6.67044
-6.66348
-6.6528
-6.6445
-6.64328
-6.64761
-6.65619
-6.66366
-6.67501
-6.68285
-6.69228
-6.69781
-6.70125
-6.70267
-6.70517
-6.71007
-6.7149
-6.72512
-6.73759
-6.75441
-6.77489
-6.79778
-6.82483
-6.84452
-6.85834
-6.86144
-6.85198
-6.83037
-6.79676
-6.75872
-6.71548
-6.67576
-6.64048
-6.61697
-6.6051
-6.6042
-6.60895
-6.61389
-6.62233
-6.63059
-6.63624
-6.64005
-6.64374
-6.65405
-6.66281
-6.66862
-6.67549
-6.67975
-6.67748
-6.67471
-6.66664
-6.65829
-6.65152
-6.64809
-6.6478
-6.65362
-6.66416
-6.67399
-6.68387
-6.69152
-6.70061
-6.70835
-6.71696
-6.72418
-6.72798
-6.73068
-6.73162
-6.73083
-6.73
-6.72724
-6.72827
-6.73139
-6.73587
-6.74235
-6.75046
-6.76031
-6.76558
-6.7697
-6.76915
-6.76507
-6.75553
-6.74163
-6.72666
-6.708
-6.6879
-6.66679
-6.64724
-6.62783
-6.61367
-6.60481
-6.59892
-6.60282
-6.60691
-6.61625
-6.62785
-6.64271
-6.65898
-6.67717
-6.69147
-6.70014
-6.69859
-6.68906
-6.66669
-6.6402
-6.61386
-6.59215
-6.57989
-6.57757
-6.58659
-6.60699
-6.62955
-6.65285
-6.67479
-6.69413
-6.71131
-6.72819
-6.74138
-6.75496
-6.77091
-6.786
-6.80155
-6.81146
-6.81717
-6.82113
-6.82182
-6.81909
-6.81301
-6.80285
-6.78632
-6.76717
-6.74639
-6.72565
-6.70255
-6.6815
-6.6638
-6.64759
-6.63866
-6.63483
-6.63724
-6.64449
-6.65953
-6.67798
-6.69614
-6.71157
-6.72054
-6.72358
-6.72254
-6.71831
-6.70866
-6.69777
-6.68862
-6.67712
-6.66545
-6.65884
-6.65462
-6.65239
-6.65111
-6.65033
-6.64826
-6.64506
-6.64308
-6.63984
-6.63745
-6.63598
-6.63714
-6.64115
-6.64931
-6.65593
-6.66264
-6.67046
-6.67445
-6.67339
-6.66884
-6.65805
-6.64467
-6.63165
-6.62446
-6.62259
-6.62246
-6.62746
-6.63568
-6.64179
-6.64619
-6.65061
-6.65162
-6.65329
-6.65585
-6.66333
-6.67523
-6.69112
-6.71112
-6.73021
-6.75373
-6.7749
-6.79801
-6.81778
-6.84262
-6.85935
-6.87077
-6.87488
-6.86982
-6.85334
-6.82517
-6.78678
-6.7427
-6.69762
-6.65217
-6.60889
-6.5719
-6.53993
-6.51957
-6.50659
-6.50095
-6.5018
-6.50893
-6.52276
-6.53963
-6.55768
-6.57946
-6.60127
-6.62242
-6.64371
-6.66367
-6.67954
-6.69014
-6.6944
-6.69316
-6.68663
-6.68032
-6.67687
-6.6715
-6.66758
-6.66304
-6.65899
-6.65858
-6.66009
-6.66503
-6.67957
-6.69393
-6.71817
-6.74257
-6.76859
-6.79416
-6.81528
-6.82663
-6.83059
-6.8206
-6.79969
-6.76861
-6.74175
-6.71604
-6.70115
-6.69443
-6.6941
-6.69112
-6.68658
-6.68016
-6.67163
-6.65984
-6.64747
-6.63624
-6.62684
-6.61926
-6.61588
-6.6181
-6.62682
-6.64271
-6.66222
-6.68439
-6.70789
-6.73314
-6.75262
-6.76694
-6.77921
-6.78812
-6.79105
-6.7918
-6.78846
-6.78127
-6.76819
-6.75192
-6.727
-6.69815
-6.66533
-6.62823
-6.58819
-6.55333
-6.52605
-6.50976
-6.5067
-6.51475
-6.53681
-6.56962
-6.61575
-6.66552
-6.71831
-6.77043
-6.81505
-6.84608
-6.86002
-6.86099
-6.84744
-6.82983
-6.80421
-6.77995
-6.75561
-6.73063
-6.7074
-6.68667
-6.67075
-6.65868
-6.6533
-6.65426
-6.66234
-6.67257
-6.68251
-6.69258
-6.69681
-6.69406
-6.69011
-6.67948
-6.66754
-6.6556
-6.64541
-6.63751
-6.63432
-6.63579
-6.63751
-6.64255
-6.64951
-6.66024
-6.67062
-6.68079
-6.68781
-6.69012
-6.685
-6.67454
-6.66533
-6.65624
-6.65244
-6.65359
-6.66079
-6.66992
-6.68004
-6.68695
-6.68936
-6.68927
-6.68479
-6.67976
-6.67589
-6.67725
-6.68331
-6.69267
-6.70788
-6.72259
-6.73994
-6.75604
-6.77078
-6.78211
-6.79139
-6.79487
-6.79194
-6.78476
-6.76788
-6.74464
-6.72077
-6.69073
-6.65987
-6.63791
-6.62514
-6.62569
-6.64114
-6.66368
-6.68746
-6.70464
-6.71657
-6.72326
-6.72372
-6.72789
-6.73508
-6.74114
-6.74333
-6.74399
-6.74031
-6.73091
-6.71523
-6.69708
-6.67364
-6.64647
-6.62011
-6.59536
-6.57529
-6.56346
-6.56078
-6.56413
-6.5738
-6.58973
-6.60661
-6.63169
-6.65627
-6.6891
-6.72231
-6.75687
-6.7851
-6.80855
-6.81904
-6.81708
-6.80347
-6.78144
-6.75099
-6.7169
-6.67896
-6.6453
-6.61419
-6.5922
-6.57741
-6.57435
-6.57917
-6.59164
-6.61422
-6.64388
-6.67783
-6.70812
-6.73415
-6.75467
-6.76779
-6.77538
-6.77825
-6.77788
-6.77169
-6.76268
-6.7516
-6.73754
-6.72372
-6.71029
-6.69978
-6.69644
-6.69881
-6.71139
-6.72956
-6.74986
-6.77063
-6.78889
-6.80268
-6.80938
-6.80654
-6.79921
-6.78198
-6.76076
-6.73452
-6.70625
-6.67532
-6.64335
-6.61438
-6.58779
-6.56491
-6.54674
-6.53659
-6.53656
-6.54334
-6.5587
-6.57949
-6.6059
-6.63272
-6.66279
-6.69126
-6.71878
-6.74093
-6.75917
-6.76907
-6.77441
-6.77204
-6.76091
-6.74233
-6.71993
-6.69551
-6.67763
-6.66337
-6.65286
-6.6503
-6.65219
-6.6546
-6.65302
-6.65439
-6.65267
-6.64922
-6.64513
-6.64296
-6.64406
-6.64511
-6.64976
-6.65689
-6.6649
-6.67147
-6.67396
-6.67493
-6.67786
-6.67522
-6.67691
-6.6829
-6.68548
-6.6921
-6.69472
-6.69371
-6.69234
-6.68775
-6.68255
-6.68038
-6.68313
-6.68568
-6.69038
-6.69803
-6.70242
-6.70441
-6.70568
-6.70882
-6.71551
-6.72684
-6.74778
-6.77546
-6.80567
-6.83863
-6.86625
-6.88624
-6.89765
-6.89547
-6.87903
-6.84835
-6.80634
-6.75433
-6.70025
-6.64984
-6.60472
-6.57024
-6.54812
-6.53979
-6.53965
-6.54392
-6.55512
-6.56656
-6.57544
-6.58132
-6.58547
-6.5852
-6.58292
-6.58199
-6.59074
-6.60333
-6.62386
-6.65151
-6.67973
-6.70766
-6.72909
-6.7479
-6.75997
-6.76837
-6.77204
-6.7751
-6.77078
-6.76756
-6.76514
-6.7626
-6.76022
-6.75978
-6.76079
-6.75938
-6.75666
-6.75364
-6.74424
-6.72869
-6.71098
-6.69403
-6.67584
-6.66381
-6.65916
-6.66088
-6.67218
-6.68547
-6.70545
-6.72189
-6.73375
-6.74098
-6.73862
-6.73088
-6.71998
-6.70538
-6.68974
-6.67447
-6.66097
-6.64815
-6.63673
-6.62825
-6.62608
-6.62828
-6.63788
-6.65397
-6.66911
-6.6806
-6.68991
-6.68962
-6.67873
-6.66028
-6.63796
-6.61369
-6.59599
-6.58895
-6.5943
-6.61378
-6.64522
-6.68025
-6.71754
-6.75218
-6.77651
-6.78822
-6.78662
-6.77778
-6.76123
-6.74329
-6.72388
-6.70749
-6.68884
-6.67228
-6.65991
-6.64836
-6.64193
-6.64026
-6.63954
-6.64089
-6.6449
-6.65056
-6.65865
-6.66671
-6.67395
-6.6808
-6.68628
-6.69564
-6.70551
-6.71188
-6.71983
-6.72241
-6.72239
-6.72628
-6.73046
-6.73457
-6.73972
-6.74682
-6.75437
-6.75691
-6.75455
-6.74567
-6.73108
-6.71462
-6.69974
-6.68557
-6.67223
-6.65875
-6.65145
-6.64425
-6.63698
-6.63631
-6.63001
-6.62743
-6.62599
-6.62468
-6.62206
-6.61675
-6.61267
-6.60998
-6.61053
-6.61439
-6.61782
-6.62833
-6.63787
-6.64872
-6.6579
-6.66642
-6.67502
-6.68326
-6.69221
-6.69966
-6.70671
-6.71119
-6.71529
-6.72189
-6.72905
-6.73513
-6.74434
-6.7578
-6.77182
-6.78478
-6.7952
-6.79862
-6.79648
-6.78757
-6.7734
-6.75457
-6.73377
-6.71125
-6.69427
-6.68109
-6.67474
-6.6773
-6.68602
-6.69884
-6.70989
-6.71608
-6.71636
-6.70888
-6.69457
-6.67537
-6.65586
-6.63583
-6.61386
-6.59755
-6.58436
-6.57652
-6.57423
-6.57699
-6.5892
-6.6077
-6.63047
-6.65395
-6.67632
-6.69637
-6.71135
-6.72441
-6.73358
-6.74224
-6.75017
-6.75334
-6.75854
-6.76117
-6.7594
-6.75623
-6.75129
-6.74359
-6.73268
-6.71767
-6.7009
-6.68269
-6.66628
-6.64788
-6.63406
-6.62404
-6.61715
-6.61714
-6.62162
-6.63018
-6.63749
-6.64839
-6.65941
-6.66828
-6.6747
-6.68093
-6.68504
-6.68766
-6.69309
-6.69736
-6.70306
-6.70953
-6.71665
-6.72203
-6.72724
-6.73431
-6.74313
-6.75113
-6.75784
-6.76677
-6.77132
-6.77254
-6.76762
-6.75796
-6.74516
-6.72658
-6.70695
-6.68953
-6.67569
-6.6648
-6.65985
-6.65826
-6.65571
-6.65331
-6.65024
-6.64686
-6.6435
-6.64388
-6.64552
-6.65124
-6.65946
-6.66817
-6.67776
-6.68756
-6.69243
-6.69375
-6.68767
-6.6764
-6.66068
-6.6391
-6.62247
-6.60761
-6.59858
-6.59296
-6.59608
-6.60377
-6.61568
-6.6266
-6.64097
-6.6588
-6.67777
-6.69891
-6.72318
-6.74143
-6.75748
-6.76301
-6.76376
-6.76166
-6.75195
-6.73746
-6.72546
-6.71723
-6.71472
-6.71707
-6.72636
-6.73733
-6.74615
-6.75423
-6.76206
-6.7613
-6.75769
-6.74704
-6.73557
-6.72128
-6.70334
-6.68556
-6.66798
-6.65239
-6.6393
-6.63302
-6.63611
-6.64474
-6.658
-6.67245
-6.68494
-6.6986
-6.71322
-6.72192
-6.72991
-6.73451
-6.73544
-6.73383
-6.72856
-6.71968
-6.70725
-6.69031
-6.67329
-6.65635
-6.63673
-6.61842
-6.60571
-6.60331
-6.60844
-6.6219
-6.64232
-6.6673
-6.68482
-6.69726
-6.70481
-6.7046
-6.69746
-6.68489
-6.67267
-6.66039
-6.65094
-6.64231
-6.64143
-6.64589
-6.65473
-6.66693
-6.68385
-6.70398
-6.72077
-6.73534
-6.74648
-6.75618
-6.76417
-6.76836
-6.76799
-6.76626
-6.75875
-6.74724
-6.73293
-6.71341
-6.6925
-6.67335
-6.66007
-6.65481
-6.66045
-6.6708
-6.68586
-6.70574
-6.72222
-6.73876
-6.74614
-6.74559
-6.73914
-6.72556
-6.70609
-6.68355
-6.6596
-6.63922
-6.61923
-6.60251
-6.59242
-6.58883
-6.59093
-6.59867
-6.61152
-6.62754
-6.6473
-6.66628
-6.68379
-6.70174
-6.71484
-6.72373
-6.72961
-6.73262
-6.73601
-6.74136
-6.75228
-6.76507
-6.77829
-6.78467
-6.78425
-6.77294
-6.74867
-6.71779
-6.68323
-6.6518
-6.6261
-6.60848
-6.60463
-6.60844
-6.62264
-6.63774
-6.65448
-6.66533
-6.67436
-6.68392
-6.68879
-6.69618
-6.70843
-6.72212
-6.73617
-6.75165
-6.76447
-6.77545
-6.7804
-6.77925
-6.77556
-6.76493
-6.75039
-6.73243
-6.71432
-6.6917
-6.67385
-6.65698
-6.64242
-6.62488
-6.60779
-6.59498
-6.58515
-6.57936
-6.57983
-6.58565
-6.59918
-6.61354
-6.62945
-6.64617
-6.66019
-6.67341
-6.68571
-6.69626
-6.70553
-6.71119
-6.71227
-6.71036
-6.70158
-6.68867
-6.67583
-6.66035
-6.64987
-6.64062
-6.63637
-6.63219
-6.63309
-6.63385
-6.63821
-6.64326
-6.65428
-6.67074
-6.68944
-6.7078
-6.72525
-6.74225
-6.75063
-6.75782
-6.76022
-6.75959
-6.75494
-6.75403
-6.7556
-6.75993
-6.7676
-6.77581
-6.78607
-6.79003
-6.78485
-6.76844
-6.74347
-6.70907
-6.6651
-6.61926
-6.57675
-6.54317
-6.52418
-6.52401
-6.54399
-6.58479
-6.64002
-6.70586
-6.77295
-6.83137
-6.87782
-6.89757
-6.89663
-6.87265
-6.83187
-6.78435
-6.73728
-6.70197
-6.67695
-6.66757
-6.66944
-6.67649
-6.68346
-6.68785
-6.68659
-6.67995
-6.66841
-6.65096
-6.63341
-6.61817
-6.60697
-6.60386
-6.60847
-6.61664
-6.62591
-6.6319
-6.63523
-6.63634
-6.63884
-6.64114
-6.65501
-6.6772
-6.70541
-6.7432
-6.78198
-6.81755
-6.84777
-6.86564
-6.87215
-6.86324
-6.84121
-6.80841
-6.76841
-6.72817
-6.69142
-6.6578
-6.63254
-6.61497
-6.60402
-6.59844
-6.5982
-6.60163
-6.61017
-6.6193
-6.62988
-6.6401
-6.65287
-6.66702
-6.68327
-6.69993
-6.71473
-6.72673
-6.73506
-6.73621
-6.73166
-6.72371
-6.71385
-6.6987
-6.68138
-6.65959
-6.63408
-6.60849
-6.58862
-6.58032
-6.58557
-6.6022
-6.62623
-6.65469
-6.68217
-6.70441
-6.71592
-6.71953
-6.71511
-6.70564
-6.6958
-6.68879
-6.68515
-6.6895
-6.69884
-6.7152
-6.73034
-6.74106
-6.74726
-6.74508
-6.73726
-6.72071
-6.70497
-6.68465
-6.66907
-6.65526
-6.64851
-6.64781
-6.64978
-6.65344
-6.66018
-6.6726
-6.68887
-6.7039
-6.71813
-6.72992
-6.73185
-6.72605
-6.71479
-6.69849
-6.6812
-6.66487
-6.65152
-6.6435
-6.6436
-6.64518
-6.65187
-6.65927
-6.6721
-6.68544
-6.69637
-6.708
-6.71658
-6.72478
-6.727
-6.7253
-6.71684
-6.70567
-6.6908
-6.6745
-6.65829
-6.64601
-6.64651
-6.65537
-6.67615
-6.70468
-6.7377
-6.7719
-6.79945
-6.82105
-6.83496
-6.84042
-6.834
-6.81903
-6.79429
-6.76036
-6.71918
-6.6735
-6.63039
-6.59232
-6.564
-6.54541
-6.54205
-6.55196
-6.57021
-6.59646
-6.62577
-6.65904
-6.69163
-6.72126
-6.74045
-6.74972
-6.74825
-6.73498
-6.71344
-6.68649
-6.66369
-6.6461
-6.63752
-6.63854
-6.65085
-6.66827
-6.69019
-6.70778
-6.71896
-6.72249
-6.71928
-6.71354
-6.70765
-6.70139
-6.69736
-6.6974
-6.7012
-6.70206
-6.70197
-6.69828
-6.6936
-6.68711
-6.6827
-6.67673
-6.67342
-6.6742
-6.68065
-6.69041
-6.69807
-6.70191
-6.70623
-6.70291
-6.70164
-6.70458
-6.70832
-6.71696
-6.72785
-6.74347
-6.75684
-6.76969
-6.7823
-6.79598
-6.8079
-6.81765
-6.82212
-6.8153
-6.79508
-6.76314
-6.71761
-6.66419
-6.61241
-6.56903
-6.54122
-6.53036
-6.53906
-6.56452
-6.59958
-6.63945
-6.67817
-6.71538
-6.74157
-6.75924
-6.77348
-6.78055
-6.78094
-6.77394
-6.76252
-6.74862
-6.72914
-6.70539
-6.67921
-6.65203
-6.62594
-6.59683
-6.57676
-6.55912
-6.54672
-6.54406
-6.54946
-6.56536
-6.59022
-6.62334
-6.66443
-6.71137
-6.75936
-6.80566
-6.84274
-6.86739
-6.87725
-6.87509
-6.86353
-6.83983
-6.81146
-6.77879
-6.74776
-6.71726
-6.69086
-6.66824
-6.65107
-6.63747
-6.63036
-6.62572
-6.6266
-6.62974
-6.63456
-6.63897
-6.64333
-6.65063
-6.65503
-6.65965
-6.66834
-6.6758
-6.68118
-6.68924
-6.6938
-6.69797
-6.70011
-6.69975
-6.70197
-6.70491
-6.71233
-6.72482
-6.73698
-6.75135
-6.76323
-6.76897
-6.76837
-6.75959
-6.743
-6.72165
-6.69518
-6.67676
-6.66241
-6.65123
-6.64365
-6.63788
-6.63656
-6.6356
-6.64204
-6.65968
-6.68268
-6.70769
-6.73385
-6.75346
-6.76914
-6.77408
-6.77188
-6.76295
-6.75088
-6.73064
-6.7117
-6.69428
-6.68014
-6.67657
-6.67673
-6.67952
-6.67943
-6.68334
-6.68304
-6.67904
-6.68155
-6.6894
-6.70554
-6.72615
-6.74965
-6.77617
-6.79634
-6.80468
-6.80509
-6.79688
-6.7792
-6.75498
-6.73187
-6.70728
-6.68322
-6.66248
-6.64447
-6.62527
-6.60707
-6.58719
-6.57248
-6.56038
-6.55487
-6.55671
-6.56126
-6.57118
-6.58332
-6.59274
-6.59941
-6.60452
-6.6071
-6.60968
-6.61595
-6.62545
-6.64035
-6.66138
-6.6888
-6.7195
-6.75025
-6.77746
-6.7981
-6.80688
-6.80477
-6.79211
-6.77258
-6.74641
-6.71884
-6.69141
-6.66951
-6.65597
-6.64922
-6.6582
-6.67512
-6.69954
-6.72859
-6.75398
-6.77667
-6.7894
-6.79824
-6.79181
-6.77739
-6.7567
-6.73059
-6.70182
-6.67874
-6.66068
-6.64806
-6.64507
-6.65372
-6.67043
-6.6898
-6.70994
-6.73022
-6.74352
-6.75262
-6.75388
-6.74665
-6.73462
-6.71979
-6.69986
-6.67751
-6.65536
-6.63146
-6.6094
-6.58878
-6.5734
-6.56517
-6.5694
-6.58283
-6.60252
-6.62988
-6.66374
-6.70065
-6.73477
-6.7681
-6.79534
-6.80983
-6.81175
-6.80283
-6.78259
-6.75309
-6.71817
-6.68598
-6.66251
-6.64989
-6.64351
-6.64684
-6.65014
-6.65459
-6.65907
-6.66745
-6.67659
-6.68761
-6.70735
-6.72644
-6.7466
-6.76115
-6.7723
-6.77779
-6.77389
-6.76131
-6.74403
-6.72277
-6.69954
-6.67582
-6.65572
-6.63979
-6.6263
-6.61375
-6.60564
-6.60233
-6.60071
-6.60685
-6.61859
-6.63442
-6.65501
-6.68193
-6.71369
-6.74232
-6.76614
-6.78822
-6.80007
-6.80606
-6.80332
-6.79105
-6.77872
-6.76078
-6.73937
-6.71698
-6.69758
-6.68327
-6.67673
-6.67669
-6.68437
-6.69822
-6.70849
-6.71562
-6.71208
-6.69996
-6.68477
-6.66341
-6.64453
-6.62873
-6.61351
-6.60177
-6.59397
-6.59062
-6.59273
-6.59459
-6.60139
-6.60755
-6.61562
-6.62723
-6.63807
-6.65078
-6.66222
-6.67076
-6.67768
-6.68665
-6.69768
-6.71051
-6.72455
-6.73919
-6.75162
-6.76252
-6.77158
-6.7808
-6.78884
-6.79973
-6.81417
-6.82909
-6.83629
-6.84139
-6.8352
-6.82106
-6.79674
-6.76415
-6.72959
-6.69909
-6.6751
-6.65911
-6.65349
-6.65662
-6.666
-6.67501
-6.68346
-6.6879
-6.68506
-6.6794
-6.67084
-6.65844
-6.6477
-6.64024
-6.64173
-6.65302
-6.67292
-6.69594
-6.71577
-6.72739
-6.73398
-6.72945
-6.72155
-6.70932
-6.6946
-6.67726
-6.66208
-6.65274
-6.64892
-6.64766
-6.65184
-6.6606
-6.67081
-6.6766
-6.67984
-6.67537
-6.66198
-6.63965
-6.61697
-6.59172
-6.57173
-6.56415
-6.56825
-6.58519
-6.61011
-6.63942
-6.6706
-6.69592
-6.7208
-6.7371
-6.74998
-6.75194
-6.75031
-6.74273
-6.73318
-6.72471
-6.71848
-6.71643
-6.71884
-6.71861
-6.72007
-6.72147
-6.71711
-6.71153
-6.70334
-6.69512
-6.68484
-6.67717
-6.67118
-6.66996
-6.6722
-6.67725
-6.68368
-6.69116
-6.70105
-6.70955
-6.7161
-6.72009
-6.72167
-6.71994
-6.71438
-6.70659
-6.69474
-6.68575
-6.67763
-6.6742
-6.67637
-6.68241
-6.69014
-6.70117
-6.71428
-6.72284
-6.72885
-6.73076
-6.72805
-6.7259
-6.72368
-6.72159
-6.72386
-6.72498
-6.72738
-6.73081
-6.73446
-6.73863
-6.7406
-6.74045
-6.74152
-6.73825
-6.72968
-6.72042
-6.70951
-6.69723
-6.68067
-6.6619
-6.64294
-6.62401
-6.60597
-6.59455
-6.58971
-6.5936
-6.59927
-6.6095
-6.62191
-6.63033
-6.63865
-6.64111
-6.64169
-6.64424
-6.64878
-6.6565
-6.66641
-6.67845
-6.69161
-6.6987
-6.7
-6.69729
-6.68757
-6.67985
-6.67266
-6.66857
-6.67288
-6.68494
-6.70278
-6.72748
-6.74981
-6.76855
-6.78189
-6.78922
-6.78482
-6.77824
-6.7665
-6.75044
-6.73071
-6.70622
-6.68189
-6.65554
-6.63239
-6.61297
-6.59714
-6.58801
-6.58594
-6.59013
-6.59966
-6.61662
-6.63348
-6.65236
-6.6683
-6.67869
-6.68679
-6.6884
-6.68471
-6.67898
-6.67583
-6.67431
-6.6716
-6.67532
-6.68502
-6.69534
-6.70689
-6.71742
-6.7265
-6.73309
-6.73342
-6.72773
-6.71727
-6.70519
-6.69107
-6.67586
-6.66239
-6.64919
-6.64327
-6.64309
-6.6486
-6.65534
-6.66391
-6.66928
-6.67306
-6.67604
-6.67904
-6.68316
-6.68825
-6.69382
-6.69971
-6.7052
-6.70941
-6.71202
-6.7096
-6.70187
-6.68781
-6.67223
-6.65663
-6.64781
-6.64455
-6.65153
-6.66403
-6.68047
-6.70157
-6.72478
-6.75273
-6.77754
-6.79763
-6.81452
-6.8258
-6.82725
-6.81693
-6.79985
-6.77522
-6.74547
-6.70983
-6.67506
-6.63941
-6.60719
-6.58049
-6.55931
-6.54406
-6.53671
-6.53721
-6.54621
-6.56166
-6.58653
-6.61156
-6.63883
-6.66202
-6.68632
-6.70737
-6.72479
-6.7381
-6.74705
-6.7561
-6.75716
-6.75675
-6.75286
-6.74861
-6.74317
-6.73531
-6.72402
-6.71015
-6.69947
-6.69148
-6.6882
-6.69227
-6.70078
-6.7147
-6.72505
-6.7352
-6.73851
-6.73767
-6.73628
-6.729
-6.72034
-6.70886
-6.69358
-6.67349
-6.65176
-6.62996
-6.61636
-6.61775
-6.63346
-6.66025
-6.68933
-6.7173
-6.74307
-6.76277
-6.77842
-6.78836
-6.78975
-6.78372
-6.77657
-6.76673
-6.75254
-6.73565
-6.71742
-6.69979
-6.68273
-6.66672
-6.65396
-6.64647
-6.6432
-6.64916
-6.65818
-6.67226
-6.68576
-6.70053
-6.70694
-6.7133
-6.70846
-6.69972
-6.6865
-6.67346
-6.66829
-6.67248
-6.68026
-6.69055
-6.70136
-6.71489
-6.72606
-6.73159
-6.72867
-6.7188
-6.70143
-6.67723
-6.64967
-6.62181
-6.60224
-6.58851
-6.58958
-6.60302
-6.62463
-6.64589
-6.66551
-6.68163
-6.69187
-6.69721
-6.69724
-6.69665
-6.69544
-6.69343
-6.69285
-6.69351
-6.69957
-6.70727
-6.72388
-6.74359
-6.76531
-6.78383
-6.7928
-6.79327
-6.78507
-6.77062
-6.75
-6.73171
-6.71479
-6.70364
-6.69364
-6.69177
-6.68939
-6.69149
-6.69624
-6.70432
-6.71463
-6.72205
-6.72677
-6.72816
-6.72527
-6.71791
-6.70943
-6.70027
-6.69242
-6.68628
-6.68373
-6.68054
-6.6754
-6.67167
-6.66816
-6.66568
-6.66465
-6.66643
-6.66944
-6.67258
-6.6772
-6.6825
-6.67905
-6.67479
-6.66605
-6.65276
-6.63609
-6.62115
-6.60986
-6.60928
-6.61551
-6.62913
-6.65059
-6.67388
-6.69963
-6.72614
-6.74988
-6.77015
-6.78708
-6.79929
-6.80395
-6.80276
-6.79433
-6.77667
-6.75544
-6.73001
-6.7044
-6.68059
-6.66265
-6.65083
-6.64907
-6.65437
-6.6621
-6.67271
-6.68126
-6.68553
-6.68297
-6.67827
-6.67433
-6.66815
-6.66483
-6.66571
-6.66746
-6.67316
-6.68068
-6.68754
-6.69827
-6.70593
-6.71291
-6.71845
-6.72106
-6.72105
-6.72196
-6.72434
-6.72636
-6.72919
-6.73354
-6.73406
-6.73498
-6.733
-6.72677
-6.71724
-6.70487
-6.69006
-6.67188
-6.65941
-6.65316
-6.65395
-6.66634
-6.68282
-6.70235
-6.72374
-6.7427
-6.75751
-6.76275
-6.76035
-6.75133
-6.73536
-6.71004
-6.68224
-6.65225
-6.62212
-6.59564
-6.57529
-6.56372
-6.5615
-6.56648
-6.58075
-6.59732
-6.61638
-6.63662
-6.65929
-6.68281
-6.70736
-6.73082
-6.75612
-6.77862
-6.79469
-6.80589
-6.80828
-6.8001
-6.78758
-6.76648
-6.74627
-6.72231
-6.69723
-6.6688
-6.64535
-6.61935
-6.59549
-6.57628
-6.57086
-6.5734
-6.58361
-6.59752
-6.61119
-6.62003
-6.62829
-6.63867
-6.64955
-6.66547
-6.68217
-6.69918
-6.71492
-6.7274
-6.73818
-6.74294
-6.74529
-6.75006
-6.75187
-6.75763
-6.76687
-6.77491
-6.78258
-6.78667
-6.7857
-6.77494
-6.75777
-6.73071
-6.6926
-6.65303
-6.6113
-6.57758
-6.55735
-6.55564
-6.56931
-6.59142
-6.61596
-6.63747
-6.65254
-6.65881
-6.66051
-6.66105
-6.65908
-6.65807
-6.65912
-6.6642
-6.67466
-6.6925
-6.71469
-6.73735
-6.76192
-6.78273
-6.7948
-6.79817
-6.7925
-6.77645
-6.75015
-6.72325
-6.69318
-6.66418
-6.6391
-6.62179
-6.60725
-6.60043
-6.59706
-6.5976
-6.60263
-6.60836
-6.6172
-6.62765
-6.63861
-6.64981
-6.66254
-6.67457
-6.68745
-6.69752
-6.70626
-6.71581
-6.7262
-6.73859
-6.74886
-6.75669
-6.76056
-6.76114
-6.75821
-6.75307
-6.7416
-6.72876
-6.7126
-6.69596
-6.67894
-6.66348
-6.65651
-6.65887
-6.66598
-6.68165
-6.70052
-6.71954
-6.73437
-6.74573
-6.74833
-6.74008
-6.72304
-6.70001
-6.67566
-6.64943
-6.62572
-6.60687
-6.59543
-6.59502
-6.60561
-6.62524
-6.64629
-6.66798
-6.68871
-6.70414
-6.71584
-6.72673
-6.74098
-6.75265
-6.76771
-6.78207
-6.79534
-6.80716
-6.81334
-6.81529
-6.80633
-6.79481
-6.77602
-6.7563
-6.7365
-6.71333
-6.69079
-6.66875
-6.6447
-6.62403
-6.60673
-6.59656
-6.59738
-6.60629
-6.62181
-6.64333
-6.66257
-6.68095
-6.69367
-6.69939
-6.6959
-6.68866
-6.67262
-6.65597
-6.63488
-6.61633
-6.59869
-6.58559
-6.58055
-6.57892
-6.58441
-6.59625
-6.61211
-6.6336
-6.65663
-6.67967
-6.69954
-6.71819
-6.7323
-6.74238
-6.75173
-6.7606
-6.76816
-6.77281
-6.76812
-6.75823
-6.7449
-6.72921
-6.71421
-6.70096
-6.69185
-6.68861
-6.69132
-6.69778
-6.71011
-6.72326
-6.73795
-6.75009
-6.7622
-6.77031
-6.77103
-6.77048
-6.76375
-6.75341
-6.73764
-6.72181
-6.7043
-6.68217
-6.66391
-6.65031
-6.63897
-6.63033
-6.62621
-6.62405
-6.62803
-6.6314
-6.63333
-6.63416
-6.63452
-6.63087
-6.62657
-6.62394
-6.62447
-6.62752
-6.6322
-6.64047
-6.65285
-6.6686
-6.6877
-6.70346
-6.71867
-6.73085
-6.74346
-6.74919
-6.75159
-6.75502
-6.75574
-6.75665
-6.76438
-6.769
-6.7727
-6.7737
-6.76722
-6.75546
-6.73532
-6.70691
-6.6713
-6.63317
-6.59172
-6.55842
-6.53663
-6.52573
-6.52607
-6.53798
-6.55888
-6.58568
-6.6151
-6.64781
-6.68008
-6.71094
-6.73815
-6.75915
-6.77609
-6.78718
-6.79197
-6.79258
-6.78826
-6.77819
-6.76781
-6.75588
-6.75055
-6.75166
-6.75503
-6.75815
-6.75634
-6.75047
-6.73685
-6.71414
-6.68256
-6.64966
-6.6175
-6.5893
-6.56733
-6.55358
-6.54783
-6.55164
-6.56466
-6.58012
-6.60241
-6.62391
-6.6427
-6.65833
-6.6718
-6.68164
-6.69178
-6.70027
-6.70581
-6.71064
-6.71295
-6.71065
-6.70174
-6.68973
-6.67822
-6.66898
-6.66329
-6.66644
-6.67692
-6.69197
-6.70934
-6.72772
-6.74358
-6.75691
-6.76464
-6.76736
-6.76633
-6.76765
-6.76619
-6.76297
-6.76258
-6.76086
-6.7561
-6.75024
-6.743
-6.73069
-6.71457
-6.69604
-6.67649
-6.661
-6.64708
-6.63517
-6.63344
-6.63435
-6.63807
-6.64609
-6.65434
-6.6675
-6.68159
-6.69549
-6.70495
-6.71439
-6.7217
-6.72597
-6.72683
-6.72625
-6.72383
-6.71676
-6.70755
-6.69623
-6.68292
-6.67355
-6.66545
-6.65985
-6.65326
-6.65178
-6.64878
-6.64553
-6.6421
-6.63821
-6.63342
-6.6257
-6.6186
-6.60907
-6.60236
-6.5961
-6.58923
-6.58321
-6.57993
-6.57687
-6.57863
-6.58744
-6.60065
-6.61832
-6.6394
-6.66093
-6.68676
-6.71176
-6.73682
-6.75749
-6.77708
-6.79039
-6.80099
-6.80532
-6.80768
-6.80458
-6.80104
-6.79421
-6.7854
-6.77704
-6.76557
-6.75186
-6.73886
-6.71829
-6.69772
-6.68123
-6.66768
-6.6594
-6.66073
-6.66724
-6.67535
-6.68331
-6.6904
-6.69498
-6.69567
-6.6922
-6.68619
-6.67666
-6.67178
-6.66857
-6.66943
-6.67261
-6.6831
-6.69706
-6.7128
-6.73036
-6.74617
-6.75926
-6.76923
-6.77394
-6.7751
-6.77282
-6.76155
-6.7481
-6.72757
-6.70264
-6.67668
-6.65421
-6.63448
-6.62152
-6.61158
-6.60845
-6.60729
-6.61016
-6.61956
-6.63372
-6.65444
-6.67858
-6.69948
-6.71704
-6.73144
-6.73905
-6.74012
-6.7324
-6.72211
-6.71218
-6.70728
-6.70544
-6.71237
-6.72239
-6.73389
-6.74298
-6.75204
-6.75201
-6.74359
-6.7254
-6.69868
-6.66388
-6.6254
-6.59016
-6.55887
-6.54033
-6.53424
-6.5425
-6.56191
-6.59196
-6.62864
-6.66977
-6.71468
-6.75767
-6.79362
-6.82021
-6.83435
-6.83668
-6.82729
-6.80957
-6.78404
-6.75368
-6.72212
-6.6903
-6.66623
-6.64483
-6.62798
-6.61793
-6.61177
-6.61041
-6.61483
-6.62482
-6.64067
-6.66011
-6.67999
-6.69679
-6.70827
-6.71083
-6.71155
-6.70709
-6.70302
-6.69772
-6.69365
-6.69
-6.68164
-6.67468
-6.66775
-6.66355
-6.66386
-6.66699
-6.67332
-6.6789
-6.68393
-6.68709
-6.68192
-6.67331
-6.65945
-6.64531
-6.631
-6.62601
-6.62564
-6.63157
-6.64163
-6.65098
-6.66247
-6.67078
-6.67781
-6.68168
-6.68373
-6.68762
-6.68995
-6.69218
-6.69241
-6.69262
-6.69265
-6.69295
-6.69437
-6.69801
-6.70316
-6.71436
-6.73045
-6.74731
-6.76514
-6.78294
-6.79597
-6.80169
-6.79621
-6.78121
-6.75575
-6.72503
-6.69194
-6.65791
-6.62826
-6.60446
-6.58868
-6.58301
-6.58723
-6.60016
-6.62087
-6.65101
-6.68484
-6.72281
-6.75924
-6.78949
-6.81441
-6.82746
-6.83265
-6.8298
-6.82181
-6.81316
-6.80053
-6.78253
-6.76612
-6.74567
-6.72091
-6.69358
-6.66316
-6.63636
-6.6136
-6.59303
-6.5771
-6.57043
-6.5691
-6.57616
-6.58881
-6.60543
-6.62759
-6.64899
-6.66989
-6.68702
-6.70232
-6.71327
-6.72065
-6.72319
-6.72022
-6.71632
-6.70846
-6.7031
-6.69773
-6.69902
-6.70687
-6.71983
-6.73394
-6.74794
-6.7542
-6.75114
-6.73817
-6.71878
-6.69246
-6.66341
-6.63951
-6.62076
-6.61087
-6.61045
-6.61943
-6.63266
-6.64633
-6.66108
-6.67285
-6.6846
-6.6942
-6.70374
-6.71602
-6.72819
-6.73997
-6.75239
-6.76291
-6.77441
-6.78571
-6.79673
-6.8035
-6.80662
-6.80433
-6.79106
-6.77314
-6.7529
-6.72932
-6.70793
-6.69452
-6.6865
-6.68771
-6.69686
-6.70485
-6.71364
-6.71967
-6.71694
-6.705
-6.68676
-6.6666
-6.64864
-6.63245
-6.62268
-6.62131
-6.62536
-6.6272
-6.62434
-6.61558
-6.60428
-6.59133
-6.57921
-6.5767
-6.58028
-6.59254
-6.60714
-6.62362
-6.63848
-6.64944
-6.65244
-6.6521
-6.64588
-6.63801
-6.63143
-6.62808
-6.62704
-6.63751
-6.65705
-6.68582
-6.72023
-6.75741
-6.79405
-6.82029
-6.83555
-6.83443
-6.82116
-6.79459
-6.76482
-6.73
-6.69634
-6.67002
-6.65283
-6.64705
-6.6521
-6.66919
-6.69126
-6.71513
-6.74
-6.76059
-6.77221
-6.77415
-6.76637
-6.75354
-6.73621
-6.7195
-6.70698
-6.69949
-6.69888
-6.70681
-6.71969
-6.73786
-6.7469
-6.75009
-6.74247
-6.7238
-6.69561
-6.66558
-6.6306
-6.59778
-6.57147
-6.55605
-6.55029
-6.55712
-6.5733
-6.59275
-6.61208
-6.6344
-6.654
-6.67258
-6.6906
-6.70833
-6.72349
-6.73577
-6.74364
-6.74525
-6.74105
-6.7342
-6.72658
-6.71571
-6.70758
-6.70125
-6.69851
-6.69746
-6.69579
-6.69355
-6.68946
-6.68538
-6.67761
-6.66692
-6.65322
-6.64121
-6.62736
-6.61263
-6.60219
-6.59332
-6.5892
-6.58939
-6.60122
-6.61923
-6.64427
-6.6754
-6.7103
-6.74155
-6.77208
-6.79512
-6.80852
-6.8138
-6.81308
-6.80862
-6.79926
-6.78617
-6.77263
-6.75776
-6.74165
-6.72238
-6.70492
-6.68837
-6.6729
-6.66334
-6.65329
-6.64306
-6.635
-6.62793
-6.62411
-6.62914
-6.63555
-6.64675
-6.6616
-6.67739
-6.69212
-6.70421
-6.71255
-6.71593
-6.71768
-6.72091
-6.72267
-6.72968
-6.73795
-6.74935
-6.76014
-6.76652
-6.76944
-6.76527
-6.75933
-6.7486
-6.73487
-6.72337
-6.70894
-6.69542
-6.68147
-6.66824
-6.65479
-6.64253
-6.62835
-6.61604
-6.60281
-6.58971
-6.57615
-6.56376
-6.55725
-6.55615
-6.56729
-6.58509
-6.60923
-6.63755
-6.66469
-6.6919
-6.71531
-6.73155
-6.74463
-6.7544
-6.75948
-6.75958
-6.7577
-6.75102
-6.7403
-6.72983
-6.71545
-6.70116
-6.69006
-6.68157
-6.67704
-6.67835
-6.68214
-6.68791
-6.69088
-6.68618
-6.67924
-6.66971
-6.66029
-6.65318
-6.65253
-6.65804
-6.66756
-6.68596
-6.70233
-6.72014
-6.73355
-6.74623
-6.7554
-6.76152
-6.76606
-6.76681
-6.76882
-6.77005
-6.76955
-6.76692
-6.75939
-6.75032
-6.73633
-6.71717
-6.70087
-6.68654
-6.67427
-6.66547
-6.66096
-6.66148
-6.66282
-6.66798
-6.67011
-6.67371
-6.67649
-6.67923
-6.68006
-6.67993
-6.67749
-6.66876
-6.65594
-6.63398
-6.60393
-6.56959
-6.53484
-6.50534
-6.48088
-6.46711
-6.46285
-6.46884
-6.48817
-6.5185
-6.55986
-6.61008
-6.66521
-6.72451
-6.77968
-6.83181
-6.87175
-6.89853
-6.91206
-6.90617
-6.88598
-6.8556
-6.8156
-6.77845
-6.73998
-6.70835
-6.68286
-6.66158
-6.64473
-6.63684
-6.62756
-6.62904
-6.63748
-6.65122
-6.67069
-6.69217
-6.71304
-6.73242
-6.74758
-6.75383
-6.75381
-6.74826
-6.73468
-6.72195
-6.7079
-6.69431
-6.68268
-6.67809
-6.68108
-6.69071
-6.7048
-6.72133
-6.73831
-6.75833
-6.7737
-6.782
-6.78414
-6.7771
-6.76679
-6.74619
-6.72339
-6.69647
-6.67009
-6.64597
-6.62468
-6.60818
-6.59336
-6.58539
-6.58638
-6.59207
-6.6046
-6.61712
-6.63261
-6.65044
-6.66682
-6.68264
-6.69423
-6.70493
-6.71621
-6.72459
-6.73004
-6.73626
-6.73876
-6.74019
-6.74043
-6.73804
-6.73078
-6.71752
-6.69985
-6.67969
-6.66269
-6.64781
-6.63703
-6.63596
-6.63897
-6.64878
-6.66005
-6.66956
-6.68227
-6.69092
-6.69558
-6.69525
-6.68989
-6.68649
-6.67583
-6.66521
-6.65749
-6.64658
-6.63836
-6.63528
-6.63669
-6.64744
-6.66433
-6.6885
-6.71616
-6.74236
-6.76843
-6.79041
-6.80726
-6.81944
-6.82634
-6.8279
-6.82388
-6.81682
-6.80813
-6.79549
-6.77965
-6.76328
-6.75019
-6.73921
-6.72616
-6.71703
-6.7107
-6.7042
-6.69568
-6.68779
-6.67907
-6.66903
-6.65917
-6.65114
-6.64378
-6.64175
-6.64165
-6.65006
-6.66332
-6.67768
-6.69166
-6.69888
-6.7
-6.68904
-6.67132
-6.64738
-6.62064
-6.60388
-6.59425
-6.5935
-6.59815
-6.60792
-6.62576
-6.64634
-6.66959
-6.6914
-6.71014
-6.7254
-6.73563
-6.7359
-6.73078
-6.71751
-6.69797
-6.67468
-6.65061
-6.62829
-6.60957
-6.59313
-6.58274
-6.57576
-6.56998
-6.57062
-6.57305
-6.57641
-6.58044
-6.58533
-6.593
-6.60702
-6.62911
-6.6604
-6.69661
-6.73898
-6.78318
-6.82133
-6.85023
-6.87343
-6.88859
-6.89339
-6.89057
-6.87779
-6.8594
-6.83243
-6.80418
-6.77712
-6.74972
-6.72764
-6.70678
-6.68721
-6.67028
-6.65441
-6.64174
-6.63277
-6.62777
-6.62721
-6.63058
-6.63414
-6.63913
-6.64386
-6.64719
-6.6514
-6.6563
-6.65818
-6.66032
-6.66018
-6.65645
-6.65235
-6.65159
-6.65095
-6.65239
-6.65221
-6.65887
-6.67007
-6.68406
-6.70199
-6.7227
-6.74295
-6.76345
-6.77741
-6.78914
-6.79332
-6.78954
-6.78392
-6.77678
-6.76941
-6.76245
-6.76192
-6.76034
-6.75989
-6.75491
-6.74993
-6.73742
-6.72423
-6.70867
-6.69355
-6.68008
-6.67221
-6.66622
-6.66032
-6.65141
-6.63836
-6.62144
-6.5999
-6.58178
-6.56502
-6.55342
-6.55297
-6.56209
-6.58267
-6.60884
-6.6374
-6.66307
-6.68711
-6.70551
-6.72248
-6.73737
-6.75117
-6.76224
-6.77551
-6.78567
-6.79639
-6.8034
-6.807
-6.80406
-6.7946
-6.77546
-6.74754
-6.71563
-6.68062
-6.64469
-6.61284
-6.5852
-6.56612
-6.55839
-6.56305
-6.58184
-6.60329
-6.6314
-6.65521
-6.67246
-6.68111
-6.68307
-6.68218
-6.67459
-6.66761
-6.65901
-6.65043
-6.646
-6.64494
-6.64796
-6.65691
-6.66419
-6.67522
-6.6875
-6.70234
-6.71649
-6.7338
-6.75288
-6.77339
-6.78529
-6.79315
-6.79526
-6.79029
-6.78164
-6.76883
-6.75748
-6.74554
-6.73512
-6.72888
-6.72341
-6.72007
-6.71633
-6.70849
-6.69743
-6.68482
-6.67073
-6.65769
-6.64847
-6.64302
-6.63818
-6.63843
-6.64005
-6.65149
-6.66312
-6.67735
-6.6911
-6.70215
-6.70701
-6.70549
-6.69601
-6.67887
-6.65579
-6.63472
-6.61575
-6.60442
-6.6014
-6.60876
-6.62198
-6.64075
-6.66062
-6.67583
-6.69242
-6.70499
-6.71583
-6.72416
-6.73111
-6.73738
-6.74171
-6.74569
-6.75019
-6.75033
-6.74265
-6.72965
-6.7135
-6.69525
-6.67374
-6.65501
-6.64193
-6.63199
-6.62661
-6.62924
-6.63438
-6.64342
-6.65221
-6.65824
-6.66469
-6.67218
-6.68153
-6.69003
-6.69905
-6.70928
-6.71833
-6.72221
-6.72292
-6.71691
-6.70256
-6.68325
-6.66333
-6.64276
-6.62529
-6.61653
-6.61782
-6.62603
-6.63656
-6.65325
-6.67127
-6.69148
-6.7142
-6.72915
-6.74252
-6.74895
-6.74532
-6.73096
-6.71325
-6.69861
-6.69362
-6.69845
-6.71092
-6.73096
-6.7536
-6.77635
-6.79199
-6.80482
-6.80681
-6.79837
-6.77985
-6.7526
-6.72277
-6.6952
-6.66977
-6.65215
-6.64312
-6.64291
-6.64544
-6.65161
-6.66032
-6.66836
-6.67869
-6.68847
-6.69673
-6.69996
-6.69611
-6.68806
-6.67557
-6.6595
-6.64476
-6.63557
-6.62783
-6.62304
-6.62229
-6.62171
-6.61925
-6.61795
-6.61401
-6.61234
-6.60958
-6.61102
-6.61637
-6.63132
-6.65063
-6.67913
-6.71334
-6.75142
-6.78778
-6.81867
-6.84023
-6.84732
-6.8423
-6.82446
-6.79913
-6.76982
-6.74068
-6.71706
-6.70068
-6.6932
-6.69032
-6.69159
-6.695
-6.69948
-6.7057
-6.71049
-6.71557
-6.71911
-6.7223
-6.72342
-6.72405
-6.71923
-6.71041
-6.69649
-6.67937
-6.65913
-6.6407
-6.62289
-6.61292
-6.60921
-6.60991
-6.61432
-6.62136
-6.63079
-6.64257
-6.6588
-6.67952
-6.70187
-6.7277
-6.75462
-6.77924
-6.79991
-6.81066
-6.80914
-6.80164
-6.78308
-6.76125
-6.73456
-6.71693
-6.7023
-6.69516
-6.69342
-6.6991
-6.70901
-6.72277
-6.73545
-6.74565
-6.75208
-6.75506
-6.75332
-6.74467
-6.72923
-6.70652
-6.67401
-6.63848
-6.60023
-6.56263
-6.53122
-6.51091
-6.5029
-6.51073
-6.53333
-6.56731
-6.61
-6.65412
-6.69873
-6.73826
-6.76755
-6.78547
-6.79694
-6.79639
-6.79384
-6.78311
-6.77225
-6.76183
-6.75158
-6.74154
-6.73108
-6.72456
-6.71852
-6.71068
-6.70806
-6.70648
-6.70587
-6.70808
-6.71084
-6.71174
-6.71313
-6.71187
-6.71006
-6.7058
-6.69832
-6.68641
-6.67465
-6.6624
-6.65157
-6.64213
-6.63533
-6.63051
-6.62821
-6.62972
-6.63362
-6.64067
-6.65693
-6.67146
-6.69521
-6.71493
-6.73543
-6.74903
-6.7597
-6.75967
-6.75337
-6.73613
-6.71096
-6.6839
-6.65507
-6.62854
-6.612
-6.60888
-6.61547
-6.63326
-6.65915
-6.68469
-6.70717
-6.7262
-6.73922
-6.75022
-6.75353
-6.7495
-6.73986
-6.72471
-6.70501
-6.67856
-6.65662
-6.63509
-6.61678
-6.60119
-6.58944
-6.58151
-6.581
-6.58567
-6.59898
-6.62306
-6.6535
-6.69199
-6.73029
-6.76357
-6.79182
-6.80804
-6.8105
-6.80076
-6.7816
-6.75448
-6.72329
-6.69908
-6.6787
-6.66821
-6.67068
-6.67883
-6.69325
-6.70968
-6.72748
-6.7467
-6.76269
-6.77669
-6.78947
-6.79792
-6.80079
-6.79818
-6.78993
-6.77415
-6.75206
-6.72312
-6.6881
-6.65192
-6.61832
-6.58706
-6.562
-6.54157
-6.52884
-6.52091
-6.51779
-6.51825
-6.52491
-6.53984
-6.56206
-6.58941
-6.6234
-6.65869
-6.69182
-6.72073
-6.74283
-6.7547
-6.75893
-6.75817
-6.75239
-6.7422
-6.73653
-6.7332
-6.73342
-6.73407
-6.73746
-6.73663
-6.73506
-6.72714
-6.71274
-6.69326
-6.67118
-6.6482
-6.62658
-6.61095
-6.6026
-6.60185
-6.60837
-6.62251
-6.64146
-6.66324
-6.68338
-6.69945
-6.71454
-6.72425
-6.72974
-6.73215
-6.73135
-6.72753
-6.72109
-6.71357
-6.70203
-6.69331
-6.68703
-6.68568
-6.68698
-6.6911
-6.70024
-6.70524
-6.70428
-6.69854
-6.68761
-6.6704
-6.65044
-6.62989
-6.61448
-6.60198
-6.59629
-6.59744
-6.60356
-6.61365
-6.62177
-6.62814
-6.63376
-6.63428
-6.63156
-6.6297
-6.62573
-6.62069
-6.61368
-6.60577
-6.5922
-6.58003
-6.57404
-6.57745
-6.5915
-6.61522
-6.64885
-6.68798
-6.72729
-6.7658
-6.79599
-6.81787
-6.82796
-6.82879
-6.81881
-6.79814
-6.77489
-6.74611
-6.71739
-6.69248
-6.67472
-6.65893
-6.65045
-6.64525
-6.64748
-6.65465
-6.66919
-6.68585
-6.69982
-6.71197
-6.7234
-6.72786
-6.72622
-6.72089
-6.71203
-6.70463
-6.70125
-6.70144
-6.70092
-6.70085
-6.70161
-6.70062
-6.69991
-6.6985
-6.69434
-6.68771
-6.68084
-6.67443
-6.66754
-6.65996
-6.65267
-6.64553
-6.63771
-6.63618
-6.63602
-6.64114
-6.65037
-6.66156
-6.67206
-6.67842
-6.679
-6.68037
-6.67575
-6.66913
-6.66408
-6.66112
-6.66619
-6.6739
-6.68541
-6.69758
-6.7062
-6.70621
-6.70294
-6.69406
-6.68322
-6.66549
-6.64859
-6.63636
-6.62859
-6.62881
-6.63619
-6.65428
-6.6798
-6.70981
-6.74097
-6.76905
-6.78859
-6.80006
-6.79839
-6.78286
-6.75797
-6.72552
-6.68947
-6.65326
-6.62
-6.59779
-6.59031
-6.59057
-6.59709
-6.60946
-6.62417
-6.63737
-6.64862
-6.65892
-6.66547
-6.67508
-6.68277
-6.6913
-6.70172
-6.71233
-6.72677
-6.74126
-6.75538
-6.76663
-6.77738
-6.78732
-6.78612
-6.78022
-6.76809
-6.74967
-6.72499
-6.69868
-6.67864
-6.66441
-6.66113
-6.66846
-6.68102
-6.69624
-6.70923
-6.71567
-6.71624
-6.70824
-6.68863
-6.66166
-6.62913
-6.59368
-6.56106
-6.53492
-6.52078
-6.52296
-6.5411
-6.57243
-6.615
-6.66327
-6.71045
-6.75425
-6.7969
-6.8306
-6.85472
-6.86985
-6.87369
-6.86372
-6.84113
-6.80831
-6.76862
-6.72406
-6.68132
-6.64435
-6.6164
-6.59883
-6.59344
-6.59652
-6.60723
-6.61798
-6.62857
-6.63439
-6.641
-6.64796
-6.65434
-6.66341
-6.67519
-6.68587
-6.69398
-6.70182
-6.70921
-6.7122
-6.7142
-6.71384
-6.7133
-6.713
-6.71223
-6.71133
-6.70888
-6.71176
-6.7131
-6.71793
-6.72415
-6.7308
-6.73777
-6.74461
-6.75005
-6.75304
-6.75038
-6.74052
-6.72557
-6.70616
-6.68366
-6.66096
-6.64011
-6.62438
-6.61204
-6.60525
-6.59908
-6.59721
-6.60048
-6.60679
-6.61901
-6.63288
-6.64797
-6.66575
-6.68099
-6.69814
-6.70875
-6.7147
-6.71512
-6.71084
-6.7033
-6.69622
-6.69195
-6.69243
-6.69335
-6.69683
-6.70622
-6.71875
-6.72779
-6.73633
-6.74685
-6.759
-6.76211
-6.76791
-6.75958
-6.74189
-6.71548
-6.68304
-6.64655
-6.61565
-6.59997
-6.59512
-6.59841
-6.60914
-6.62507
-6.64345
-6.66349
-6.68313
-6.69952
-6.71485
-6.72521
-6.72949
-6.73369
-6.73099
-6.73351
-6.73443
-6.73776
-6.74067
-6.73945
-6.73935
-6.73714
-6.73468
-6.73083
-6.72869
-6.72647
-6.72379
-6.72037
-6.71464
-6.71007
-6.70519
-6.70257
-6.70137
-6.70121
-6.70651
-6.71549
-6.72255
-6.73223
-6.73756
-6.74208
-6.7448
-6.74319
-6.73548
-6.72447
-6.7055
-6.68422
-6.66056
-6.64172
-6.62707
-6.61915
-6.61948
-6.62283
-6.63267
-6.6453
-6.65716
-6.66371
-6.66458
-6.65962
-6.64844
-6.62938
-6.60735
-6.58405
-6.56287
-6.54672
-6.53809
-6.54154
-6.55475
-6.58081
-6.61546
-6.65135
-6.68755
-6.72412
-6.75377
-6.77682
-6.79045
-6.80374
-6.8101
-6.8074
-6.80723
-6.80441
-6.79716
-6.78626
-6.77536
-6.7609
-6.74717
-6.73645
-6.73277
-6.73278
-6.74015
-6.75072
-6.76402
-6.77223
-6.77349
-6.7648
-6.74713
-6.72581
-6.70599
-6.68388
-6.66702
-6.65205
-6.64116
-6.63329
-6.6311
-6.63147
-6.63553
-6.64372
-6.66104
-6.68243
-6.70599
-6.73327
-6.75451
-6.76937
-6.76913
-6.75769
-6.73449
-6.70834
-6.67511
-6.64588
-6.6194
-6.6005
-6.58673
-6.58085
-6.57923
-6.58328
-6.59278
-6.60452
-6.61998
-6.63415
-6.64673
-6.65657
-6.66292
-6.66844
-6.66647
-6.65924
-6.65065
-6.63961
-6.62454
-6.6148
-6.60813
-6.60898
-6.61815
-6.63147
-6.65855
-6.68568
-6.71811
-6.75157
-6.78317
-6.81107
-6.83203
-6.84414
-6.84956
-6.84024
-6.82592
-6.80634
-6.78421
-6.76211
-6.73874
-6.71997
-6.7047
-6.69848
-6.69716
-6.70297
-6.71324
-6.72332
-6.73734
-6.74751
-6.75727
-6.7608
-6.75738
-6.74993
-6.73353
-6.71324
-6.68679
-6.65991
-6.64113
-6.6266
-6.62241
-6.62137
-6.62449
-6.63106
-6.63665
-6.64056
-6.64306
-6.64085
-6.6322
-6.62064
-6.60509
-6.59216
-6.58102
-6.57557
-6.57944
-6.58878
-6.60804
-6.63282
-6.6615
-6.69398
-6.72378
-6.75012
-6.76878
-6.77767
-6.77589
-6.76607
-6.74719
-6.72488
-6.70067
-6.68073
-6.66761
-6.66578
-6.67985
-6.70621
-6.73795
-6.77044
-6.8001
-6.82537
-6.84349
-6.85095
-6.84793
-6.83599
-6.81016
-6.77868
-6.74756
-6.71834
-6.69172
-6.67386
-6.65912
-6.64943
-6.64204
-6.62918
-6.61478
-6.60123
-6.59127
-6.59029
-6.5999
-6.61918
-6.64511
-6.67622
-6.70569
-6.73375
-6.75406
-6.76367
-6.76251
-6.75112
-6.73279
-6.70691
-6.67489
-6.64527
-6.61951
-6.60288
-6.59445
-6.59639
-6.60851
-6.62474
-6.6452
-6.66184
-6.67576
-6.68235
-6.68099
-6.67363
-6.66252
-6.64436
-6.62637
-6.60996
-6.59602
-6.58253
-6.57181
-6.56528
-6.56142
-6.56068
-6.55768
-6.56033
-6.56531
-6.57812
-6.59248
-6.6131
-6.64045
-6.66956
-6.70005
-6.729
-6.75558
-6.77869
-6.79472
-6.80618
-6.81234
-6.8129
-6.81272
-6.81121
-6.80631
-6.79837
-6.79185
-6.78596
-6.78169
-6.78185
-6.78445
-6.78718
-6.79056
-6.79285
-6.79225
-6.7876
-6.77827
-6.76506
-6.74806
-6.73033
-6.71319
-6.70234
-6.69267
-6.68228
-6.66983
-6.65405
-6.63166
-6.6043
-6.57343
-6.54493
-6.52052
-6.50822
-6.51042
-6.52579
-6.5534
-6.58805
-6.62329
-6.65205
-6.67544
-6.69153
-6.7029
-6.71103
-6.71499
-6.71513
-6.71652
-6.71592
-6.7177
-6.71805
-6.71666
-6.71358
-6.70708
-6.70019
-6.69544
-6.69122
-6.68536
-6.67967
-6.67383
-6.66047
-6.64418
-6.6273
-6.61015
-6.59561
-6.58082
-6.57367
-6.5745
-6.58727
-6.60737
-6.6328
-6.6643
-6.69348
-6.72011
-6.74254
-6.75846
-6.76914
-6.77469
-6.77819
-6.77885
-6.7748
-6.76919
-6.76197
-6.75351
-6.74267
-6.73017
-6.7215
-6.71855
-6.71741
-6.72381
-6.73612
-6.75381
-6.77072
-6.78436
-6.79444
-6.79467
-6.79058
-6.78451
-6.77521
-6.76306
-6.74537
-6.72097
-6.68744
-6.64669
-6.60277
-6.56082
-6.52425
-6.49348
-6.47581
-6.47333
-6.48233
-6.50416
-6.53902
-6.58438
-6.63353
-6.68479
-6.73123
-6.76658
-6.79356
-6.80846
-6.81335
-6.80903
-6.79555
-6.77685
-6.75456
-6.73376
-6.71418
-6.69655
-6.68426
-6.6757
-6.6755
-6.66949
-6.66546
-6.65872
-6.64913
-6.64009
-6.63453
-6.63118
-6.63401
-6.64497
-6.66178
-6.6861
-6.70891
-6.73377
-6.75335
-6.76653
-6.77512
-6.77277
-6.76262
-6.75033
-6.73562
-6.72282
-6.7121
-6.70406
-6.70293
-6.70063
-6.70386
-6.70572
-6.70866
-6.7128
-6.7149
-6.71199
-6.70446
-6.69446
-6.6855
-6.6756
-6.67434
-6.67717
-6.68592
-6.69745
-6.71052
-6.71783
-6.72111
-6.71788
-6.7069
-6.6924
-6.67398
-6.65657
-6.64466
-6.6432
-6.64947
-6.66211
-6.67699
-6.68959
-6.69215
-6.68977
-6.67865
-6.6657
-6.65362
-6.65095
-6.65093
-6.65482
-6.66509
-6.67636
-6.68961
-6.70475
-6.71697
-6.72752
-6.73723
-6.73979
-6.73828
-6.73209
-6.72421
-6.71234
-6.70234
-6.69416
-6.68925
-6.6832
-6.6794
-6.67377
-6.66419
-6.65468
-6.6475
-6.64858
-6.65582
-6.66882
-6.68467
-6.70277
-6.71889
-6.7304
-6.73709
-6.73832
-6.735
-6.7293
-6.72136
-6.7111
-6.70362
-6.69881
-6.69471
-6.69085
-6.68673
-6.68848
-6.69361
-6.70224
-6.71115
-6.72191
-6.73039
-6.73749
-6.74311
-6.74203
-6.73613
-6.7278
-6.71582
-6.70239
-6.68908
-6.67491
-6.66346
-6.65452
-6.65297
-6.65599
-6.6611
-6.66692
-6.67329
-6.6789
-6.68209
-6.68329
-6.68411
-6.67833
-6.66895
-6.65449
-6.63748
-6.61832
-6.59974
-6.58429
-6.57495
-6.57638
-6.59308
-6.6217
-6.6621
-6.70512
-6.74748
-6.78364
-6.80872
-6.82454
-6.82907
-6.82666
-6.81747
-6.80608
-6.79189
-6.77459
-6.75621
-6.73793
-6.71863
-6.70359
-6.69047
-6.67902
-6.67184
-6.66651
-6.65967
-6.65383
-6.64988
-6.64918
-6.65187
-6.6594
-6.67044
-6.6806
-6.69007
-6.69355
-6.69246
-6.68387
-6.67065
-6.65072
-6.63306
-6.61604
-6.60688
-6.60392
-6.61031
-6.62035
-6.63788
-6.65758
-6.67714
-6.70186
-6.7268
-6.7482
-6.768
-6.78466
-6.79172
-6.79256
-6.78749
-6.77325
-6.75162
-6.72723
-6.70275
-6.6744
-6.64811
-6.62725
-6.6108
-6.60187
-6.60348
-6.61431
-6.6351
-6.65984
-6.68649
-6.70482
-6.71571
-6.72094
-6.71685
-6.7062
-6.69122
-6.67535
-6.65794
-6.64433
-6.6335
-6.63113
-6.63743
-6.64681
-6.66384
-6.68223
-6.70375
-6.72072
-6.73658
-6.7469
-6.75416
-6.75763
-6.75946
-6.75727
-6.75186
-6.73918
-6.728
-6.71571
-6.70591
-6.69869
-6.69427
-6.69257
-6.69216
-6.69328
-6.69722
-6.70169
-6.70372
-6.70372
-6.70778
-6.70962
-6.70951
-6.70671
-6.69808
-6.68547
-6.67171
-6.65313
-6.63227
-6.61001
-6.58925
-6.5735
-6.56656
-6.56812
-6.57636
-6.58764
-6.60139
-6.61249
-6.62212
-6.63355
-6.65119
-6.67472
-6.70549
-6.74453
-6.78523
-6.8214
-6.8517
-6.87106
-6.882
-6.88345
-6.87929
-6.86608
-6.84788
-6.82471
-6.79974
-6.77
-6.73846
-6.70785
-6.67994
-6.65592
-6.63576
-6.62205
-6.61307
-6.60695
-6.6017
-6.59607
-6.59211
-6.58982
-6.58968
-6.59571
-6.60467
-6.61704
-6.63216
-6.64574
-6.65758
-6.66398
-6.66403
-6.66281
-6.6582
-6.65553
-6.65488
-6.65929
-6.66832
-6.67972
-6.69546
-6.707
-6.71364
-6.71405
-6.70167
-6.67851
-6.64686
-6.61181
-6.5767
-6.543
-6.52005
-6.51091
-6.51608
-6.53565
-6.57124
-6.61517
-6.66817
-6.72589
-6.77738
-6.82131
-6.85275
-6.87152
-6.87884
-6.874
-6.85746
-6.8288
-6.78995
-6.74831
-6.70585
-6.668
-6.64328
-6.62846
-6.62447
-6.63329
-6.65089
-6.67227
-6.69486
-6.71328
-6.73048
-6.74458
-6.75341
-6.7597
-6.75428
-6.74182
-6.72392
-6.70074
-6.67544
-6.64769
-6.62733
-6.60947
-6.59466
-6.58742
-6.58642
-6.58921
-6.59811
-6.61683
-6.64099
-6.66912
-6.70022
-6.73447
-6.77001
-6.80001
-6.82407
-6.83959
-6.84988
-6.84803
-6.83628
-6.81588
-6.7912
-6.76415
-6.73634
-6.70784
-6.68249
-6.66373
-6.6503
-6.64332
-6.6438
-6.64984
-6.66082
-6.67002
-6.68011
-6.68762
-6.69012
-6.68549
-6.68069
-6.67315
-6.66519
-6.65847
-6.65428
-6.65084
-6.65606
-6.65825
-6.66434
-6.67164
-6.6807
-6.68921
-6.6973
-6.7065
-6.71307
-6.71515
-6.71395
-6.70846
-6.69622
-6.68018
-6.66335
-6.64875
-6.63902
-6.63601
-6.63718
-6.64228
-6.64983
-6.65963
-6.67451
-6.69072
-6.70663
-6.72049
-6.72939
-6.73184
-6.72744
-6.71841
-6.70855
-6.70382
-6.7022
-6.70421
-6.70864
-6.70628
-6.70398
-6.69423
-6.68451
-6.67506
-6.6648
-6.65932
-6.65795
-6.66016
-6.66729
-6.67658
-6.68808
-6.70118
-6.71024
-6.71684
-6.71839
-6.71514
-6.70434
-6.69185
-6.67852
-6.66391
-6.65218
-6.64331
-6.64259
-6.64616
-6.65951
-6.67586
-6.69192
-6.70719
-6.71567
-6.72218
-6.72227
-6.7167
-6.70594
-6.69553
-6.68591
-6.67919
-6.6753
-6.67667
-6.68328
-6.69516
-6.7114
-6.72647
-6.73589
-6.73965
-6.73465
-6.71984
-6.69259
-6.66313
-6.64063
-6.62747
-6.62573
-6.63701
-6.65566
-6.67276
-6.68541
-6.68986
-6.68954
-6.68354
-6.67804
-6.67036
-6.66047
-6.65344
-6.64834
-6.64923
-6.65779
-6.6713
-6.69233
-6.71482
-6.73918
-6.76175
-6.78578
-6.8063
-6.82292
-6.83267
-6.83237
-6.82013
-6.79615
-6.7625
-6.72188
-6.68361
-6.65143
-6.63011
-6.62354
-6.62689
-6.64073
-6.66227
-6.68415
-6.70887
-6.72726
-6.74058
-6.74436
-6.73855
-6.72758
-6.70998
-6.68899
-6.66304
-6.63555
-6.61076
-6.59234
-6.58329
-6.5812
-6.59317
-6.61081
-6.63429
-6.66053
-6.68391
-6.70347
-6.72082
-6.73174
-6.7391
-6.74479
-6.74391
-6.74089
-6.73465
-6.72444
-6.71011
-6.69061
-6.67278
-6.66226
-6.657
-6.66238
-6.68032
-6.70862
-6.74565
-6.78561
-6.82462
-6.86022
-6.8831
-6.88997
-6.88016
-6.85211
-6.81232
-6.7619
-6.70821
-6.65686
-6.61292
-6.5814
-6.56202
-6.55444
-6.55992
-6.57234
-6.58763
-6.60756
-6.62764
-6.6503
-6.68023
-6.71027
-6.73497
-6.75388
-6.76489
-6.76694
-6.76062
-6.74731
-6.73271
-6.71473
-6.699
-6.68634
-6.67495
-6.66849
-6.66604
-6.66564
-6.6718
-6.68457
-6.70076
-6.72056
-6.74041
-6.75432
-6.76078
-6.76045
-6.74932
-6.72957
-6.70751
-6.68289
-6.65497
-6.63061
-6.61131
-6.59629
-6.58503
-6.57705
-6.57225
-6.56518
-6.56359
-6.56828
-6.57924
-6.59965
-6.62944
-6.66701
-6.70041
-6.73444
-6.76291
-6.78401
-6.80026
-6.81424
-6.82357
-6.83042
-6.83201
-6.82785
-6.82147
-6.80552
-6.78477
-6.76036
-6.73281
-6.70673
-6.6827
-6.66228
-6.64868
-6.64412
-6.64404
-6.64734
-6.65323
-6.65981
-6.6665
-6.66535
-6.66142
-6.65419
-6.64685
-6.64081
-6.63808
-6.64128
-6.6435
-6.64968
-6.65659
-6.66459
-6.66634
-6.66495
-6.65857
-6.649
-6.6368
-6.62666
-6.62353
-6.6286
-6.63764
-6.65276
-6.67314
-6.69694
-6.72239
-6.75154
-6.77462
-6.79634
-6.80938
-6.81448
-6.81001
-6.79956
-6.77995
-6.75687
-6.7316
-6.70411
-6.68378
-6.66419
-6.65162
-6.64551
-6.64292
-6.64473
-6.65272
-6.66482
-6.67913
-6.69267
-6.70327
-6.71073
-6.71305
-6.70779
-6.70241
-6.69481
-6.68562
-6.6778
-6.66886
-6.65849
-6.6512
-6.64906
-6.64961
-6.65506
-6.66994
-6.6883
-6.71056
-6.72929
-6.74824
-6.76214
-6.77323
-6.7824
-6.7875
-6.78991
-6.79314
-6.79266
-6.78757
-6.77653
-6.7586
-6.73432
-6.7011
-6.66183
-6.61849
-6.57639
-6.5391
-6.5123
-6.49654
-6.49672
-6.51289
-6.54094
-6.57044
-6.6042
-6.63587
-6.65858
-6.67459
-6.68235
-6.68448
-6.68537
-6.68355
-6.68371
-6.68105
-6.67718
-6.67309
-6.66577
-6.66292
-6.66367
-6.66797
-6.68114
-6.70071
-6.72149
-6.74158
-6.7569
-6.76803
-6.77047
-6.76371
-6.75422
-6.74561
-6.73982
-6.73317
-6.73086
-6.73307
-6.73933
-6.74237
-6.74141
-6.7368
-6.72538
-6.70992
-6.69395
-6.68102
-6.66972
-6.66143
-6.66085
-6.66428
-6.66951
-6.67853
-6.69217
-6.70439
-6.71565
-6.72312
-6.72539
-6.72043
-6.7083
-6.69164
-6.67076
-6.65105
-6.63201
-6.62036
-6.61456
-6.61919
-6.62874
-6.64562
-6.66462
-6.68806
-6.7087
-6.72288
-6.73013
-6.72925
-6.72206
-6.71331
-6.70048
-6.69156
-6.68808
-6.68926
-6.69822
-6.7115
-6.72574
-6.73789
-6.74842
-6.75221
-6.751
-6.74475
-6.72739
-6.70286
-6.67519
-6.64746
-6.62576
-6.61182
-6.60875
-6.61098
-6.6202
-6.62837
-6.63689
-6.64263
-6.64291
-6.64396
-6.64326
-6.64564
-6.65358
-6.66829
-6.69071
-6.71429
-6.74047
-6.76389
-6.78184
-6.7926
-6.8025
-6.80396
-6.80242
-6.79886
-6.79107
-6.78202
-6.76973
-6.75407
-6.73659
-6.71575
-6.6943
-6.67513
-6.66128
-6.65263
-6.65104
-6.65508
-6.66044
-6.6606
-6.65724
-6.64989
-6.64343
-6.63688
-6.63404
-6.63524
-6.64091
-6.65006
-6.65962
-6.66802
-6.67829
-6.68722
-6.69029
-6.68925
-6.68955
-6.68487
-6.67981
-6.6732
-6.66636
-6.65776
-6.64467
-6.62909
-6.61045
-6.59067
-6.57669
-6.56654
-6.56335
-6.56389
-6.57613
-6.59497
-6.62573
-6.66453
-6.71229
-6.764
-6.81069
-6.85156
-6.88601
-6.90705
-6.91512
-6.91244
-6.89597
-6.8704
-6.83549
-6.79098
-6.74382
-6.69704
-6.65133
-6.61527
-6.58725
-6.57049
-6.57066
-6.58353
-6.60122
-6.62455
-6.64924
-6.67354
-6.69444
-6.71264
-6.72785
-6.74061
-6.74959
-6.75558
-6.76223
-6.76489
-6.76272
-6.75795
-6.74999
-6.73616
-6.71968
-6.70297
-6.68453
-6.66731
-6.65627
-6.64975
-6.6452
-6.64687
-6.64926
-6.65583
-6.66082
-6.66568
-6.66871
-6.66945
-6.66569
-6.65756
-6.64509
-6.63539
-6.62576
-6.62291
-6.62364
-6.6277
-6.63362
-6.64209
-6.65112
-6.6638
-6.6754
-6.69028
-6.70613
-6.71911
-6.72746
-6.73283
-6.73233
-6.72953
-6.72373
-6.71408
-6.70526
-6.6997
-6.70205
-6.70783
-6.72058
-6.72835
-6.73899
-6.74728
-6.7552
-6.76027
-6.76692
-6.77258
-6.78183
-6.79107
-6.79646
-6.79794
-6.79578
-6.78802
-6.77505
-6.75607
-6.73364
-6.70705
-6.67711
-6.64651
-6.616
-6.58498
-6.55856
-6.53595
-6.52269
-6.5169
-6.52123
-6.53201
-6.54973
-6.57192
-6.59389
-6.61522
-6.63789
-6.6588
-6.67827
-6.69865
-6.71453
-6.72619
-6.73658
-6.73815
-6.73658
-6.73083
-6.71974
-6.7074
-6.7001
-6.69613
-6.69244
-6.68949
-6.68326
-6.67612
-6.66195
-6.64243
-6.62018
-6.59951
-6.58963
-6.5843
-6.59042
-6.60459
-6.62324
-6.64657
-6.67063
-6.69287
-6.71326
-6.73438
-6.75273
-6.76964
-6.78258
-6.79204
-6.79907
-6.80101
-6.79827
-6.78983
-6.77804
-6.76179
-6.7442
-6.72236
-6.69945
-6.6865
-6.68489
-6.69668
-6.71517
-6.73533
-6.75481
-6.76266
-6.76109
-6.75094
-6.73292
-6.71298
-6.69186
-6.67239
-6.65315
-6.63444
-6.61997
-6.60691
-6.60033
-6.59911
-6.60494
-6.61379
-6.62677
-6.64276
-6.65858
-6.67387
-6.68625
-6.6956
-6.70264
-6.70386
-6.69699
-6.6856
-6.66901
-6.64737
-6.62287
-6.59683
-6.57433
-6.55924
-6.56004
-6.57296
-6.59889
-6.62981
-6.66876
-6.70568
-6.73862
-6.7631
-6.78292
-6.79453
-6.79964
-6.80199
-6.79954
-6.79319
-6.78437
-6.77441
-6.76356
-6.75171
-6.73885
-6.72674
-6.71397
-6.70495
-6.70372
-6.70771
-6.71777
-6.73281
-6.74744
-6.75671
-6.76001
-6.75393
-6.74114
-6.72374
-6.70223
-6.68624
-6.67774
-6.67711
-6.67931
-6.68812
-6.69347
-6.69684
-6.70303
-6.71059
-6.71502
-6.71879
-6.7234
-6.72419
-6.72212
-6.71912
-6.71575
-6.70853
-6.70042
-6.68808
-6.67236
-6.65441
-6.63433
-6.61349
-6.59501
-6.58357
-6.58047
-6.58554
-6.59636
-6.61742
-6.63648
-6.65366
-6.66684
-6.67373
-6.67614
-6.67153
-6.66402
-6.65714
-6.65225
-6.65474
-6.66276
-6.67577
-6.68569
-6.69747
-6.70391
-6.70953
-6.70633
-6.69893
-6.69117
-6.67905
-6.66888
-6.66318
-6.66535
-6.67313
-6.68833
-6.70896
-6.73103
-6.75535
-6.77715
-6.79655
-6.8119
-6.82256
-6.82057
-6.81051
-6.79256
-6.76724
-6.73708
-6.70079
-6.66247
-6.62862
-6.60131
-6.58299
-6.57649
-6.57789
-6.58959
-6.60698
-6.62366
-6.64305
-6.65991
-6.67297
-6.68042
-6.68461
-6.68192
-6.68022
-6.68003
-6.68016
-6.68221
-6.68452
-6.68601
-6.68286
-6.67799
-6.66984
-6.66065
-6.65471
-6.65548
-6.66152
-6.67659
-6.69746
-6.72362
-6.74603
-6.76763
-6.78105
-6.7904
-6.7922
-6.78547
-6.77203
-6.75329
-6.73703
-6.71853
-6.70278
-6.69572
-6.69945
-6.71065
-6.72486
-6.74131
-6.75459
-6.76181
-6.76109
-6.75292
-6.73775
-6.72064
-6.69927
-6.67665
-6.65576
-6.63565
-6.62063
-6.60718
-6.59898
-6.59717
-6.59806
-6.60209
-6.60998
-6.62161
-6.63135
-6.64091
-6.64893
-6.65342
-6.65175
-6.64563
-6.63626
-6.62283
-6.60875
-6.59667
-6.59055
-6.59263
-6.60385
-6.62471
-6.65314
-6.68372
-6.71323
-6.74487
-6.77066
-6.79544
-6.81322
-6.8273
-6.83655
-6.83759
-6.83621
-6.83387
-6.82468
-6.81325
-6.79686
-6.77969
-6.758
-6.73022
-6.69873
-6.66709
-6.63632
-6.60959
-6.58639
-6.56838
-6.55786
-6.55789
-6.56779
-6.58921
-6.61884
-6.65527
-6.6954
-6.72828
-6.75473
-6.77646
-6.78705
-6.78892
-6.7867
-6.77679
-6.7642
-6.74813
-6.73106
-6.71685
-6.70482
-6.6962
-6.69217
-6.68924
-6.68938
-6.68781
-6.68352
-6.67738
-6.66834
-6.65624
-6.64316
-6.6322
-6.61624
-6.60174
-6.58794
-6.57743
-6.57036
-6.56883
-6.5735
-6.58691
-6.60972
-6.63326
-6.66006
-6.68876
-6.71842
-6.74702
-6.77436
-6.79495
-6.81174
-6.82684
-6.83104
-6.83187
-6.82739
-6.81867
-6.80763
-6.79569
-6.78246
-6.76875
-6.75804
-6.74717
-6.73935
-6.73618
-6.73833
-6.73603
-6.73449
-6.73363
-6.72692
-6.71878
-6.70879
-6.69362
-6.67484
-6.65551
-6.63224
-6.60766
-6.58444
-6.56414
-6.5478
-6.53584
-6.5276
-6.52128
-6.52005
-6.52221
-6.52538
-6.52892
-6.53305
-6.54146
-6.54897
-6.56027
-6.57582
-6.59856
-6.62668
-6.65738
-6.68787
-6.71689
-6.74334
-6.76435
-6.77901
-6.78727
-6.79304
-6.79336
-6.78657
-6.77538
-6.75736
-6.73914
-6.71912
-6.69895
-6.68358
-6.6786
-6.68356
-6.69376
-6.7119
-6.735
-6.75787
-6.77846
-6.78986
-6.79656
-6.79458
-6.78361
-6.76364
-6.73381
-6.69917
-6.66262
-6.63184
-6.60707
-6.59571
-6.59485
-6.60398
-6.62222
-6.64514
-6.66872
-6.69144
-6.71441
-6.73649
-6.7563
-6.77348
-6.78724
-6.7956
-6.79765
-6.79609
-6.78611
-6.77014
-6.75235
-6.73101
-6.7093
-6.68634
-6.66198
-6.63961
-6.61914
-6.59672
-6.57721
-6.56213
-6.55059
-6.54506
-6.54529
-6.55807
-6.5775
-6.59903
-6.62188
-6.64249
-6.65949
-6.67036
-6.67838
-6.68341
-6.68737
-6.69329
-6.69774
-6.70317
-6.70805
-6.71294
-6.71632
-6.72004
-6.72349
-6.72678
-6.73406
-6.74085
-6.74758
-6.75386
-6.76138
-6.76631
-6.77102
-6.77308
-6.77255
-6.76868
-6.76126
-6.75071
-6.73378
-6.71629
-6.69409
-6.67312
-6.64926
-6.63136
-6.61054
-6.59577
-6.58638
-6.58067
-6.58254
-6.59146
-6.60422
-6.62157
-6.63647
-6.65236
-6.66167
-6.6706
-6.67358
-6.67587
-6.67736
-6.67973
-6.68251
-6.68488
-6.6847
-6.68501
-6.68433
-6.68224
-6.67993
-6.67491
-6.66979
-6.6595
-6.64925
-6.63619
-6.62183
-6.60814
-6.60026
-6.59871
-6.603
-6.61393
-6.62753
-6.64218
-6.65739
-6.6725
-6.68784
-6.70341
-6.72112
-6.74199
-6.76621
-6.78783
-6.80223
-6.81626
-6.82352
-6.82199
-6.8133
-6.79983
-6.77929
-6.75705
-6.73154
-6.70503
-6.68189
-6.66196
-6.64916
-6.64518
-6.64716
-6.656
-6.66448
-6.67626
-6.69016
-6.70216
-6.71313
-6.71927
-6.7198
-6.71652
-6.71084
-6.69651
-6.68364
-6.67256
-6.66376
-6.65897
-6.65712
-6.66135
-6.66114
-6.66378
-6.66812
-6.67246
-6.67626
-6.68061
-6.68283
-6.67923
-6.67743
-6.67103
-6.66452
-6.66077
-6.65981
-6.66217
-6.6667
-6.675
-6.68511
-6.69791
-6.71309
-6.72485
-6.73312
-6.73905
-6.73854
-6.73522
-6.72675
-6.71909
-6.71189
-6.70605
-6.70255
-6.70028
-6.69804
-6.70078
-6.70546
-6.71405
-6.72302
-6.73247
-6.73267
-6.72422
-6.70631
-6.68211
-6.64949
-6.62077
-6.59363
-6.57237
-6.55709
-6.55673
-6.5671
-6.5824
-6.60293
-6.62804
-6.65338
-6.6733
-6.69286
-6.70705
-6.71645
-6.72137
-6.7243
-6.72675
-6.73013
-6.7338
-6.73772
-6.74667
-6.75362
-6.76044
-6.76692
-6.7722
-6.7775
-6.7784
-6.77547
-6.76693
-6.75752
-6.74456
-6.72865
-6.7123
-6.69441
-6.67753
-6.65885
-6.64684
-6.63375
-6.61882
-6.6094
-6.60185
-6.60079
-6.60025
-6.60672
-6.61884
-6.62764
-6.6424
-6.65892
-6.66993
-6.67834
-6.6846
-6.68845
-6.68828
-6.68608
-6.68485
-6.68752
-6.69177
-6.696
-6.70096
-6.70432
-6.70275
-6.70394
-6.7054
-6.70425
-6.70374
-6.70665
-6.7149
-6.72787
-6.74641
-6.76416
-6.778
-6.78862
-6.79299
-6.78956
-6.78032
-6.764
-6.7398
-6.71271
-6.68425
-6.65643
-6.63243
-6.61767
-6.61333
-6.61841
-6.62962
-6.64804
-6.66645
-6.68211
-6.69264
-6.69477
-6.68664
-6.6703
-6.65026
-6.62477
-6.60568
-6.59608
-6.59894
-6.6144
-6.63782
-6.66361
-6.68486
-6.6969
-6.70486
-6.71057
-6.71571
-6.72025
-6.72354
-6.72834
-6.73589
-6.73916
-6.7438
-6.74453
-6.73859
-6.73314
-6.72521
-6.71311
-6.69609
-6.67606
-6.65449
-6.63363
-6.61523
-6.60003
-6.59389
-6.59549
-6.60508
-6.62459
-6.65102
-6.67912
-6.7095
-6.73736
-6.76236
-6.78374
-6.80457
-6.81984
-6.82981
-6.83384
-6.83203
-6.8233
-6.80495
-6.78066
-6.75439
-6.72273
-6.69405
-6.6708
-6.65389
-6.64676
-6.64549
-6.65071
-6.6654
-6.6821
-6.69631
-6.70228
-6.69931
-6.68817
-6.67172
-6.64815
-6.6231
-6.59827
-6.5793
-6.56411
-6.56115
-6.56545
-6.57298
-6.58533
-6.60219
-6.622
-6.64112
-6.66196
-6.68281
-6.69577
-6.70684
-6.71296
-6.71384
-6.71144
-6.70488
-6.69973
-6.69297
-6.68683
-6.68463
-6.68381
-6.68763
-6.69589
-6.70691
-6.71909
-6.72835
-6.7386
-6.74101
-6.74077
-6.73616
-6.72637
-6.71828
-6.71327
-6.70684
-6.70688
-6.70851
-6.71041
-6.713
-6.71523
-6.71516
-6.71173
-6.70884
-6.69861
-6.68682
-6.66796
-6.64695
-6.62522
-6.609
-6.59827
-6.59472
-6.59999
-6.60663
-6.61551
-6.62569
-6.634
-6.64567
-6.65426
-6.66285
-6.66781
-6.67392
-6.67884
-6.6835
-6.6891
-6.6951
-6.69909
-6.70061
-6.7032
-6.70342
-6.70254
-6.70215
-6.69765
-6.69628
-6.69068
-6.68826
-6.68481
-6.68472
-6.68182
-6.67783
-6.67591
-6.67219
-6.66695
-6.66508
-6.66569
-6.67119
-6.68073
-6.69519
-6.71031
-6.72695
-6.74278
-6.75041
-6.75105
-6.74765
-6.73884
-6.7258
-6.71733
-6.70875
-6.70289
-6.70056
-6.6982
-6.69686
-6.69092
-6.68257
-6.67452
-6.66969
-6.66958
-6.67474
-6.68357
-6.69884
-6.71455
-6.72924
-6.7423
-6.7532
-6.76056
-6.76197
-6.75917
-6.74781
-6.72855
-6.70402
-6.67967
-6.65452
-6.64148
-6.63856
-6.64792
-6.66312
-6.68312
-6.7016
-6.71279
-6.71441
-6.70639
-6.69042
-6.66691
-6.64511
-6.62609
-6.61835
-6.62139
-6.63636
-6.65895
-6.69054
-6.72278
-6.74784
-6.76414
-6.76861
-6.76186
-6.74817
-6.72979
-6.70927
-6.68866
-6.66627
-6.64742
-6.63199
-6.62226
-6.61954
-6.62227
-6.62339
-6.62971
-6.63263
-6.63387
-6.63385
-6.62988
-6.62882
-6.63516
-6.6449
-6.66016
-6.67647
-6.69436
-6.71053
-6.72396
-6.7423
-6.76184
-6.78209
-6.80224
-6.82161
-6.83846
-6.84697
-6.85014
-6.84416
-6.83356
-6.81732
-6.79929
-6.77621
-6.75105
-6.72824
-6.70333
-6.68508
-6.66801
-6.65348
-6.64097
-6.62672
-6.60711
-6.58779
-6.57083
-6.55721
-6.5496
-6.55139
-6.56271
-6.58197
-6.60758
-6.63283
-6.65937
-6.68071
-6.69724
-6.71217
-6.72696
-6.73588
-6.75016
-6.76073
-6.77051
-6.77074
-6.76629
-6.75194
-6.73183
-6.71123
-6.6888
-6.66599
-6.64787
-6.63458
-6.62888
-6.63146
-6.64161
-6.65689
-6.67331
-6.68742
-6.69917
-6.70885
-6.71473
-6.71918
-6.72184
-6.72533
-6.72548
-6.72069
-6.71286
-6.70068
-6.68874
-6.6778
-6.66986
-6.6679
-6.66997
-6.67746
-6.68615
-6.69577
-6.70209
-6.70854
-6.71208
-6.71812
-6.72004
-6.72488
-6.73456
-6.74086
-6.74613
-6.74761
-6.74463
-6.73824
-6.72678
-6.71185
-6.69512
-6.6785
-6.66131
-6.64407
-6.63156
-6.62056
-6.61131
-6.60611
-6.60021
-6.59672
-6.59329
-6.58762
-6.58039
-6.57175
-6.56603
-6.56334
-6.56252
-6.57186
-6.58764
-6.60789
-6.63389
-6.65927
-6.69062
-6.72046
-6.7452
-6.76836
-6.78866
-6.8065
-6.82082
-6.83454
-6.84462
-6.85009
-6.84563
-6.83632
-6.82051
-6.80069
-6.78136
-6.76566
-6.75615
-6.75139
-6.75148
-6.7478
-6.74521
-6.73937
-6.73058
-6.71499
-6.69716
-6.67599
-6.65598
-6.63549
-6.61939
-6.60777
-6.60364
-6.6063
-6.61423
-6.62542
-6.63785
-6.64876
-6.65755
-6.66511
-6.67476
-6.68501
-6.69622
-6.70983
-6.71937
-6.72523
-6.72504
-6.72148
-6.71372
-6.69926
-6.67992
-6.65904
-6.64136
-6.62432
-6.60989
-6.60195
-6.59938
-6.60194
-6.60386
-6.60704
-6.61128
-6.6118
-6.61225
-6.61162
-6.60764
-6.60183
-6.59387
-6.5883
-6.5841
-6.58103
-6.58219
-6.59346
-6.61386
-6.64163
-6.6761
-6.71337
-6.74865
-6.77908
-6.80182
-6.81713
-6.81837
-6.81136
-6.79527
-6.77758
-6.75913
-6.74255
-6.7289
-6.71848
-6.71464
-6.71156
-6.70828
-6.70616
-6.70325
-6.70387
-6.70727
-6.70741
-6.71279
-6.71849
-6.72125
-6.72464
-6.72508
-6.72371
-6.71792
-6.70994
-6.70287
-6.69831
-6.6974
-6.70231
-6.714
-6.73158
-6.74739
-6.75847
-6.7643
-6.76095
-6.7498
-6.73062
-6.70708
-6.68597
-6.66803
-6.65289
-6.64664
-6.6448
-6.64429
-6.6436
-6.64335
-6.64582
-6.65211
-6.66585
-6.68593
-6.70917
-6.73313
-6.75587
-6.77135
-6.78007
-6.7804
-6.76649
-6.74578
-6.71246
-6.67317
-6.62884
-6.58495
-6.54852
-6.52572
-6.51996
-6.53358
-6.55974
-6.59479
-6.62946
-6.66432
-6.69386
-6.71647
-6.73432
-6.74648
-6.75407
-6.7588
-6.76094
-6.75986
-6.7595
-6.75789
-6.75303
-6.74537
-6.73333
-6.71652
-6.69668
-6.67428
-6.65776
-6.647
-6.64547
-6.65029
-6.66584
-6.68613
-6.70709
-6.72573
-6.73831
-6.7399
-6.73807
-6.72955
-6.71746
-6.70484
-6.68761
-6.67244
-6.66068
-6.65266
-6.65111
-6.65537
-6.6632
-6.67221
-6.67965
-6.68484
-6.68085
-6.672
-6.66341
-6.6552
-6.65637
-6.66415
-6.67566
-6.68844
-6.70223
-6.7106
-6.71619
-6.71013
-6.69933
-6.68176
-6.65906
-6.63564
-6.61436
-6.60003
-6.59361
-6.59507
-6.60362
-6.61732
-6.63302
-6.65105
-6.66904
-6.68692
-6.70526
-6.72022
-6.73917
-6.75906
-6.77803
-6.79302
-6.8002
-6.80613
-6.80666
-6.80506
-6.80223
-6.79918
-6.79672
-6.79282
-6.78876
-6.78313
-6.77847
-6.76757
-6.74808
-6.72014
-6.69077
-6.65569
-6.62218
-6.59475
-6.57344
-6.566
-6.56447
-6.57234
-6.58791
-6.60608
-6.62692
-6.64732
-6.66516
-6.67843
-6.68655
-6.68884
-6.68394
-6.67318
-6.66164
-6.64881
-6.64255
-6.63752
-6.64012
-6.64875
-6.66271
-6.68466
-6.70868
-6.73805
-6.76518
-6.78974
-6.81065
-6.8193
-6.82172
-6.81866
-6.80357
-6.78196
-6.75887
-6.73028
-6.70078
-6.67587
-6.6557
-6.63806
-6.62995
-6.62675
-6.62736
-6.63146
-6.63595
-6.64678
-6.6555
-6.66834
-6.68342
-6.6956
-6.70625
-6.70954
-6.70794
-6.70147
-6.68715
-6.67255
-6.66211
-6.65664
-6.65832
-6.66252
-6.6732
-6.68749
-6.69771
-6.70761
-6.71522
-6.71974
-6.72414
-6.72874
-6.73304
-6.73717
-6.74676
-6.75587
-6.76101
-6.76378
-6.76142
-6.75565
-6.74423
-6.7325
-6.72359
-6.71244
-6.70627
-6.70026
-6.69298
-6.68385
-6.67285
-6.65818
-6.64652
-6.63255
-6.6196
-6.6116
-6.61012
-6.61535
-6.62536
-6.64212
-6.66378
-6.68404
-6.70761
-6.73025
-6.75192
-6.76664
-6.77646
-6.77674
-6.7716
-6.76222
-6.74621
-6.72503
-6.70126
-6.67658
-6.6473
-6.6197
-6.59178
-6.57087
-6.55505
-6.55193
-6.56106
-6.57972
-6.61203
-6.64878
-6.69183
-6.73502
-6.77233
-6.80282
-6.82077
-6.82638
-6.81801
-6.7984
-6.76957
-6.73517
-6.7011
-6.67119
-6.64849
-6.63491
-6.63
-6.63537
-6.64147
-6.65199
-6.66053
-6.66754
-6.67164
-6.67208
-6.67103
-6.66941
-6.67389
-6.68251
-6.69417
-6.70931
-6.72682
-6.7477
-6.76701
-6.78176
-6.78901
-6.78915
-6.78192
-6.76715
-6.74302
-6.71504
-6.68413
-6.65386
-6.62827
-6.60766
-6.599
-6.59524
-6.59344
-6.5966
-6.6045
-6.61687
-6.63646
-6.65909
-6.68331
-6.70084
-6.71122
-6.71002
-6.6987
-6.67947
-6.65531
-6.63559
-6.62335
-6.61522
-6.61554
-6.61781
-6.62445
-6.63453
-6.64409
-6.65495
-6.66697
-6.67913
-6.69286
-6.70856
-6.72365
-6.74514
-6.76729
-6.78868
-6.81414
-6.83381
-6.84723
-6.85499
-6.85357
-6.84263
-6.82427
-6.79766
-6.76418
-6.72783
-6.69224
-6.66101
-6.63372
-6.61573
-6.60537
-6.60164
-6.60628
-6.61635
-6.63077
-6.64652
-6.65904
-6.66999
-6.67726
-6.68135
-6.68616
-6.68723
-6.6921
-6.69501
-6.6977
-6.70061
-6.6968
-6.69532
-6.69271
-6.69329
-6.69783
-6.70448
-6.71379
-6.72073
-6.72785
-6.73074
-6.72687
-6.72271
-6.71384
-6.70544
-6.69807
-6.69151
-6.68847
-6.69048
-6.69584
-6.70093
-6.70649
-6.71185
-6.71596
-6.71655
-6.71354
-6.7055
-6.69924
-6.69046
-6.67823
-6.66369
-6.65162
-6.64378
-6.63811
-6.63846
-6.64482
-6.65827
-6.67571
-6.69873
-6.72286
-6.74763
-6.77046
-6.7858
-6.79255
-6.79175
-6.7873
-6.78017
-6.76785
-6.75565
-6.74512
-6.73117
-6.71689
-6.70621
-6.69698
-6.6874
-6.68022
-6.67505
-6.67139
-6.67422
-6.67506
-6.67215
-6.66464
-6.65434
-6.64194
-6.62597
-6.61617
-6.60845
-6.60975
-6.61706
-6.6338
-6.65559
-6.67795
-6.70066
-6.72076
-6.73606
-6.74548
-6.74906
-6.75093
-6.7475
-6.73962
-6.73255
-6.72282
-6.71728
-6.71598
-6.72137
-6.72676
-6.73621
-6.74102
-6.74886
-6.74818
-6.74493
-6.73937
-6.73173
-6.72341
-6.71174
-6.69862
-6.68697
-6.6755
-6.66734
-6.66036
-6.65854
-6.66225
-6.66809
-6.67676
-6.68207
-6.68179
-6.67459
-6.66076
-6.64688
-6.62942
-6.61198
-6.59895
-6.59131
-6.59171
-6.60168
-6.6193
-6.64228
-6.66379
-6.68159
-6.69799
-6.70331
-6.70252
-6.69752
-6.69059
-6.68082
-6.67326
-6.66368
-6.65963
-6.65838
-6.66309
-6.67141
-6.68646
-6.7032
-6.71912
-6.73482
-6.7484
-6.75981
-6.76445
-6.76318
-6.75666
-6.74941
-6.74434
-6.74291
-6.75002
-6.75786
-6.77066
-6.78272
-6.7957
-6.81005
-6.82463
-6.83296
-6.83816
-6.83057
-6.81551
-6.79264
-6.76615
-6.73801
-6.71077
-6.68741
-6.66624
-6.64825
-6.6334
-6.61704
-6.6024
-6.58969
-6.57834
-6.56658
-6.55578
-6.54997
-6.54638
-6.54579
-6.54939
-6.56042
-6.57179
-6.58857
-6.60319
-6.6206
-6.63744
-6.64855
-6.65585
-6.65988
-6.65998
-6.66037
-6.65579
-6.65141
-6.64827
-6.65012
-6.6571
-6.67353
-6.69212
-6.71372
-6.73663
-6.757
-6.77206
-6.78004
-6.78308
-6.77795
-6.76281
-6.74527
-6.725
-6.70614
-6.68727
-6.67422
-6.67332
-6.6791
-6.68985
-6.69868
-6.70447
-6.70634
-6.70231
-6.69684
-6.68852
-6.68426
-6.68527
-6.69043
-6.70117
-6.71405
-6.72871
-6.7397
-6.74495
-6.74737
-6.7423
-6.73556
-6.72587
-6.71231
-6.69619
-6.68088
-6.66337
-6.64672
-6.63439
-6.62209
-6.61357
-6.60796
-6.60984
-6.61886
-6.63235
-6.64681
-6.66393
-6.67831
-6.68181
-6.67975
-6.67042
-6.65281
-6.632
-6.61191
-6.60041
-6.60008
-6.61132
-6.63254
-6.65949
-6.69722
-6.73539
-6.77321
-6.80671
-6.83602
-6.854
-6.86418
-6.86479
-6.85489
-6.83634
-6.81044
-6.77659
-6.73678
-6.69514
-6.65337
-6.61981
-6.59436
-6.57945
-6.58021
-6.59019
-6.60659
-6.62187
-6.63622
-6.64539
-6.64952
-6.65282
-6.65789
-6.66197
-6.66869
-6.67338
-6.67881
-6.68477
-6.69205
-6.69792
-6.70663
-6.71598
-6.72237
-6.72789
-6.73461
-6.74444
-6.75566
-6.77183
-6.78771
-6.80342
-6.81516
-6.82244
-6.82143
-6.81229
-6.79907
-6.78036
-6.76367
-6.74294
-6.72239
-6.70105
-6.68046
-6.66039
-6.64356
-6.62597
-6.61388
-6.60008
-6.58889
-6.58407
-6.58393
-6.58817
-6.59826
-6.61189
-6.62637
-6.63814
-6.65004
-6.65973
-6.6621
-6.66648
-6.67174
-6.6737
-6.67412
-6.67786
-6.67656
-6.6742
-6.6692
-6.66397
-6.65645
-6.65236
-6.64808
-6.64339
-6.6394
-6.63525
-6.63365
-6.62814
-6.62293
-6.61896
-6.61672
-6.61317
-6.6127
-6.60895
-6.60746
-6.60842
-6.60739
-6.61343
-6.62296
-6.63704
-6.65824
-6.68091
-6.70744
-6.73103
-6.75493
-6.77723
-6.79648
-6.80806
-6.8123
-6.80477
-6.79226
-6.77568
-6.75606
-6.74041
-6.73357
-6.72823
-6.73009
-6.72942
-6.72728
-6.72664
-6.72293
-6.72124
-6.72019
-6.71809
-6.71708
-6.717
-6.71591
-6.70943
-6.69954
-6.69371
-6.68892
-6.68398
-6.6796
-6.6771
-6.67784
-6.67668
-6.67432
-6.67188
-6.6686
-6.6607
-6.65695
-6.6513
-6.65007
-6.65563
-6.66326
-6.67282
-6.67888
-6.68198
-6.68203
-6.6795
-6.67255
-6.66545
-6.65777
-6.65231
-6.64634
-6.64064
-6.63454
-6.63045
-6.6308
-6.63571
-6.64615
-6.66445
-6.68429
-6.70235
-6.71683
-6.72535
-6.73048
-6.7313
-6.73128
-6.73098
-6.72715
-6.72577
-6.71999
-6.71604
-6.71169
-6.70728
-6.70481
-6.70169
-6.69988
-6.69943
-6.70031
-6.69744
-6.69622
-6.699
-6.70264
-6.70611
-6.70644
-6.70572
-6.69822
-6.68693
-6.66443
-6.63673
-6.6029
-6.57049
-6.54261
-6.52703
-6.52292
-6.53706
-6.56389
-6.604
-6.64806
-6.69386
-6.73846
-6.77897
-6.81204
-6.83989
-6.85669
-6.86067
-6.85485
-6.83521
-6.80807
-6.77238
-6.72799
-6.68777
-6.65513
-6.63648
-6.63048
-6.63224
-6.6361
-6.63956
-6.63869
-6.63677
-6.63435
-6.63419
-6.63456
-6.64417
-6.65585
-6.66957
-6.68585
-6.69905
-6.71188
-6.72029
-6.72667
-6.73329
-6.73852
-6.73888
-6.73386
-6.72086
-6.70564
-6.68517
-6.66968
-6.65987
-6.66045
-6.66796
-6.67953
-6.69181
-6.70145
-6.70749
-6.71206
-6.71221
-6.70952
-6.70464
-6.69748
-6.68977
-6.68181
-6.67324
-6.6615
-6.6467
-6.63035
-6.61289
-6.59763
-6.58754
-6.58282
-6.59032
-6.60869
-6.63219
-6.65945
-6.68833
-6.7183
-6.74258
-6.76468
-6.78196
-6.79485
-6.80289
-6.80602
-6.80217
-6.79703
-6.79039
-6.7775
-6.7632
-6.74613
-6.73086
-6.71365
-6.69825
-6.68244
-6.66942
-6.65856
-6.65466
-6.65412
-6.65719
-6.66425
-6.67631
-6.68759
-6.69923
-6.70867
-6.71796
-6.72024
-6.71726
-6.712
-6.70217
-6.69174
-6.68239
-6.67726
-6.67203
-6.66875
-6.66917
-6.67183
-6.67953
-6.69373
-6.7098
-6.7269
-6.74424
-6.75809
-6.77006
-6.78002
-6.78912
-6.79015
-6.78644
-6.77524
-6.7573
-6.73383
-6.70773
-6.68693
-6.67295
-6.66881
-6.66644
-6.66801
-6.66781
-6.66678
-6.66864
-6.6672
-6.6654
-6.66009
-6.65144
-6.6382
-6.6257
-6.61203
-6.59679
-6.58699
-6.57825
-6.57676
-6.58401
-6.59272
-6.60979
-6.62484
-6.63972
-6.64927
-6.65164
-6.65343
-6.65353
-6.65718
-6.66427
-6.67746
-6.69372
-6.71189
-6.73251
-6.74902
-6.75979
-6.76852
-6.77356
-6.77732
-6.78009
-6.77772
-6.77643
-6.77546
-6.77057
-6.76391
-6.75663
-6.75179
-6.74525
-6.74272
-6.74428
-6.74433
-6.74615
-6.74897
-6.74539
-6.7364
-6.71994
-6.69039
-6.65533
-6.61328
-6.57074
-6.53317
-6.50316
-6.49171
-6.49904
-6.52375
-6.5656
-6.61791
-6.6702
-6.72153
-6.76484
-6.79522
-6.80934
-6.81396
-6.80744
-6.78986
-6.76402
-6.73184
-6.69898
-6.67077
-6.64716
-6.63045
-6.62401
-6.62797
-6.64007
-6.65762
-6.68017
-6.7009
-6.72075
-6.74114
-6.76074
-6.77057
-6.77665
-6.77356
-6.76238
-6.74091
-6.71402
-6.68453
-6.6518
-6.6198
-6.59141
-6.57004
-6.55635
-6.55545
-6.56538
-6.58682
-6.61906
-6.65316
-6.68709
-6.71946
-6.74679
-6.76314
-6.77252
-6.77584
-6.77563
-6.76973
-6.76617
-6.76266
-6.75795
-6.75156
-6.74366
-6.73329
-6.72302
-6.71285
-6.70157
-6.69041
-6.67624
-6.66431
-6.65109
-6.64304
-6.63625
-6.63429
-6.63351
-6.64012
-6.6547
-6.67081
-6.68831
-6.70189
-6.71293
-6.71835
-6.72198
-6.72085
-6.71884
-6.71519
-6.70734
-6.69425
-6.67997
-6.6674
-6.64883
-6.63447
-6.62497
-6.62237
-6.62781
-6.63685
-6.64079
-6.63779
-6.63091
-6.62726
-6.63365
-6.65218
-6.68395
-6.71795
-6.75351
-6.78366
-6.80333
-6.81251
-6.81137
-6.80508
-6.79238
-6.77511
-6.75786
-6.74022
-6.72653
-6.71292
-6.70156
-6.6919
-6.68505
-6.68178
-6.68047
-6.68256
-6.68948
-6.69932
-6.71313
-6.7296
-6.75125
-6.77115
-6.78797
-6.79473
-6.79174
-6.7788
-6.76113
-6.73804
-6.71452
-6.68825
-6.66241
-6.63375
-6.60682
-6.58305
-6.55851
-6.53597
-6.52105
-6.51331
-6.51633
-6.53442
-6.56469
-6.60793
-6.65407
-6.70257
-6.74699
-6.78706
-6.81448
-6.8257
-6.82642
-6.81623
-6.79579
-6.7673
-6.73684
-6.70942
-6.68093
-6.65681
-6.63782
-6.62352
-6.61643
-6.615
-6.6142
-6.61401
-6.61404
-6.61647
-6.61809
-6.61996
-6.62698
-6.63671
-6.65147
-6.67095
-6.69023
-6.7134
-6.73824
-6.76277
-6.78324
-6.79622
-6.79799
-6.79217
-6.77834
-6.76084
-6.73583
-6.71117
-6.69481
-6.68373
-6.68433
-6.69313
-6.71082
-6.73274
-6.75284
-6.77117
-6.78741
-6.79459
-6.79364
-6.78102
-6.75938
-6.73316
-6.7041
-6.67324
-6.6409
-6.61352
-6.58979
-6.57407
-6.56392
-6.55998
-6.56649
-6.57721
-6.59086
-6.60611
-6.62564
-6.64432
-6.65993
-6.67313
-6.68343
-6.69473
-6.70572
-6.71474
-6.72486
-6.73776
-6.74708
-6.75435
-6.75772
-6.75408
-6.7491
-6.73817
-6.72654
-6.71337
-6.70849
-6.70446
-6.70224
-6.70607
-6.71071
-6.71708
-6.72172
-6.72201
-6.72102
-6.71436
-6.70504
-6.69558
-6.68718
-6.67272
-6.66164
-6.65152
-6.64567
-6.63947
-6.63691
-6.63613
-6.63907
-6.64601
-6.6596
-6.67596
-6.69303
-6.71223
-6.73492
-6.75141
-6.76717
-6.78019
-6.787
-6.79108
-6.79226
-6.78802
-6.78272
-6.77167
-6.75537
-6.73811
-6.71975
-6.69813
-6.6765
-6.65907
-6.64201
-6.62908
-6.61559
-6.60212
-6.58921
-6.57242
-6.5537
-6.53323
-6.51817
-6.51174
-6.51819
-6.53979
-6.57194
-6.61203
-6.6576
-6.70353
-6.7468
-6.78344
-6.81039
-6.8297
-6.83845
-6.8408
-6.83325
-6.82505
-6.81236
-6.79723
-6.77968
-6.7663
-6.75081
-6.73881
-6.7266
-6.71911
-6.70668
-6.69872
-6.6877
-6.67903
-6.67176
-6.66824
-6.66801
-6.67141
-6.67545
-6.67843
-6.68228
-6.68041
-6.67573
-6.67164
-6.67085
-6.66649
-6.66156
-6.65368
-6.64362
-6.63686
-6.6262
-6.61731
-6.6116
-6.61142
-6.61534
-6.63143
-6.65173
-6.67445
-6.69629
-6.71319
-6.72578
-6.7326
-6.73323
-6.73133
-6.72482
-6.71291
-6.69941
-6.68646
-6.67497
-6.6685
-6.67081
-6.67405
-6.6759
-6.68005
-6.68181
-6.68177
-6.68173
-6.68141
-6.68052
-6.68217
-6.68687
-6.6914
-6.69756
-6.70264
-6.70441
-6.70278
-6.69319
-6.67545
-6.65634
-6.63771
-6.62097
-6.61226
-6.60945
-6.61748
-6.63196
-6.65449
-6.68254
-6.70972
-6.73503
-6.75887
-6.77642
-6.78826
-6.79461
-6.79105
-6.78065
-6.76448
-6.74603
-6.72757
-6.71167
-6.70418
-6.70389
-6.7067
-6.70867
-6.71331
-6.71302
-6.71182
-6.70541
-6.69366
-6.67792
-6.66104
-6.64485
-6.63413
-6.631
-6.63293
-6.64343
-6.65615
-6.66838
-6.68082
-6.6897
-6.69537
-6.69788
-6.69323
-6.68444
-6.67517
-6.66769
-6.66174
-6.66204
-6.66455
-6.66704
-6.66995
-6.66973
-6.66556
-6.6609
-6.65776
-6.65818
-6.66358
-6.67482
-6.69014
-6.70654
-6.72125
-6.73409
-6.74212
-6.74483
-6.74497
-6.74253
-6.7377
-6.73636
-6.73266
-6.72974
-6.72826
-6.72246
-6.71309
-6.70207
-6.69022
-6.67969
-6.67332
-6.66655
-6.66098
-6.65465
-6.64364
-6.63057
-6.61643
-6.60037
-6.58465
-6.57369
-6.56801
-6.56784
-6.57992
-6.60081
-6.62907
-6.66181
-6.69258
-6.7255
-6.75166
-6.77065
-6.77861
-6.78016
-6.77374
-6.76137
-6.7464
-6.73056
-6.72049
-6.71688
-6.71562
-6.71823
-6.72209
-6.72733
-6.73414
-6.74385
-6.75199
-6.75884
-6.76553
-6.76677
-6.76431
-6.75526
-6.74211
-6.7241
-6.6996
-6.67395
-6.64642
-6.62016
-6.59505
-6.57258
-6.55761
-6.54988
-6.55049
-6.55889
-6.57124
-6.58878
-6.60861
-6.63136
-6.65378
-6.67463
-6.69464
-6.71589
-6.73617
-6.75274
-6.77203
-6.78854
-6.80081
-6.80461
-6.79997
-6.79021
-6.77101
-6.74492
-6.71266
-6.67783
-6.64265
-6.61013
-6.58499
-6.57029
-6.56398
-6.56771
-6.58084
-6.59964
-6.61908
-6.64087
-6.65949
-6.67637
-6.6938
-6.71085
-6.72563
-6.73906
-6.75063
-6.75645
-6.75689
-6.75055
-6.74208
-6.72637
-6.71178
-6.69945
-6.68995
-6.68461
-6.68533
-6.68796
-6.69425
-6.70087
-6.70847
-6.71825
-6.72685
-6.73727
-6.74688
-6.75594
-6.76197
-6.76564
-6.76244
-6.75709
-6.74646
-6.73088
-6.70896
-6.68188
-6.653
-6.62495
-6.59807
-6.57698
-6.56713
-6.5659
-6.57513
-6.5924
-6.61283
-6.63469
-6.65239
-6.66869
-6.68045
-6.69128
-6.69904
-6.69997
-6.69618
-6.68622
-6.67459
-6.66282
-6.65577
-6.65506
-6.6626
-6.67827
-6.70085
-6.72679
-6.74955
-6.77045
-6.77835
-6.77817
-6.77164
-6.75495
-6.73455
-6.7102
-6.68854
-6.66608
-6.65475
-6.65125
-6.65654
-6.66392
-6.67073
-6.68166
-6.68973
-6.69713
-6.70105
-6.7049
-6.70669
-6.70673
-6.70479
-6.70521
-6.70907
-6.70904
-6.70961
-6.70795
-6.70497
-6.70235
-6.70277
-6.70165
-6.69957
-6.69228
-6.68303
-6.67418
-6.66545
-6.65832
-6.65626
-6.65838
-6.66279
-6.66836
-6.67185
-6.68007
-6.68725
-6.698
-6.71001
-6.72201
-6.73201
-6.73833
-6.74103
-6.73971
-6.7404
-6.74024
-6.74478
-6.7546
-6.76352
-6.76733
-6.76973
-6.77009
-6.76294
-6.75633
-6.74408
-6.73001
-6.71679
-6.70364
-6.69479
-6.68084
-6.66927
-6.66227
-6.65407
-6.64816
-6.64551
-6.64651
-6.65154
-6.65411
-6.66072
-6.67049
-6.68171
-6.69172
-6.70553
-6.71574
-6.7231
-6.72316
-6.7193
-6.71067
-6.69048
-6.66926
-6.64503
-6.62524
-6.6099
-6.6028
-6.60478
-6.61208
-6.62357
-6.63501
-6.64189
-6.6454
-6.64433
-6.64186
-6.641
-6.63997
-6.64184
-6.64477
-6.6494
-6.65514
-6.65874
-6.6603
-6.66583
-6.66915
-6.67036
-6.66976
-6.66794
-6.66917
-6.67282
-6.68054
-6.69597
-6.71283
-6.73272
-6.75094
-6.76571
-6.77974
-6.78993
-6.79725
-6.80295
-6.79959
-6.79436
-6.7826
-6.76351
-6.73471
-6.70453
-6.66995
-6.63194
-6.59989
-6.5779
-6.56584
-6.56394
-6.57123
-6.59013
-6.6162
-6.64805
-6.68324
-6.72293
-6.76531
-6.80193
-6.83031
-6.85033
-6.85986
-6.85549
-6.84342
-6.82254
-6.79067
-6.75822
-6.72462
-6.69395
-6.66892
-6.65623
-6.65368
-6.65915
-6.66939
-6.68349
-6.69836
-6.71062
-6.71648
-6.71786
-6.71493
-6.70355
-6.69011
-6.67791
-6.66727
-6.66506
-6.67107
-6.68425
-6.70371
-6.7254
-6.74478
-6.75928
-6.76645
-6.76559
-6.75458
-6.73748
-6.7133
-6.6889
-6.66681
-6.64805
-6.63318
-6.62465
-6.6215
-6.62387
-6.63308
-6.64419
-6.6551
-6.66582
-6.67606
-6.68206
-6.68625
-6.68483
-6.68367
-6.67449
-6.66377
-6.64339
-6.62269
-6.59871
-6.57502
-6.55587
-6.54698
-6.54667
-6.55519
-6.57528
-6.60008
-6.62696
-6.65414
-6.679
-6.70122
-6.71517
-6.72701
-6.73576
-6.7425
-6.74697
-6.75295
-6.75347
-6.75665
-6.76386
-6.77527
-6.7869
-6.79948
-6.80815
-6.8122
-6.80921
-6.79885
-6.78044
-6.75847
-6.73205
-6.70699
-6.68373
-6.66574
-6.65061
-6.6417
-6.63565
-6.63554
-6.63922
-6.64746
-6.65669
-6.66535
-6.67266
-6.67481
-6.6729
-6.66935
-6.66369
-6.65254
-6.64603
-6.64504
-6.64878
-6.6591
-6.6761
-6.69048
-6.70199
-6.71012
-6.71417
-6.71293
-6.70814
-6.70397
-6.70215
-6.70525
-6.7087
-6.71844
-6.72963
-6.74721
-6.76248
-6.77737
-6.78963
-6.79427
-6.78937
-6.77452
-6.74821
-6.71713
-6.68274
-6.64893
-6.62317
-6.60758
-6.60517
-6.6114
-6.62266
-6.63178
-6.64089
-6.64823
-6.65481
-6.66259
-6.67184
-6.6792
-6.68377
-6.68458
-6.67895
-6.67342
-6.66756
-6.66346
-6.66032
-6.66131
-6.66319
-6.66937
-6.6777
-6.685
-6.69922
-6.71066
-6.71808
-6.72471
-6.72984
-6.73263
-6.73049
-6.72824
-6.72639
-6.72254
-6.72171
-6.71947
-6.71623
-6.71484
-6.71042
-6.7066
-6.70231
-6.69998
-6.69707
-6.69078
-6.68254
-6.67381
-6.66394
-6.65455
-6.64297
-6.6329
-6.621
-6.61181
-6.60465
-6.60393
-6.61124
-6.63192
-6.65786
-6.68791
-6.72061
-6.74835
-6.76467
-6.77551
-6.77751
-6.7722
-6.76002
-6.74215
-6.72112
-6.69542
-6.67273
-6.65109
-6.63724
-6.62803
-6.6253
-6.62571
-6.62908
-6.63231
-6.63939
-6.64744
-6.65392
-6.66289
-6.67408
-6.68429
-6.69331
-6.69733
-6.69752
-6.69086
-6.68135
-6.67066
-6.6604
-6.65383
-6.64867
-6.64969
-6.65394
-6.66459
-6.6807
-6.69786
-6.71449
-6.73153
-6.74932
-6.76853
-6.78559
-6.79967
-6.80873
-6.80983
-6.80487
-6.79484
-6.77598
-6.75576
-6.74002
-6.72824
-6.71806
-6.71767
-6.71915
-6.72536
-6.73132
-6.73788
-6.7424
-6.74138
-6.73309
-6.72356
-6.70781
-6.69051
-6.67232
-6.65463
-6.63962
-6.62841
-6.62076
-6.61757
-6.61527
-6.61833
-6.61854
-6.61855
-6.61675
-6.61654
-6.61198
-6.60797
-6.60957
-6.61071
-6.61241
-6.61844
-6.6257
-6.63607
-6.64463
-6.65433
-6.66482
-6.66945
-6.6721
-6.66903
-6.66056
-6.64929
-6.63864
-6.62935
-6.6271
-6.63219
-6.64154
-6.65323
-6.66269
-6.66983
-6.67274
-6.67505
-6.67311
-6.6715
-6.66829
-6.66241
-6.65693
-6.65223
-6.64969
-6.65363
-6.66295
-6.67671
-6.69424
-6.71136
-6.7278
-6.74674
-6.76629
-6.78648
-6.80619
-6.82067
-6.8282
-6.82544
-6.81173
-6.78938
-6.75957
-6.72439
-6.68907
-6.65637
-6.63199
-6.61131
-6.60096
-6.59821
-6.60125
-6.61403
-6.63151
-6.65405
-6.67909
-6.70704
-6.73521
-6.75842
-6.77317
-6.77525
-6.76529
-6.74308
-6.71645
-6.68086
-6.64881
-6.62148
-6.60409
-6.59463
-6.59589
-6.60725
-6.62677
-6.65516
-6.68789
-6.72101
-6.75257
-6.77629
-6.7929
-6.80074
-6.79856
-6.78859
-6.77379
-6.75198
-6.73037
-6.70469
-6.68104
