-5.52362
-5.52297
-5.52232
-5.52297
-5.52491
-5.52588
-5.52394
-5.52426
-5.52394
-5.52491
-5.52459
-5.52362
-5.52362
-5.52524
-5.52783
-5.52653
-5.52718
-5.52556
-5.52653
-5.52524
-5.52653
-5.52394
-5.52362
-5.52523
-5.52426
-5.52523
-5.52459
-5.52686
-5.52588
-5.52524
-5.52556
-5.52459
-5.52264
-5.52491
-5.52556
-5.52362
-5.52524
-5.52427
-5.52394
-5.52556
-5.52524
-5.52426
-5.52426
-5.52297
-5.52297
-5.52168
-5.51941
-5.52135
-5.52232
-5.52329
-5.52167
-5.52167
-5.52264
-5.52556
-5.52426
-5.52232
-5.52362
-5.52427
-5.52491
-5.52718
-5.52718
-5.52718
-5.52719
-5.52784
-5.52686
-5.52589
-5.52524
-5.52459
-5.52394
-5.52362
-5.52395
-5.52394
-5.52394
-5.52427
-5.52135
-5.52232
-5.52329
-5.52329
-5.52685
-5.52977
-5.53236
-5.53139
-5.52847
-5.52718
-5.5288
-5.52783
-5.52588
-5.52685
-5.52393
-5.52166
-5.52328
-5.5236
-5.52263
-5.52166
-5.52134
-5.52101
-5.52037
-5.51908
-5.52135
-5.51908
-5.51844
-5.52168
-5.52362
-5.52426
-5.52653
-5.5275
-5.52652
-5.52717
-5.52782
-5.52652
-5.5262
-5.52588
-5.52685
-5.52556
-5.5275
-5.52686
-5.52589
-5.52427
-5.52459
-5.52362
-5.52362
-5.52491
-5.52329
-5.52329
-5.52297
-5.52523
-5.52459
-5.52232
-5.5207
-5.52168
-5.52394
-5.52492
-5.52621
-5.52589
-5.52654
-5.53042
-5.52978
-5.52718
-5.52783
-5.52621
-5.52523
-5.52524
-5.52362
-5.52491
-5.52427
-5.5233
-5.52168
-5.52071
-5.52103
-5.52006
-5.52233
-5.52265
-5.52427
-5.52233
-5.52362
-5.52232
-5.52265
-5.52168
-5.52071
-5.52362
-5.5233
-5.52297
-5.5233
-5.52525
-5.52525
-5.52621
-5.52654
-5.52524
-5.52557
-5.52686
-5.52621
-5.52459
-5.52394
-5.52233
-5.52168
-5.52363
-5.52299
-5.52525
-5.52557
-5.52654
-5.52525
-5.52686
-5.52621
-5.52524
-5.5233
-5.522
-5.52297
-5.52199
-5.52329
-5.52168
-5.52168
-5.52136
-5.52234
-5.52298
-5.52428
-5.52395
-5.52266
-5.52266
-5.52136
-5.52168
-5.5233
-5.52491
-5.52523
-5.5249
-5.52425
-5.52264
-5.52264
-5.52264
-5.52361
-5.52265
-5.522
-5.52265
-5.5233
-5.52459
-5.52524
-5.52329
-5.52588
-5.52523
-5.52491
-5.52524
-5.52588
-5.52718
-5.5275
-5.52782
-5.52782
-5.52847
-5.52879
-5.52814
-5.52976
-5.52912
-5.52879
-5.52782
-5.52523
-5.52426
-5.52523
-5.52458
-5.52264
-5.52297
-5.52491
-5.52589
-5.52718
-5.52588
-5.52556
-5.52556
-5.52394
-5.52297
-5.522
-5.52427
-5.52524
-5.52783
-5.52848
-5.52913
-5.5301
-5.5301
-5.52847
-5.52491
-5.52167
-5.52134
-5.52135
-5.52102
-5.51973
-5.52167
-5.5207
-5.522
-5.52232
-5.52329
-5.52168
-5.52233
-5.5233
-5.52135
-5.52394
-5.52459
-5.52556
-5.52556
-5.52394
-5.522
-5.522
-5.52394
-5.52524
-5.52491
-5.52459
-5.52588
-5.52588
-5.52555
-5.5249
-5.5262
-5.52523
-5.52587
-5.52652
-5.52588
-5.52491
-5.52459
-5.52459
-5.5233
-5.52071
-5.52103
-5.522
-5.52071
-5.52297
-5.52394
-5.52361
-5.52329
-5.52523
-5.52588
-5.5275
-5.52718
-5.52685
-5.52783
-5.52685
-5.52815
-5.5275
-5.52685
-5.52491
-5.52394
-5.52588
-5.52588
-5.52653
-5.52524
-5.52492
-5.5233
-5.52265
-5.52232
-5.52232
-5.52232
-5.52264
-5.52232
-5.52297
-5.52265
-5.52265
-5.52362
-5.52427
-5.52557
-5.52492
-5.52427
-5.52265
-5.52492
-5.52492
-5.52556
-5.52621
-5.52492
-5.5233
-5.52265
-5.52232
-5.522
-5.52588
-5.52589
-5.52718
-5.52815
-5.52686
-5.52815
-5.52686
-5.52686
-5.52491
-5.52329
-5.52265
-5.52135
-5.52232
-5.52232
-5.52167
-5.52005
-5.5207
-5.52005
-5.52135
-5.52265
-5.52265
-5.52135
-5.52362
-5.52394
-5.52621
-5.52459
-5.52394
-5.52491
-5.52491
-5.52491
-5.52329
-5.52264
-5.52329
-5.52394
-5.52427
-5.52459
-5.52621
-5.52556
-5.52621
-5.52686
-5.52718
-5.52783
-5.52783
-5.52815
-5.52653
-5.5288
-5.52847
-5.52718
-5.52523
-5.522
-5.52362
-5.5233
-5.52427
-5.52395
-5.52201
-5.5233
-5.52201
-5.52395
-5.52427
-5.52556
-5.52621
-5.52751
-5.52589
-5.52556
-5.52394
-5.52427
-5.52394
-5.52394
-5.52589
-5.52622
-5.52816
-5.52751
-5.52622
-5.52654
-5.52459
-5.52232
-5.52297
-5.52329
-5.52232
-5.5207
-5.522
-5.52233
-5.52363
-5.5246
-5.52233
-5.52331
-5.52298
-5.52071
-5.52135
-5.52232
-5.52329
-5.52491
-5.52524
-5.52394
-5.5233
-5.52298
-5.52265
-5.52492
-5.52654
-5.5288
-5.52751
-5.5301
-5.53139
-5.53107
-5.53042
-5.53042
-5.52816
-5.52848
-5.52881
-5.52751
-5.52557
-5.52492
-5.52395
-5.52362
-5.52298
-5.52298
-5.52298
-5.52524
-5.52686
-5.52945
-5.52945
-5.5288
-5.52912
-5.5288
-5.52654
-5.52589
-5.52654
-5.52492
-5.52492
-5.52428
-5.52654
-5.52557
-5.52654
-5.52557
-5.52589
-5.52492
-5.52362
-5.52394
-5.52297
-5.5233
-5.522
-5.522
-5.52136
-5.52168
-5.52136
-5.51844
-5.52038
-5.522
-5.52362
-5.52491
-5.52491
-5.52329
-5.52394
-5.52491
-5.52329
-5.52394
-5.52492
-5.52556
-5.52589
-5.52621
-5.52686
-5.5288
-5.52816
-5.52783
-5.52686
-5.52751
-5.52783
-5.52718
-5.52783
-5.52783
-5.52653
-5.52718
-5.52654
-5.52589
-5.52556
-5.52621
-5.52653
-5.5275
-5.52815
-5.52685
-5.52685
-5.52556
-5.5233
-5.52362
-5.52233
-5.52266
-5.52363
-5.52363
-5.52492
-5.52362
-5.52394
-5.52459
-5.52621
-5.52686
-5.52718
-5.52686
-5.52621
-5.52751
-5.52751
-5.52783
-5.52363
-5.52427
-5.52233
-5.5233
-5.52298
-5.52427
-5.52362
-5.52653
-5.52395
-5.5233
-5.52524
-5.52395
-5.52427
-5.52395
-5.52298
-5.5233
-5.5233
-5.52039
-5.51845
-5.51715
-5.51877
-5.51975
-5.5191
-5.52136
-5.52298
-5.52622
-5.52945
-5.52945
-5.52848
-5.52686
-5.52622
-5.52686
-5.52589
-5.5246
-5.52428
-5.52363
-5.52428
-5.52363
-5.52104
-5.52201
-5.52104
-5.51974
-5.52136
-5.52233
-5.52298
-5.5246
-5.5246
-5.5246
-5.52428
-5.52395
-5.52525
-5.52784
-5.52881
-5.52751
-5.52719
-5.52492
-5.52525
-5.52201
-5.52007
-5.52104
-5.52071
-5.522
-5.52168
-5.522
-5.52265
-5.52363
-5.52266
-5.52298
-5.52298
-5.5246
-5.52298
-5.52298
-5.52363
-5.52298
-5.52363
-5.52363
-5.5246
-5.52525
-5.52719
-5.52719
-5.52783
-5.52816
-5.53075
-5.53204
-5.52978
-5.52848
-5.52751
-5.52848
-5.52686
-5.52298
-5.52427
-5.52168
-5.522
-5.52135
-5.52038
-5.52168
-5.52168
-5.52233
-5.52363
-5.52071
-5.52007
-5.51942
-5.52039
-5.52266
-5.52363
-5.52492
-5.52622
-5.52557
-5.52492
-5.52687
-5.52687
-5.52978
-5.52849
-5.52752
-5.5301
-5.52913
-5.52848
-5.52816
-5.52718
-5.52718
-5.52621
-5.52654
-5.52621
-5.52686
-5.52492
-5.52524
-5.52621
-5.52686
-5.52718
-5.52621
-5.52621
-5.52622
-5.52784
-5.52751
-5.52913
-5.52978
-5.52783
-5.52654
-5.52524
-5.52815
-5.52718
-5.52653
-5.5233
-5.51909
-5.51941
-5.52168
-5.52006
-5.52395
-5.52427
-5.52459
-5.52232
-5.52362
-5.52265
-5.52232
-5.522
-5.52071
-5.52168
-5.52362
-5.52459
-5.52394
-5.52491
-5.52492
-5.52556
-5.52654
-5.52492
-5.52654
-5.52654
-5.52719
-5.52589
-5.52557
-5.52557
-5.52621
-5.52621
-5.52459
-5.52621
-5.5288
-5.52978
-5.52686
-5.52718
-5.52459
-5.52362
-5.52427
-5.52394
-5.52556
-5.52621
-5.52524
-5.52621
-5.52783
-5.52686
-5.52589
-5.52524
-5.52459
-5.52362
-5.52167
-5.522
-5.52006
-5.52006
-5.52136
-5.52298
-5.52298
-5.52395
-5.52525
-5.52623
-5.52882
-5.53011
-5.53011
-5.52816
-5.52751
-5.52751
-5.52621
-5.52492
-5.52589
-5.52557
-5.5233
-5.52395
-5.52363
-5.52071
-5.52169
-5.52266
-5.52137
-5.52201
-5.52266
-5.52428
-5.52428
-5.52525
-5.52751
-5.52719
-5.52881
-5.52784
-5.52395
-5.52331
-5.52298
-5.52266
-5.52234
-5.52364
-5.52169
-5.52396
-5.52202
-5.52266
-5.52233
-5.52265
-5.52136
-5.52265
-5.52298
-5.52234
-5.52169
-5.52202
-5.52169
-5.52202
-5.52202
-5.52104
-5.52201
-5.52298
-5.52104
-5.52266
-5.52169
-5.52233
-5.52298
-5.52266
-5.52395
-5.52557
-5.52719
-5.52719
-5.52784
-5.52849
-5.52785
-5.52655
-5.52493
-5.52558
-5.52914
-5.52849
-5.52785
-5.52493
-5.52525
-5.52396
-5.52396
-5.52396
-5.52331
-5.52331
-5.52396
-5.52395
-5.52363
-5.52395
-5.52072
-5.52298
-5.52331
-5.52363
-5.52396
-5.52072
-5.52007
-5.52169
-5.52234
-5.52363
-5.52428
-5.5233
-5.52266
-5.52136
-5.52362
-5.5233
-5.52298
-5.52233
-5.52427
-5.52622
-5.52686
-5.52492
-5.52298
-5.52265
-5.52298
-5.522
-5.522
-5.51974
-5.51974
-5.52006
-5.52039
-5.52201
-5.52136
-5.51942
-5.52071
-5.51942
-5.51909
-5.5191
-5.51942
-5.52169
-5.52104
-5.52104
-5.52071
-5.51974
-5.51877
-5.52071
-5.51909
-5.51974
-5.52039
-5.52169
-5.52201
-5.52363
-5.52396
-5.52525
-5.52461
-5.5259
-5.52557
-5.52589
-5.52881
-5.52784
-5.52751
-5.52622
-5.52654
-5.52654
-5.52816
-5.52687
-5.52687
-5.52654
-5.52557
-5.52493
-5.5259
-5.52429
-5.52234
-5.5217
-5.52299
-5.52525
-5.5246
-5.52525
-5.52687
-5.52525
-5.52137
-5.52137
-5.52267
-5.52364
-5.52137
-5.52202
-5.52267
-5.52331
-5.52234
-5.52266
-5.52461
-5.52493
-5.52299
-5.52169
-5.52104
-5.52137
-5.52331
-5.52202
-5.52331
-5.52428
-5.52429
-5.52526
-5.52396
-5.52364
-5.52331
-5.52299
-5.52396
-5.52266
-5.52266
-5.52169
-5.52169
-5.51974
-5.52039
-5.51942
-5.52201
-5.52331
-5.52493
-5.52364
-5.52299
-5.52526
-5.52688
-5.5259
-5.52688
-5.52558
-5.52558
-5.52623
-5.52558
-5.52655
-5.52688
-5.52752
-5.52687
-5.52493
-5.52558
-5.52526
-5.52558
-5.52364
-5.52267
-5.52364
-5.52267
-5.52429
-5.52396
-5.52397
-5.52364
-5.52332
-5.52235
-5.52137
-5.52267
-5.52462
-5.52526
-5.52462
-5.52559
-5.52398
-5.52624
-5.52592
-5.52592
-5.52559
-5.52591
-5.52559
-5.52332
-5.5217
-5.52364
-5.5217
-5.52105
-5.51976
-5.51684
-5.51846
-5.51814
-5.51782
-5.51782
-5.51717
-5.52041
-5.52202
-5.52073
-5.52364
-5.52299
-5.52073
-5.52202
-5.5217
-5.52073
-5.52073
-5.52008
-5.52235
-5.52267
-5.52397
-5.52364
-5.52008
-5.51911
-5.51814
-5.51749
-5.51684
-5.51976
-5.52008
-5.5204
-5.51976
-5.52041
-5.52235
-5.52106
-5.51944
-5.51944
-5.52009
-5.51976
-5.51912
-5.51912
-5.52235
-5.52235
-5.52106
-5.52268
-5.52332
-5.52365
-5.523
-5.52267
-5.52138
-5.52138
-5.52235
-5.52591
-5.52526
-5.52462
-5.52559
-5.52494
-5.52429
-5.52429
-5.52267
-5.52138
-5.52138
-5.52138
-5.52202
-5.5217
-5.52203
-5.52332
-5.52591
-5.52591
-5.52559
-5.523
-5.52235
-5.52526
-5.52785
-5.52623
-5.52655
-5.52655
-5.52785
-5.52526
-5.52753
-5.52785
-5.52721
-5.52656
-5.52559
-5.52365
-5.52462
-5.52397
-5.52461
-5.52429
-5.52623
-5.52623
-5.52493
-5.52429
-5.52331
-5.52234
-5.52364
-5.52299
-5.52331
-5.52493
-5.52493
-5.52235
-5.5217
-5.52138
-5.523
-5.52332
-5.52461
-5.52623
-5.5272
-5.52882
-5.52915
-5.5272
-5.52526
-5.52397
-5.523
-5.52332
-5.52364
-5.5217
-5.52105
-5.52299
-5.52235
-5.52202
-5.52008
-5.51911
-5.51846
-5.51878
-5.5204
-5.5204
-5.52267
-5.52332
-5.52364
-5.52396
-5.52332
-5.52202
-5.52235
-5.5217
-5.52235
-5.52364
-5.52494
-5.52267
-5.52202
-5.52138
-5.5217
-5.52268
-5.52138
-5.52008
-5.52234
-5.52331
-5.52266
-5.52072
-5.52202
-5.5204
-5.51976
-5.52008
-5.51976
-5.52138
-5.52073
-5.52073
-5.51944
-5.51943
-5.51943
-5.51911
-5.51749
-5.52008
-5.52008
-5.52202
-5.52429
-5.52429
-5.52429
-5.52397
-5.523
-5.5217
-5.52429
-5.52559
-5.52559
-5.52332
-5.52235
-5.52073
-5.52235
-5.52234
-5.52332
-5.52332
-5.52332
-5.52364
-5.5217
-5.52332
-5.5217
-5.5217
-5.52267
-5.52169
-5.52493
-5.52591
-5.52752
-5.52558
-5.52493
-5.52331
-5.52493
-5.52299
-5.52364
-5.5217
-5.52235
-5.52138
-5.52526
-5.52462
-5.52332
-5.52202
-5.51943
-5.51943
-5.51911
-5.5204
-5.51911
-5.52073
-5.52138
-5.52171
-5.52203
-5.5243
-5.52268
-5.52332
-5.52267
-5.52462
-5.52623
-5.52818
-5.52688
-5.52688
-5.52591
-5.52559
-5.52429
-5.52365
-5.52365
-5.52559
-5.52397
-5.52494
-5.52396
-5.52397
-5.52494
-5.52332
-5.52202
-5.5217
-5.5217
-5.52008
-5.51878
-5.52073
-5.5204
-5.5217
-5.52234
-5.52461
-5.52332
-5.52526
-5.52462
-5.52462
-5.52365
-5.52559
-5.52365
-5.52365
-5.52333
-5.52397
-5.52526
-5.52591
-5.52656
-5.52623
-5.52656
-5.52526
-5.52591
-5.52526
-5.52332
-5.523
-5.52494
-5.52364
-5.52526
-5.52429
-5.52365
-5.523
-5.52171
-5.52073
-5.52041
-5.52073
-5.52008
-5.52041
-5.52073
-5.52105
-5.52235
-5.52332
-5.52332
-5.52332
-5.52429
-5.52526
-5.52591
-5.52688
-5.52656
-5.52494
-5.52462
-5.52591
-5.52591
-5.52267
-5.52235
-5.52202
-5.52235
-5.52105
-5.52073
-5.51943
-5.51976
-5.5204
-5.52267
-5.52397
-5.52364
-5.52624
-5.52591
-5.5243
-5.52203
-5.52171
-5.52203
-5.52204
-5.52009
-5.51879
-5.51911
-5.52073
-5.52202
-5.52137
-5.52105
-5.52365
-5.52494
-5.52527
-5.52268
-5.52268
-5.52333
-5.52365
-5.52365
-5.52171
-5.51944
-5.51912
-5.51944
-5.51911
-5.52073
-5.52105
-5.52235
-5.523
-5.52494
-5.52495
-5.52657
-5.52721
-5.52624
-5.5256
-5.52657
-5.52657
-5.52657
-5.52883
-5.52883
-5.52754
-5.52689
-5.52721
-5.52721
-5.52494
-5.52527
-5.52495
-5.52301
-5.52495
-5.52462
-5.52559
-5.52721
-5.52688
-5.52721
-5.52559
-5.52559
-5.52559
-5.52592
-5.52624
-5.52495
-5.5256
-5.52431
-5.52592
-5.52366
-5.52366
-5.52527
-5.52592
-5.52624
-5.52657
-5.52689
-5.52883
-5.52689
-5.52657
-5.52365
-5.52171
-5.52139
-5.52333
-5.52366
-5.52269
-5.52366
-5.52528
-5.52398
-5.52075
-5.52139
-5.52204
-5.52204
-5.52333
-5.52106
-5.52171
-5.52139
-5.52301
-5.52268
-5.52333
-5.52463
-5.52365
-5.52301
-5.5243
-5.52236
-5.52204
-5.52333
-5.52139
-5.52301
-5.52236
-5.52268
-5.52463
-5.52398
-5.52301
-5.52334
-5.52269
-5.52366
-5.5256
-5.52657
-5.52755
-5.5269
-5.52722
-5.52528
-5.52496
-5.52431
-5.52528
-5.52592
-5.52625
-5.52462
-5.52495
-5.5243
-5.52366
-5.52366
-5.52366
-5.52236
-5.52301
-5.52204
-5.52204
-5.52269
-5.52237
-5.52237
-5.52269
-5.52269
-5.52431
-5.52431
-5.52625
-5.5256
-5.5256
-5.52625
-5.52561
-5.52334
-5.52205
-5.52334
-5.52366
-5.52237
-5.52431
-5.52495
-5.52463
-5.52366
-5.52528
-5.52398
-5.52301
-5.52463
-5.52495
-5.52754
-5.52884
-5.52786
-5.52527
-5.5243
-5.52463
-5.52527
-5.5256
-5.52722
-5.52398
-5.52431
-5.52399
-5.5214
-5.5214
-5.52075
-5.52301
-5.52236
-5.52139
-5.52139
-5.52172
-5.52366
-5.52398
-5.52431
-5.52593
-5.52431
-5.52366
-5.52366
-5.52269
-5.51978
-5.5201
-5.5214
-5.5227
-5.52464
-5.52464
-5.52658
-5.52463
-5.52593
-5.52496
-5.52431
-5.52366
-5.52204
-5.52269
-5.52399
-5.52496
-5.52658
-5.52658
-5.52787
-5.52787
-5.53079
-5.53241
-5.53079
-5.52852
-5.52722
-5.52625
-5.5269
-5.52885
-5.52594
-5.52626
-5.52529
-5.52691
-5.52723
-5.52755
-5.5256
-5.52431
-5.52431
-5.52269
-5.52075
-5.52237
-5.52399
-5.52367
-5.5227
-5.5227
-5.52302
-5.52431
-5.52301
-5.52139
-5.52171
-5.52204
-5.52236
-5.51945
-5.52042
-5.51945
-5.52236
-5.52366
-5.52463
-5.5243
-5.52463
-5.52592
-5.52495
-5.52657
-5.52689
-5.52721
-5.52657
-5.52495
-5.52722
-5.52593
-5.52658
-5.52723
-5.52755
-5.52787
-5.52658
-5.52787
-5.52657
-5.52657
-5.5243
-5.52398
-5.5243
-5.52593
-5.52658
-5.52431
-5.52528
-5.52723
-5.52755
-5.52593
-5.52302
-5.52528
-5.52528
-5.52302
-5.52399
-5.52561
-5.52431
-5.52561
-5.52366
-5.52204
-5.52107
-5.52107
-5.52075
-5.52269
-5.52593
-5.52626
-5.52593
-5.52399
-5.52464
-5.52496
-5.5269
-5.5282
-5.52723
-5.5269
-5.5269
-5.5269
-5.52755
-5.52561
-5.52561
-5.52528
-5.52398
-5.52301
-5.52302
-5.52528
-5.52464
-5.52561
-5.52561
-5.52626
-5.52561
-5.52432
-5.52496
-5.52432
-5.52399
-5.52367
-5.52464
-5.52366
-5.52399
-5.52431
-5.52204
-5.52463
-5.52333
-5.52366
-5.52269
-5.52172
-5.5201
-5.52075
-5.52107
-5.52269
-5.52334
-5.52593
-5.52431
-5.52399
-5.52463
-5.5256
-5.52722
-5.52722
-5.52689
-5.52884
-5.52787
-5.52657
-5.5256
-5.52496
-5.52496
-5.52657
-5.52528
-5.52431
-5.5256
-5.52657
-5.52949
-5.52916
-5.52754
-5.52722
-5.52657
-5.5256
-5.52495
-5.52463
-5.52269
-5.52236
-5.52334
-5.5256
-5.52528
-5.5256
-5.5269
-5.52625
-5.52819
-5.52916
-5.52916
-5.52657
-5.5256
-5.52463
-5.52366
-5.52366
-5.52301
-5.52269
-5.52366
-5.5256
-5.52528
-5.52592
-5.52916
-5.52916
-5.52656
-5.52592
-5.52495
-5.5243
-5.52398
-5.5243
-5.52398
-5.52333
-5.52462
-5.52495
-5.52559
-5.52559
-5.52559
-5.52527
-5.52624
-5.52398
-5.52171
-5.52236
-5.52268
-5.52268
-5.5243
-5.52398
-5.52333
-5.52236
-5.52365
-5.52494
-5.52268
-5.52171
-5.52236
-5.52139
-5.52074
-5.52268
-5.523
-5.52397
-5.52365
-5.5243
-5.52462
-5.52462
-5.52559
-5.52397
-5.52624
-5.52592
-5.52721
-5.52494
-5.5285
-5.52689
-5.52559
-5.52527
-5.52592
-5.52624
-5.52559
-5.52397
-5.52332
-5.52494
-5.52591
-5.52558
-5.52558
-5.52299
-5.52364
-5.52332
-5.52267
-5.5217
-5.52105
-5.52202
-5.52202
-5.5204
-5.52105
-5.52138
-5.52138
-5.52235
-5.52365
-5.52397
-5.52397
-5.52365
-5.52332
-5.52138
-5.52105
-5.52332
-5.52267
-5.52267
-5.5217
-5.52073
-5.52202
-5.52235
-5.5217
-5.52526
-5.52299
-5.52558
-5.52461
-5.52364
-5.52332
-5.523
-5.52074
-5.52171
-5.52074
-5.52009
-5.51717
-5.5204
-5.52008
-5.5217
-5.52299
-5.52591
-5.52559
-5.52559
-5.52623
-5.52688
-5.52559
-5.52429
-5.52396
-5.52429
-5.52396
-5.52396
-5.52428
-5.52493
-5.52655
-5.52655
-5.5259
-5.52558
-5.52817
-5.52785
-5.52623
-5.52688
-5.52849
-5.52817
-5.52914
-5.52914
-5.52849
-5.52591
-5.52526
-5.52202
-5.52105
-5.52138
-5.52073
-5.51749
-5.51619
-5.51554
-5.51586
-5.51748
-5.51748
-5.51877
-5.51877
-5.52169
-5.52104
-5.52105
-5.52364
-5.52721
-5.52948
-5.52883
-5.52915
-5.52656
-5.52786
-5.52526
-5.52526
-5.52494
-5.52332
-5.52267
-5.52299
-5.52494
-5.52526
-5.52494
-5.52332
-5.52267
-5.52106
-5.51944
-5.52106
-5.52171
-5.52074
-5.52333
-5.52268
-5.52268
-5.523
-5.52365
-5.52365
-5.52462
-5.52656
-5.52559
-5.52526
-5.52429
-5.52494
-5.52429
-5.52462
-5.52527
-5.52624
-5.52494
-5.52203
-5.5217
-5.52008
-5.52008
-5.52008
-5.52137
-5.52137
-5.5217
-5.52106
-5.52041
-5.52235
-5.52364
-5.52526
-5.52558
-5.52623
-5.5259
-5.52396
-5.52461
-5.52332
-5.52461
-5.52558
-5.52688
-5.5272
-5.52882
-5.52915
-5.5285
-5.5298
-5.52785
-5.52559
-5.52753
-5.52591
-5.52267
-5.52299
-5.52234
-5.52169
-5.52331
-5.52429
-5.52559
-5.52494
-5.52591
-5.5272
-5.52461
-5.52526
-5.52752
-5.52817
-5.52623
-5.52591
-5.52558
-5.52461
-5.52267
-5.52332
-5.52299
-5.52169
-5.52169
-5.52104
-5.52007
-5.52039
-5.52201
-5.52201
-5.52169
-5.52234
-5.51974
-5.52169
-5.51942
-5.52169
-5.52169
-5.52299
-5.5217
-5.52332
-5.52267
-5.5217
-5.52105
-5.52234
-5.52299
-5.52461
-5.52363
-5.52493
-5.52395
-5.52525
-5.52557
-5.52848
-5.52946
-5.52816
-5.52816
-5.52881
-5.53076
-5.52979
-5.5285
-5.52785
-5.52688
-5.5272
-5.5285
-5.53076
-5.53012
-5.52882
-5.52753
-5.52526
-5.52461
-5.52429
-5.52429
-5.5259
-5.52558
-5.52752
-5.52882
-5.52882
-5.52882
-5.5285
-5.52818
-5.52688
-5.52332
-5.523
-5.52008
-5.51943
-5.51846
-5.51846
-5.51716
-5.51489
-5.51457
-5.51457
-5.51489
-5.51489
-5.51618
-5.51942
-5.52072
-5.52234
-5.52266
-5.52396
-5.52299
-5.52428
-5.52461
-5.52623
-5.52623
-5.5272
-5.52558
-5.52591
-5.52591
-5.52494
-5.52364
-5.52332
-5.52202
-5.52428
-5.52428
-5.52137
-5.52105
-5.52202
-5.52267
-5.52008
-5.52202
-5.52267
-5.52299
-5.52331
-5.52493
-5.52784
-5.52784
-5.52849
-5.52946
-5.53044
-5.53043
-5.52784
-5.52558
-5.52687
-5.52331
-5.52363
-5.52687
-5.52525
-5.52719
-5.52622
-5.52428
-5.52525
-5.52558
-5.5259
-5.52719
-5.52946
-5.52752
-5.52558
-5.52687
-5.52687
-5.52655
-5.52622
-5.52622
-5.52557
-5.5233
-5.52363
-5.5246
-5.5246
-5.5272
-5.52752
-5.52655
-5.52655
-5.52558
-5.52494
-5.52461
-5.52526
-5.52396
-5.52331
-5.52363
-5.52201
-5.52071
-5.52006
-5.52168
-5.52168
-5.5191
-5.51975
-5.52007
-5.51975
-5.51975
-5.52169
-5.52201
-5.52104
-5.5191
-5.52136
-5.52007
-5.51942
-5.52072
-5.52072
-5.52201
-5.52104
-5.52299
-5.52396
-5.52622
-5.52752
-5.53075
-5.52816
-5.52752
-5.52784
-5.52751
-5.52622
-5.52557
-5.52557
-5.52363
-5.52266
-5.52525
-5.52622
-5.52557
-5.5259
-5.52784
-5.52654
-5.52654
-5.52687
-5.52557
-5.52654
-5.52428
-5.52655
-5.52655
-5.52622
-5.52752
-5.52622
-5.5259
-5.52719
-5.52752
-5.52752
-5.52719
-5.52719
-5.52622
-5.5246
-5.52298
-5.5233
-5.52233
-5.52266
-5.5246
-5.52363
-5.52105
-5.52234
-5.52299
-5.52299
-5.52396
-5.5259
-5.52557
-5.52589
-5.52621
-5.52556
-5.52556
-5.52654
-5.5246
-5.52396
-5.52525
-5.52525
-5.52428
-5.52202
-5.52266
-5.52234
-5.52363
-5.52363
-5.52557
-5.52395
-5.52298
-5.52427
-5.52362
-5.5246
-5.52654
-5.52589
-5.52427
-5.52298
-5.52168
-5.52201
-5.52233
-5.52233
-5.52201
-5.51942
-5.51942
-5.51974
-5.51845
-5.52201
-5.5233
-5.52362
-5.52751
-5.52977
-5.52945
-5.52816
-5.52816
-5.52978
-5.52946
-5.52881
-5.52687
-5.52395
-5.52233
-5.5233
-5.52395
-5.5233
-5.52038
-5.52201
-5.52233
-5.52103
-5.5246
-5.52103
-5.52039
-5.52104
-5.52266
-5.52395
-5.52298
-5.52265
-5.522
-5.522
-5.52233
-5.51941
-5.52136
-5.52103
-5.52168
-5.52103
-5.52039
-5.52039
-5.52039
-5.52136
-5.52136
-5.52201
-5.52136
-5.52136
-5.52395
-5.52589
-5.52459
-5.52395
-5.52556
-5.52686
-5.52783
-5.52881
-5.52719
-5.52589
-5.5246
-5.5246
-5.52524
-5.52686
-5.52654
-5.52815
-5.52718
-5.52524
-5.52459
-5.52427
-5.52525
-5.52525
-5.5246
-5.52461
-5.52428
-5.52363
-5.52266
-5.52363
-5.52427
-5.52168
-5.52233
-5.52265
-5.52362
-5.52395
-5.522
-5.522
-5.52201
-5.52233
-5.52233
-5.52266
-5.52363
-5.52298
-5.52363
-5.52298
-5.52395
-5.52589
-5.5246
-5.52687
-5.52816
-5.52687
-5.52622
-5.52622
-5.52622
-5.5259
-5.52428
-5.52331
-5.52266
-5.5246
-5.52395
-5.52557
-5.52686
-5.52589
-5.52621
-5.52622
-5.52686
-5.52428
-5.5246
-5.52557
-5.5259
-5.52557
-5.52654
-5.52622
-5.5246
-5.52557
-5.52492
-5.52525
-5.52589
-5.52686
-5.52589
-5.5246
-5.52492
-5.52654
-5.52686
-5.52589
-5.52816
-5.52849
-5.52946
-5.52914
-5.52913
-5.53043
-5.52913
-5.52816
-5.52848
-5.52913
-5.52783
-5.52751
-5.52719
-5.52492
-5.52363
-5.52298
-5.52266
-5.52169
-5.52266
-5.52233
-5.52331
-5.52428
-5.52395
-5.52396
-5.52525
-5.52461
-5.52526
-5.52461
-5.52493
-5.52558
-5.52266
-5.52396
-5.52363
-5.52395
-5.52169
-5.52233
-5.52266
-5.52363
-5.52136
-5.52104
-5.52266
-5.52331
-5.52395
-5.52687
-5.52558
-5.52688
-5.52461
-5.52526
-5.52979
-5.53108
-5.52881
-5.52719
-5.52525
-5.52395
-5.52266
-5.5246
-5.52622
-5.52558
-5.5259
-5.52914
-5.52784
-5.52816
-5.52557
-5.52557
-5.52525
-5.52298
-5.52201
-5.52169
-5.52233
-5.52201
-5.52233
-5.52427
-5.5246
-5.52492
-5.52492
-5.52363
-5.52492
-5.52848
-5.52719
-5.52654
-5.5246
-5.52201
-5.52072
-5.52007
-5.52007
-5.52039
-5.51942
-5.52071
-5.5233
-5.52298
-5.52168
-5.52103
-5.52298
-5.52298
-5.52233
-5.52266
-5.5259
-5.52428
-5.52331
-5.5246
-5.52525
-5.52493
-5.52331
-5.52395
-5.52427
-5.52525
-5.5233
-5.52427
-5.52525
-5.52525
-5.52395
-5.52396
-5.52558
-5.52428
-5.52299
-5.52169
-5.52266
-5.52525
-5.52687
-5.52655
-5.52784
-5.5272
-5.5272
-5.52914
-5.52946
-5.52946
-5.52881
-5.52816
-5.52719
-5.52817
-5.52622
-5.52396
-5.52461
-5.52299
-5.52526
-5.52429
-5.52267
-5.52267
-5.52235
-5.52137
-5.52072
-5.52008
-5.52234
-5.52234
-5.52104
-5.5204
-5.51975
-5.51878
-5.51845
-5.51943
-5.52072
-5.52364
-5.52428
-5.52299
-5.52331
-5.52202
-5.52137
-5.52267
-5.52428
-5.52623
-5.52687
-5.52849
-5.52882
-5.53012
-5.52947
-5.53045
-5.53077
-5.52818
-5.52688
-5.5259
-5.52687
-5.52719
-5.52525
-5.52525
-5.52234
-5.52267
-5.52105
-5.52203
-5.52041
-5.52073
-5.52429
-5.52364
-5.52364
-5.52526
-5.52526
-5.52397
-5.52429
-5.52397
-5.52526
-5.52494
-5.52365
-5.52527
-5.52527
-5.52591
-5.52624
-5.52785
-5.52494
-5.52591
-5.52688
-5.52947
-5.5285
-5.52688
-5.5272
-5.52655
-5.52461
-5.52299
-5.52105
-5.52234
-5.5217
-5.5217
-5.52299
-5.52267
-5.52267
-5.52267
-5.52202
-5.52202
-5.5217
-5.52138
-5.52332
-5.52332
-5.52299
-5.52461
-5.52331
-5.52494
-5.52461
-5.52591
-5.52429
-5.52526
-5.52397
-5.52397
-5.5217
-5.5217
-5.52332
-5.52429
-5.52397
-5.52397
-5.52656
-5.52462
-5.52591
-5.52656
-5.52753
-5.52624
-5.52818
-5.5298
-5.5298
-5.52883
-5.52624
-5.52721
-5.52721
-5.52657
-5.52495
-5.52527
-5.52559
-5.52332
-5.52235
-5.52267
-5.52364
-5.52493
-5.52622
-5.52687
-5.52849
-5.5285
-5.52947
-5.53045
-5.53045
-5.53402
-5.53175
-5.53175
-5.53013
-5.52786
-5.52688
-5.52526
-5.52655
-5.52493
-5.52526
-5.52591
-5.52559
-5.5243
-5.52398
-5.52398
-5.52495
-5.52624
-5.52495
-5.52462
-5.52494
-5.52461
-5.52526
-5.52624
-5.52591
-5.52592
-5.52527
-5.52559
-5.52592
-5.52689
-5.52365
-5.52526
-5.52688
-5.52623
-5.52883
-5.52947
-5.52851
-5.52851
-5.52657
-5.52657
-5.5256
-5.52527
-5.52527
-5.52494
-5.52623
-5.52817
-5.5272
-5.5272
-5.52752
-5.52752
-5.52655
-5.52526
-5.52299
-5.52267
-5.52138
-5.52105
-5.52008
-5.52073
-5.52105
-5.5217
-5.52202
-5.5217
-5.52203
-5.52365
-5.52365
-5.523
-5.523
-5.52429
-5.52332
-5.52365
-5.52332
-5.52235
-5.52137
-5.52105
-5.52169
-5.52234
-5.52202
-5.52105
-5.5217
-5.52333
-5.52527
-5.5243
-5.52397
-5.52332
-5.523
-5.52429
-5.52656
-5.52688
-5.52785
-5.52655
-5.52753
-5.52656
-5.52462
-5.52462
-5.52397
-5.52494
-5.52267
-5.52429
-5.5217
-5.5217
-5.51943
-5.51943
-5.52105
-5.5217
-5.52105
-5.5204
-5.52202
-5.52429
-5.52364
-5.52332
-5.52494
-5.52365
-5.52267
-5.52364
-5.52461
-5.52623
-5.52687
-5.5259
-5.52461
-5.52622
-5.52525
-5.52623
-5.52525
-5.52752
-5.52882
-5.5272
-5.52688
-5.52526
-5.52623
-5.52526
-5.52526
-5.52364
-5.52397
-5.52397
-5.52397
-5.52267
-5.5204
-5.52267
-5.52299
-5.52494
-5.52656
-5.52818
-5.53045
-5.52915
-5.52785
-5.52688
-5.52689
-5.52527
-5.52559
-5.52624
-5.52656
-5.52624
-5.52461
-5.52461
-5.52429
-5.52428
-5.52169
-5.52105
-5.5217
-5.52137
-5.52235
-5.5217
-5.52235
-5.52267
-5.5243
-5.52365
-5.52398
-5.52527
-5.52527
-5.52462
-5.52203
-5.52235
-5.52202
-5.52137
-5.51943
-5.51911
-5.51782
-5.51976
-5.52074
-5.52171
-5.52236
-5.52235
-5.52332
-5.52462
-5.52364
-5.52202
-5.52202
-5.52461
-5.52462
-5.52527
-5.52462
-5.52526
-5.52559
-5.52785
-5.52656
-5.52429
-5.52203
-5.52235
-5.52494
-5.52656
-5.52689
-5.53045
-5.52818
-5.52785
-5.52947
-5.52817
-5.52785
-5.52688
-5.52915
-5.52882
-5.52818
-5.52753
-5.52818
-5.52785
-5.52818
-5.52948
-5.52948
-5.52884
-5.52981
-5.52851
-5.52624
-5.52591
-5.52655
-5.52849
-5.52882
-5.52947
-5.53044
-5.5298
-5.52883
-5.52721
-5.52883
-5.52657
-5.52365
-5.52495
-5.52592
-5.52624
-5.52462
-5.52365
-5.52495
-5.52495
-5.5243
-5.52397
-5.5243
-5.52591
-5.523
-5.52559
-5.52527
-5.52332
-5.52332
-5.523
-5.52429
-5.52526
-5.52526
-5.52527
-5.52592
-5.52656
-5.52916
-5.53046
-5.53046
-5.52851
-5.52754
-5.52883
-5.52721
-5.52689
-5.52494
-5.52462
-5.523
-5.52267
-5.52267
-5.52397
-5.52397
-5.52526
-5.52429
-5.52526
-5.52623
-5.52753
-5.52753
-5.52688
-5.52883
-5.52753
-5.52591
-5.52753
-5.52721
-5.52462
-5.52527
-5.52365
-5.52332
-5.52268
-5.52073
-5.52138
-5.52105
-5.52202
-5.52429
-5.52332
-5.52397
-5.52462
-5.52462
-5.52592
-5.52721
-5.52753
-5.52721
-5.52235
-5.523
-5.52332
-5.52235
-5.52203
-5.52235
-5.52591
-5.52591
-5.52558
-5.52688
-5.52591
-5.52397
-5.52494
-5.52462
-5.52754
-5.52754
-5.52786
-5.52786
-5.5298
-5.52721
-5.52753
-5.52785
-5.52623
-5.52785
-5.5272
-5.52688
-5.52461
-5.5285
-5.52947
-5.52591
-5.52526
-5.52396
-5.52396
-5.52267
-5.52171
-5.52527
-5.52786
-5.52689
-5.52754
-5.52883
-5.52818
-5.52591
-5.52688
-5.52623
-5.52461
-5.52462
-5.52624
-5.52624
-5.52688
-5.52461
-5.52461
-5.52267
-5.5217
-5.52235
-5.52073
-5.52105
-5.52235
-5.52203
-5.5217
-5.52267
-5.52267
-5.52202
-5.52235
-5.5217
-5.52138
-5.5217
-5.52332
-5.52462
-5.52527
-5.52559
-5.52657
-5.52592
-5.52592
-5.52624
-5.52818
-5.5285
-5.5285
-5.52623
-5.52429
-5.52332
-5.52008
-5.52267
-5.52364
-5.52461
-5.52623
-5.52462
-5.52494
-5.523
-5.52656
-5.52462
-5.52365
-5.52365
-5.523
-5.52138
-5.52364
-5.52558
-5.52461
-5.52332
-5.52397
-5.52494
-5.52397
-5.52268
-5.52365
-5.52236
-5.52333
-5.52365
-5.52236
-5.52203
-5.52333
-5.52268
-5.52203
-5.52333
-5.52365
-5.52495
-5.52462
-5.52397
-5.52267
-5.52462
-5.52624
-5.52526
-5.52462
-5.52527
-5.52624
-5.52462
-5.5256
-5.52722
-5.52593
-5.52431
-5.52495
-5.52625
-5.52689
-5.52559
-5.52462
-5.52494
-5.52624
-5.52462
-5.52656
-5.52559
-5.52462
-5.52268
-5.523
-5.52171
-5.51944
-5.523
-5.52397
-5.52592
-5.52462
-5.52495
-5.52657
-5.52657
-5.52527
-5.52527
-5.52527
-5.52495
-5.52365
-5.52397
-5.52559
-5.52657
-5.52527
-5.52495
-5.5256
-5.52365
-5.52462
-5.5256
-5.5243
-5.52139
-5.51977
-5.52074
-5.51977
-5.51815
-5.52107
-5.52107
-5.52269
-5.52269
-5.51945
-5.52139
-5.52171
-5.52106
-5.52009
-5.52041
-5.52138
-5.523
-5.52267
-5.52267
-5.52494
-5.52462
-5.52657
-5.52559
-5.52365
-5.52429
-5.5217
-5.52203
-5.52397
-5.52364
-5.523
-5.52203
-5.52138
-5.523
-5.52235
-5.52526
-5.52591
-5.52623
-5.52785
-5.52753
-5.52947
-5.53142
-5.53142
-5.5298
-5.52915
-5.52882
-5.5285
-5.52818
-5.52818
-5.52688
-5.52591
-5.52527
-5.52624
-5.52591
-5.52688
-5.52947
-5.53207
-5.52948
-5.53077
-5.52948
-5.53013
-5.5298
-5.52786
-5.52656
-5.5272
-5.52785
-5.52688
-5.52591
-5.52494
-5.52494
-5.52333
-5.52333
-5.52365
-5.52171
-5.52171
-5.52268
-5.52203
-5.52235
-5.52105
-5.51975
-5.51814
-5.51814
-5.51976
-5.52171
-5.52203
-5.52495
-5.52398
-5.52559
-5.52689
-5.52753
-5.52527
-5.523
-5.523
-5.52397
-5.52267
-5.52235
-5.52332
-5.52462
-5.52333
-5.52462
-5.52592
-5.52689
-5.52624
-5.52915
-5.5285
-5.52688
-5.5272
-5.52688
-5.52785
-5.52818
-5.52818
-5.52916
-5.52657
-5.52819
-5.52722
-5.52948
-5.52754
-5.52818
-5.52753
-5.52721
-5.52753
-5.52753
-5.52818
-5.53012
-5.52753
-5.52656
-5.52721
-5.52494
-5.52462
-5.5243
-5.52527
-5.52397
-5.52365
-5.52235
-5.52268
-5.52332
-5.52397
-5.52365
-5.52268
-5.52332
-5.523
-5.52235
-5.52203
-5.523
-5.52462
-5.52591
-5.52753
-5.52624
-5.52721
-5.52656
-5.52656
-5.52721
-5.52689
-5.52462
-5.52397
-5.52592
-5.52559
-5.52591
-5.52527
-5.52235
-5.52138
-5.52073
-5.51976
-5.52203
-5.5217
-5.52138
-5.52138
-5.5217
-5.52332
-5.52397
-5.52397
-5.52689
-5.52753
-5.52527
-5.52494
-5.52559
-5.52721
-5.52656
-5.52527
-5.52462
-5.52365
-5.52138
-5.52138
-5.5217
-5.52397
-5.52235
-5.52203
-5.52333
-5.52236
-5.5243
-5.52333
-5.52203
-5.52203
-5.52138
-5.52041
-5.51879
-5.51847
-5.52106
-5.52171
-5.52204
-5.52365
-5.52203
-5.52365
-5.52397
-5.52267
-5.523
-5.52365
-5.52365
-5.52656
-5.52657
-5.52592
-5.5256
-5.52657
-5.52333
-5.52463
-5.52624
-5.52786
-5.52916
-5.52818
-5.52883
-5.52753
-5.52786
-5.5285
-5.52753
-5.52656
-5.52527
-5.52332
-5.52106
-5.52236
-5.52171
-5.52333
-5.5243
-5.52365
-5.5256
-5.52592
-5.52495
-5.5243
-5.52656
-5.52883
-5.52689
-5.52753
-5.53012
-5.5298
-5.52851
-5.52625
-5.52527
-5.52657
-5.52722
-5.52689
-5.5256
-5.52527
-5.52463
-5.52365
-5.52365
-5.52106
-5.52106
-5.52139
-5.52268
-5.52236
-5.52333
-5.52236
-5.52171
-5.52171
-5.52203
-5.52268
-5.52301
-5.52268
-5.52204
-5.52139
-5.52139
-5.52333
-5.52495
-5.52624
-5.52527
-5.52462
-5.52268
-5.523
-5.52203
-5.52365
-5.52397
-5.523
-5.523
-5.52268
-5.52592
-5.52657
-5.52527
-5.52592
-5.52819
-5.52916
-5.52722
-5.52689
-5.52624
-5.52624
-5.5243
-5.52494
-5.52397
-5.52332
-5.52332
-5.523
-5.52235
-5.52267
-5.523
-5.52332
-5.52203
-5.52397
-5.52268
-5.523
-5.52073
-5.52235
-5.52397
-5.52526
-5.52558
-5.52461
-5.52688
-5.52429
-5.52331
-5.5217
-5.52234
-5.52429
-5.52623
-5.52688
-5.52623
-5.52817
-5.52946
-5.52946
-5.52979
-5.52882
-5.53044
-5.52882
-5.5298
-5.52785
-5.52591
-5.52721
-5.52591
-5.52623
-5.52688
-5.5272
-5.52623
-5.52591
-5.52428
-5.52363
-5.5246
-5.52493
-5.52591
-5.52558
-5.52559
-5.5272
-5.52753
-5.52915
-5.53077
-5.52947
-5.52591
-5.52558
-5.52623
-5.52558
-5.52461
-5.52397
-5.52461
-5.52526
-5.52494
-5.52429
-5.52396
-5.52202
-5.52332
-5.52267
-5.52397
-5.52397
-5.52688
-5.52527
-5.52915
-5.52818
-5.52882
-5.52785
-5.52591
-5.52655
-5.52882
-5.5272
-5.52332
-5.51879
-5.51911
-5.52138
-5.52365
-5.52397
-5.5243
-5.52397
-5.52268
-5.5217
-5.5204
-5.52234
-5.52007
-5.52007
-5.52137
-5.52396
-5.52397
-5.52364
-5.52364
-5.523
-5.523
-5.52202
-5.52267
-5.52299
-5.52202
-5.52202
-5.52235
-5.52526
-5.52429
-5.52526
-5.52397
-5.52365
-5.5243
-5.52365
-5.52462
-5.52624
-5.52818
-5.52688
-5.52753
-5.52688
-5.52817
-5.52656
-5.52915
-5.52753
-5.52688
-5.52591
-5.52624
-5.52818
-5.52818
-5.52786
-5.52753
-5.52656
-5.52429
-5.523
-5.5217
-5.52105
-5.52073
-5.52267
-5.52332
-5.52202
-5.52235
-5.52267
-5.52299
-5.52299
-5.52364
-5.52364
-5.52267
-5.52332
-5.52623
-5.52332
-5.52365
-5.52397
-5.52365
-5.52203
-5.52138
-5.5204
-5.52332
-5.52461
-5.52493
-5.52623
-5.52494
-5.52429
-5.52494
-5.52494
-5.52461
-5.52494
-5.52559
-5.52494
-5.52558
-5.52623
-5.52429
-5.52429
-5.52396
-5.52493
-5.5259
-5.52719
-5.52622
-5.52622
-5.5259
-5.52396
-5.52461
-5.52591
-5.5272
-5.52591
-5.52558
-5.5272
-5.5259
-5.52558
-5.52687
-5.52623
-5.52688
-5.5272
-5.52558
-5.52752
-5.5272
-5.52785
-5.52914
-5.52947
-5.52849
-5.52882
-5.53011
-5.53011
-5.53011
-5.53141
-5.52947
-5.52947
-5.52914
-5.52817
-5.52818
-5.52947
-5.53109
-5.52947
-5.53011
-5.53011
-5.52817
-5.52882
-5.52655
-5.52364
-5.52267
-5.52268
-5.5243
-5.52365
-5.52332
-5.52429
-5.52559
-5.52364
-5.52364
-5.52364
-5.52299
-5.52234
-5.52137
-5.52072
-5.5204
-5.51911
-5.52073
-5.5204
-5.52008
-5.51943
-5.52008
-5.52041
-5.52073
-5.51943
-5.52073
-5.52203
-5.52203
-5.52429
-5.52591
-5.52494
-5.52624
-5.52365
-5.52494
-5.52429
-5.52365
-5.52041
-5.52268
-5.52203
-5.52105
-5.51879
-5.52105
-5.52105
-5.52106
-5.52171
-5.52301
-5.52171
-5.52106
-5.52171
-5.52041
-5.52138
-5.52138
-5.52171
-5.52268
-5.52365
-5.52657
-5.52657
-5.52592
-5.52786
-5.52559
-5.52526
-5.52656
-5.52591
-5.52591
-5.52559
-5.52591
-5.5243
-5.52559
-5.52656
-5.52462
-5.52591
-5.52429
-5.52331
-5.52234
-5.52332
-5.52461
-5.52494
-5.52527
-5.52592
-5.52657
-5.52527
-5.52495
-5.52689
-5.52753
-5.52818
-5.52785
-5.52688
-5.52559
-5.52591
-5.52591
-5.52397
-5.52462
-5.5256
-5.52495
-5.52495
-5.52624
-5.52689
-5.52494
-5.52688
-5.52656
-5.52526
-5.52397
-5.52558
-5.52461
-5.52591
-5.52559
-5.52494
-5.52559
-5.52462
-5.52494
-5.52527
-5.52462
-5.523
-5.52236
-5.52139
-5.52236
-5.52171
-5.52041
-5.51976
-5.51944
-5.52106
-5.52171
-5.52235
-5.52235
-5.52268
-5.523
-5.52429
-5.52235
-5.52203
-5.52105
-5.52138
-5.52137
-5.5204
-5.52235
-5.52558
-5.52461
-5.52461
-5.52365
-5.523
-5.52235
-5.52527
-5.52786
-5.52818
-5.52721
-5.52591
-5.52656
-5.52591
-5.52559
-5.52494
-5.52364
-5.52332
-5.52397
-5.52591
-5.52526
-5.52494
-5.52591
-5.52494
-5.52332
-5.52268
-5.52559
-5.52494
-5.52624
-5.52591
-5.52494
-5.52494
-5.52398
-5.52527
-5.52301
-5.52495
-5.52462
-5.52624
-5.52883
-5.52818
-5.52818
-5.52883
-5.52721
-5.52721
-5.52624
-5.52494
-5.52494
-5.52332
-5.52106
-5.52171
-5.52106
-5.52333
-5.52527
-5.52624
-5.5243
-5.52494
-5.52268
-5.52429
-5.52364
-5.52494
-5.52396
-5.52267
-5.52364
-5.52202
-5.52169
-5.52234
-5.52234
-5.52428
-5.52558
-5.52655
-5.52591
-5.52688
-5.52655
-5.52493
-5.52461
-5.52558
-5.52753
-5.53012
-5.52818
-5.52623
-5.52526
-5.52461
-5.52493
-5.52493
-5.52493
-5.52525
-5.52558
-5.52428
-5.52493
-5.52428
-5.52493
-5.52429
-5.52591
-5.52656
-5.52332
-5.52299
-5.52138
-5.52138
-5.52073
-5.52332
-5.52558
-5.52267
-5.5217
-5.52267
-5.52267
-5.52169
-5.52137
-5.51943
-5.52105
-5.52105
-5.5204
-5.52073
-5.52299
-5.52299
-5.52266
-5.52266
-5.52331
-5.52331
-5.52169
-5.52039
-5.52007
-5.52039
-5.52234
-5.52072
-5.52007
-5.51942
-5.52299
-5.52331
-5.52299
-5.52493
-5.52396
-5.52201
-5.52558
-5.52558
-5.5259
-5.52687
-5.5259
-5.52688
-5.52752
-5.52785
-5.52752
-5.52849
-5.5259
-5.52622
-5.52816
-5.52816
-5.52622
-5.5246
-5.52363
-5.52298
-5.52169
-5.52234
-5.52299
-5.52428
-5.52525
-5.52428
-5.52428
-5.52396
-5.52331
-5.52461
-5.52655
-5.52687
-5.52849
-5.52687
-5.52719
-5.52816
-5.52719
-5.52558
-5.52299
-5.52364
-5.52526
-5.5259
-5.52363
-5.52299
-5.52266
-5.52266
-5.52266
-5.52266
-5.52136
-5.52039
-5.52072
-5.5178
-5.51878
-5.51878
-5.51813
-5.51781
-5.5191
-5.51975
-5.52234
-5.52396
-5.52331
-5.52364
-5.52461
-5.52526
-5.52396
-5.52331
-5.52461
-5.52655
-5.52719
-5.52946
-5.53108
-5.53044
-5.52817
-5.52656
-5.52526
-5.52624
-5.52689
-5.52688
-5.52591
-5.5285
-5.5285
-5.52656
-5.52753
-5.52785
-5.52656
-5.52624
-5.52721
-5.52624
-5.52462
-5.523
-5.52137
-5.52267
-5.52234
-5.51943
-5.52169
-5.52202
-5.52137
-5.52202
-5.5204
-5.52169
-5.52267
-5.52332
-5.52072
-5.5204
-5.52072
-5.52072
-5.51975
-5.51975
-5.52073
-5.5204
-5.52137
-5.52267
-5.52234
-5.52396
-5.52364
-5.52299
-5.51975
-5.52105
-5.52072
-5.5204
-5.52072
-5.52202
-5.52396
-5.52396
-5.52461
-5.52202
-5.52137
-5.52072
-5.51943
-5.51878
-5.51975
-5.51845
-5.51813
-5.52007
-5.52136
-5.52234
-5.52266
-5.52039
-5.52072
-5.52007
-5.52105
-5.52072
-5.52331
-5.52396
-5.5259
-5.52526
-5.52623
-5.52526
-5.52688
-5.52752
-5.52785
-5.52979
-5.52979
-5.52914
-5.53141
-5.52849
-5.52687
-5.52817
-5.52816
-5.52687
-5.52816
-5.52914
-5.52881
-5.52817
-5.52849
-5.52914
-5.52914
-5.52817
-5.5272
-5.52396
-5.52493
-5.52526
-5.5259
-5.52428
-5.52525
-5.52558
-5.52493
-5.52525
-5.52493
-5.52461
-5.52493
-5.52428
-5.52461
-5.52623
-5.52396
-5.52494
-5.52396
-5.52234
-5.52105
-5.52169
-5.52104
-5.52202
-5.52104
-5.52266
-5.52234
-5.52169
-5.52234
-5.52201
-5.52331
-5.52526
-5.52429
-5.52332
-5.52461
-5.52558
-5.52656
-5.52429
-5.52299
-5.52266
-5.52461
-5.52428
-5.52655
-5.52688
-5.52623
-5.52397
-5.52559
-5.52494
-5.52494
-5.52527
-5.52656
-5.52688
-5.52656
-5.52752
-5.52558
-5.52558
-5.52493
-5.52526
-5.52461
-5.52461
-5.52364
-5.52235
-5.52332
-5.52462
-5.52494
-5.52527
-5.52462
-5.52462
-5.52494
-5.52721
-5.52915
-5.53012
-5.53012
-5.5272
-5.52785
-5.52655
-5.52526
-5.52623
-5.52623
-5.52558
-5.52461
-5.52299
-5.52202
-5.5217
-5.52202
-5.52267
-5.52364
-5.52203
-5.52397
-5.52397
-5.52526
-5.52494
-5.52558
-5.5272
-5.52526
-5.52526
-5.52429
-5.52331
-5.52299
-5.5217
-5.52105
-5.51911
-5.51846
-5.52008
-5.51911
-5.52073
-5.5217
-5.52396
-5.52363
-5.52655
-5.52622
-5.52526
-5.52429
-5.5217
-5.52267
-5.52299
-5.52461
-5.52493
-5.52429
-5.52558
-5.52526
-5.52526
-5.52429
-5.52461
-5.52558
-5.52655
-5.52687
-5.52623
-5.52331
-5.52267
-5.52364
-5.52299
-5.52234
-5.52299
-5.52332
-5.52397
-5.52332
-5.52364
-5.52267
-5.52299
-5.52429
-5.52461
-5.5259
-5.52655
-5.52655
-5.52687
-5.5272
-5.52655
-5.52461
-5.52428
-5.52234
-5.52267
-5.52332
-5.523
-5.52494
-5.52364
-5.523
-5.5217
-5.52105
-5.52397
-5.52591
-5.52494
-5.52785
-5.52915
-5.5285
-5.5272
-5.52364
-5.52299
-5.52396
-5.52299
-5.52105
-5.52169
-5.5204
-5.5204
-5.51975
-5.51846
-5.52008
-5.5204
-5.52137
-5.52105
-5.52234
-5.52331
-5.52493
-5.5259
-5.52526
-5.52687
-5.52623
-5.52752
-5.52558
-5.52493
-5.52461
-5.52428
-5.52299
-5.52364
-5.52267
-5.52138
-5.52008
-5.52105
-5.52072
-5.5191
-5.51975
-5.5191
-5.51877
-5.5191
-5.52136
-5.52298
-5.52299
-5.52428
-5.52396
-5.52493
-5.52428
-5.52331
-5.52461
-5.52558
-5.52622
-5.52752
-5.52655
-5.5259
-5.52493
-5.52493
-5.52396
-5.52461
-5.52655
-5.52461
-5.52428
-5.5259
-5.52525
-5.52428
-5.52557
-5.5246
-5.52493
-5.52687
-5.52461
-5.52429
-5.52623
-5.52688
-5.52623
-5.52558
-5.5259
-5.52719
-5.52525
-5.52266
-5.52202
-5.52331
-5.52299
-5.52202
-5.52073
-5.52137
-5.52169
-5.52007
-5.52169
-5.52137
-5.52234
-5.52105
-5.52073
-5.52138
-5.523
-5.52235
-5.52364
-5.52299
-5.52267
-5.52332
-5.52429
-5.52202
-5.52331
-5.52428
-5.52526
-5.52494
-5.52494
-5.52753
-5.52818
-5.53013
-5.52948
-5.5298
-5.52753
-5.52915
-5.5285
-5.5272
-5.52719
-5.52687
-5.52654
-5.52557
-5.52687
-5.52655
-5.52525
-5.52623
-5.52785
-5.52817
-5.52785
-5.52655
-5.52687
-5.52622
-5.52622
-5.52719
-5.52719
-5.52622
-5.52557
-5.52396
-5.52656
-5.52462
-5.52559
-5.52623
-5.52591
-5.52429
-5.52623
-5.52493
-5.52331
-5.52169
-5.52136
-5.51974
-5.52039
-5.52234
-5.52266
-5.52104
-5.52266
-5.52266
-5.52266
-5.52266
-5.52298
-5.52234
-5.52201
-5.52202
-5.52137
-5.52039
-5.52104
-5.52331
-5.52266
-5.5233
-5.5233
-5.52427
-5.52492
-5.52395
-5.52266
-5.52104
-5.52201
-5.52233
-5.52266
-5.52201
-5.52395
-5.52395
-5.52233
-5.52363
-5.52395
-5.52459
-5.52297
-5.52492
-5.52459
-5.52395
-5.52427
-5.52622
-5.52557
-5.52816
-5.52946
-5.52848
-5.52687
-5.52589
-5.52654
-5.52622
-5.52492
-5.52525
-5.52589
-5.52654
-5.5246
-5.52428
-5.52395
-5.5233
-5.52687
-5.52816
-5.52751
-5.52719
-5.52557
-5.52395
-5.52687
-5.52622
-5.52589
-5.52622
-5.52654
-5.52687
-5.52719
-5.52719
-5.52557
-5.5246
-5.52557
-5.52363
-5.52427
-5.52363
-5.52493
-5.52655
-5.52655
-5.5272
-5.52525
-5.52557
-5.52428
-5.52201
-5.52298
-5.52136
-5.52071
-5.51974
-5.51974
-5.51974
-5.52104
-5.52039
-5.52169
-5.52233
-5.52331
-5.52331
-5.52233
-5.52265
-5.52136
-5.52363
-5.52395
-5.52395
-5.5246
-5.52396
-5.5259
-5.52784
-5.52655
-5.5259
-5.5259
-5.52558
-5.52493
-5.52687
-5.52784
-5.52752
-5.52913
-5.52751
-5.52557
-5.52492
-5.5233
-5.52103
-5.52039
-5.52007
-5.52233
-5.5246
-5.52298
-5.52266
-5.52201
-5.52168
-5.52136
-5.52265
-5.52362
-5.522
-5.52427
-5.52233
-5.52265
-5.52168
-5.52395
-5.52622
-5.52783
-5.52913
-5.52719
-5.52686
-5.52654
-5.52622
-5.52654
-5.52557
-5.52686
-5.52654
-5.5233
-5.52362
-5.52492
-5.52556
-5.52556
-5.52524
-5.52589
-5.52459
-5.52589
-5.52395
-5.52362
-5.52265
-5.52201
-5.52071
-5.52104
-5.52298
-5.52363
-5.52622
-5.52655
-5.52558
-5.52493
-5.52428
-5.52492
-5.52363
-5.52427
-5.52427
-5.52297
-5.52265
-5.52136
-5.52071
-5.52104
-5.52136
-5.52428
-5.52493
-5.52817
-5.52849
-5.52817
-5.52947
-5.5272
-5.52558
-5.5259
-5.52428
-5.52783
-5.52751
-5.52815
-5.52816
-5.52654
-5.52492
-5.52816
-5.52492
-5.52589
-5.52654
-5.52589
-5.52621
-5.52622
-5.5259
-5.52687
-5.52849
-5.52752
-5.52719
-5.52784
-5.52557
-5.52719
-5.52816
-5.52783
-5.52557
-5.52492
-5.52557
-5.52654
-5.52654
-5.52525
-5.52298
-5.52493
-5.5259
-5.52558
-5.52623
-5.52526
-5.52817
-5.52687
-5.52784
-5.5272
-5.52752
-5.52849
-5.52881
-5.52914
-5.52557
-5.52298
-5.52363
-5.52363
-5.5259
-5.5246
-5.52396
-5.52461
-5.52396
-5.52396
-5.52169
-5.52072
-5.52234
-5.52266
-5.52137
-5.52201
-5.5204
-5.51975
-5.52072
-5.52267
-5.52396
-5.52364
-5.52267
-5.52137
-5.52299
-5.52363
-5.52298
-5.52557
-5.52622
-5.52913
-5.53075
-5.52946
-5.53173
-5.53173
-5.53076
-5.52849
-5.52493
-5.52655
-5.52331
-5.52169
-5.52363
-5.52201
-5.52136
-5.52233
-5.52233
-5.5246
-5.52557
-5.52751
-5.52913
-5.52849
-5.52946
-5.52979
-5.52946
-5.52946
-5.52946
-5.52946
-5.52881
-5.52913
-5.53075
-5.53043
-5.52816
-5.52589
-5.52654
-5.52816
-5.52621
-5.52686
-5.52945
-5.5314
-5.53107
-5.5314
-5.53107
-5.52978
-5.52881
-5.52913
-5.52816
-5.5288
-5.52621
-5.52654
-5.52719
-5.52687
-5.52752
-5.52655
-5.52784
-5.52687
-5.52784
-5.52751
-5.52395
-5.52492
-5.52492
-5.52557
-5.52459
-5.52298
-5.52459
-5.52524
-5.52654
-5.52654
-5.52589
-5.52622
-5.52751
-5.52589
-5.52622
-5.52525
-5.52363
-5.52201
-5.52103
-5.52103
-5.522
-5.52136
-5.52233
-5.52233
-5.51974
-5.52071
-5.52168
-5.52266
-5.52363
-5.52395
-5.52362
-5.52362
-5.52362
-5.52427
-5.52298
-5.52428
-5.52784
-5.52946
-5.52849
-5.52979
-5.53141
-5.53108
-5.5314
-5.52979
-5.52979
-5.52687
-5.5259
-5.52655
-5.52493
-5.52557
-5.5246
-5.52298
-5.52266
-5.52201
-5.52234
-5.52298
-5.52331
-5.52363
-5.52428
-5.52299
-5.52266
-5.52266
-5.52202
-5.52267
-5.52429
-5.52364
-5.52461
-5.52494
-5.52299
-5.52137
-5.52299
-5.52396
-5.52558
-5.52331
-5.52461
-5.52623
-5.5259
-5.52526
-5.52461
-5.52299
-5.52364
-5.52202
-5.52397
-5.52461
-5.52299
-5.52364
-5.52461
-5.52493
-5.52363
-5.52622
-5.5259
-5.52655
-5.52461
-5.52623
-5.52461
-5.5259
-5.52655
-5.52687
-5.5259
-5.52687
-5.5272
-5.52752
-5.5272
-5.52655
-5.5259
-5.52331
-5.5246
-5.5246
-5.5233
-5.5233
-5.52169
-5.52201
-5.52234
-5.52364
-5.52364
-5.52493
-5.52364
-5.52364
-5.52363
-5.52396
-5.52234
-5.52331
-5.52169
-5.52201
-5.52169
-5.52299
-5.5246
-5.52752
-5.52849
-5.52719
-5.52654
-5.52525
-5.5233
-5.5233
-5.52233
-5.52135
-5.52038
-5.51941
-5.52168
-5.51942
-5.52169
-5.52234
-5.52234
-5.52104
-5.52007
-5.52201
-5.52136
-5.52363
-5.5246
-5.52396
-5.52428
-5.52395
-5.52363
-5.5259
-5.52396
-5.52396
-5.52363
-5.52428
-5.52266
-5.52299
-5.52493
-5.52979
-5.52946
-5.53011
-5.53076
-5.52979
-5.52946
-5.52784
-5.52881
-5.52849
-5.52752
-5.52784
-5.52654
-5.52655
-5.52719
-5.52622
-5.52493
-5.52428
-5.52298
-5.52201
-5.52298
-5.52493
-5.52395
-5.52395
-5.52104
-5.52395
-5.52395
-5.52493
-5.5259
-5.5272
-5.52785
-5.52947
-5.53076
-5.53076
-5.52849
-5.52849
-5.52719
-5.52687
-5.52622
-5.52719
-5.52687
-5.52752
-5.52752
-5.52363
-5.52364
-5.52299
-5.52396
-5.52493
-5.5259
-5.52655
-5.52525
-5.52428
-5.5259
-5.52688
-5.52493
-5.52299
-5.52267
-5.52364
-5.52266
-5.52331
-5.5259
-5.5259
-5.52396
-5.52428
-5.52331
-5.52461
-5.52558
-5.52429
-5.52364
-5.52364
-5.52461
-5.52364
-5.52235
-5.52235
-5.52267
-5.52105
-5.52138
-5.52138
-5.51976
-5.51878
-5.5204
-5.52105
-5.52072
-5.52201
-5.52493
-5.52687
-5.52493
-5.52493
-5.52364
-5.52331
-5.5259
-5.52332
-5.52429
-5.52591
-5.52656
-5.52494
-5.52461
-5.52525
-5.52687
-5.52687
-5.52493
-5.52493
-5.52558
-5.5272
-5.52526
-5.52688
-5.52656
-5.52624
-5.52591
-5.52461
-5.52461
-5.52623
-5.52525
-5.52461
-5.52428
-5.52558
-5.52461
-5.52428
-5.52461
-5.52267
-5.52202
-5.52137
-5.52202
-5.52267
-5.52234
-5.52364
-5.52461
-5.52363
-5.52298
-5.52493
-5.5246
-5.52396
-5.52525
-5.5259
-5.52493
-5.5259
-5.52493
-5.52622
-5.52525
-5.52558
-5.52493
-5.52719
-5.5259
-5.5259
-5.52525
-5.52526
-5.52461
-5.52429
-5.52462
-5.52332
-5.52365
-5.52332
-5.52396
-5.52428
-5.52363
-5.52363
-5.52396
-5.5259
-5.52622
-5.52622
-5.52558
-5.52461
-5.52493
-5.52396
-5.52364
-5.52234
-5.5217
-5.52073
-5.52202
-5.5217
-5.52202
-5.52202
-5.52267
-5.52234
-5.52363
-5.52266
-5.52428
-5.52557
-5.52493
-5.52331
-5.52169
-5.52104
-5.52104
-5.52234
-5.52363
-5.52201
-5.52104
-5.52105
-5.52169
-5.52429
-5.52526
-5.52364
-5.52558
-5.52429
-5.52461
-5.52137
-5.52493
-5.52622
-5.52784
-5.52719
-5.5272
-5.52655
-5.5272
-5.52655
-5.52526
-5.52364
-5.52332
-5.52396
-5.52429
-5.52493
-5.52558
-5.52332
-5.52364
-5.52428
-5.5246
-5.52525
-5.52622
-5.52525
-5.5246
-5.52428
-5.52363
-5.52396
-5.52266
-5.52364
-5.52558
-5.52623
-5.52558
-5.52817
-5.52687
-5.52946
-5.52752
-5.52719
-5.52784
-5.52848
-5.52881
-5.52784
-5.52946
-5.52978
-5.52622
-5.5259
-5.52492
-5.52363
-5.52428
-5.52493
-5.52363
-5.52331
-5.52169
-5.52169
-5.52201
-5.52201
-5.52007
-5.52007
-5.52039
-5.52169
-5.52266
-5.52363
-5.52363
-5.52331
-5.52395
-5.52363
-5.52234
-5.52557
-5.52266
-5.5259
-5.52428
-5.52525
-5.52363
-5.52558
-5.52493
-5.52687
-5.52655
-5.52558
-5.52719
-5.52719
-5.5246
-5.52265
-5.52233
-5.52007
-5.51974
-5.52201
-5.52234
-5.52137
-5.52104
-5.52007
-5.52298
-5.52428
-5.52428
-5.5246
-5.52492
-5.52525
-5.52168
-5.5233
-5.52395
-5.52492
-5.52492
-5.5246
-5.5233
-5.52362
-5.52201
-5.52071
-5.52136
-5.52039
-5.52201
-5.52201
-5.5204
-5.52169
-5.52234
-5.52234
-5.52299
-5.52493
-5.5259
-5.52492
-5.52783
-5.52718
-5.52654
-5.52881
-5.52848
-5.52881
-5.52816
-5.52784
-5.52913
-5.52816
-5.52686
-5.52686
-5.52622
-5.52492
-5.52428
-5.52493
-5.52525
-5.52622
-5.52622
-5.52427
-5.52298
-5.5233
-5.52233
-5.522
-5.52006
-5.52006
-5.52006
-5.52071
-5.52038
-5.52038
-5.52135
-5.52167
-5.52006
-5.52038
-5.52071
-5.52103
-5.52233
-5.52395
-5.5233
-5.52265
-5.5233
-5.52298
-5.51974
-5.52006
-5.52006
-5.52039
-5.51877
-5.51942
-5.5178
-5.51975
-5.52104
-5.52169
-5.52201
-5.52266
-5.52298
-5.52265
-5.52362
-5.52492
-5.52556
-5.52524
-5.52557
-5.52589
-5.52687
-5.52654
-5.5246
-5.52558
-5.52558
-5.52558
-5.5259
-5.52557
-5.5246
-5.52363
-5.52428
-5.52266
-5.52363
-5.52427
-5.52524
-5.52395
-5.52201
-5.52427
-5.5246
-5.52363
-5.52395
-5.52525
-5.52525
-5.52524
-5.52459
-5.52621
-5.52556
-5.52524
-5.52524
-5.52492
-5.52557
-5.52395
-5.52265
-5.52395
-5.52362
-5.52265
-5.52395
-5.52395
-5.52395
-5.52395
-5.52557
-5.5233
-5.52168
-5.52168
-5.52264
-5.52329
-5.52232
-5.522
-5.52168
-5.52038
-5.52136
-5.52071
-5.52104
-5.52039
-5.52168
-5.52265
-5.52168
-5.52427
-5.52427
-5.52394
-5.52427
-5.52686
-5.52589
-5.52653
-5.52459
-5.52394
-5.52232
-5.5233
-5.52362
-5.52104
-5.51909
-5.52104
-5.52168
-5.52168
-5.52201
-5.52071
-5.52071
-5.52298
-5.52621
-5.52621
-5.52492
-5.52395
-5.52201
-5.52201
-5.5233
-5.52362
-5.52265
-5.52201
-5.52201
-5.52168
-5.52104
-5.52104
-5.52103
-5.51909
-5.52071
-5.51974
-5.51974
-5.52039
-5.52136
-5.52233
-5.52201
-5.52007
-5.52331
-5.52395
-5.52395
-5.52427
-5.52297
-5.5246
-5.52395
-5.52395
-5.52428
-5.52363
-5.51942
-5.51845
-5.51845
-5.52168
-5.52071
-5.52006
-5.52038
-5.51908
-5.51844
-5.51714
-5.51876
-5.5207
-5.522
-5.52297
-5.52395
-5.52362
-5.52557
-5.52621
-5.52492
-5.52492
-5.52524
-5.52588
-5.52555
-5.52264
-5.52166
-5.52458
-5.5249
-5.52361
-5.52361
-5.52459
-5.52491
-5.52523
-5.52653
-5.52523
-5.52717
-5.52653
-5.52556
-5.52523
-5.52394
-5.52556
-5.52653
-5.52686
-5.52491
-5.52459
-5.52751
-5.52524
-5.52557
-5.52719
-5.5288
-5.52783
-5.52524
-5.52491
-5.52297
-5.52264
-5.52394
-5.52394
-5.52395
-5.5233
-5.52136
-5.52136
-5.52201
-5.52039
-5.51974
-5.51974
-5.51974
-5.52103
-5.522
-5.52297
-5.52458
-5.52556
-5.52524
-5.52589
-5.52686
-5.52589
-5.52427
-5.52687
-5.52784
-5.52816
-5.52978
-5.5314
-5.53107
-5.52978
-5.52848
-5.52783
-5.52589
-5.52491
-5.52459
-5.52458
-5.52394
-5.52394
-5.52264
-5.52297
-5.52168
-5.52168
-5.51941
-5.51973
-5.5207
-5.52006
-5.52038
-5.522
-5.522
-5.52005
-5.51941
-5.52038
-5.51909
-5.51876
-5.51779
-5.51811
-5.51973
-5.52135
-5.52265
-5.52167
-5.52491
-5.52523
-5.5275
-5.52944
-5.53009
-5.52976
-5.52912
-5.52847
-5.52847
-5.5275
-5.52524
-5.52427
-5.52459
-5.52556
-5.52685
-5.52717
-5.52782
-5.52685
-5.52718
-5.52459
-5.52296
-5.52296
-5.52232
-5.52394
-5.52394
-5.52264
-5.52264
-5.52038
-5.52232
-5.522
-5.52265
-5.52362
-5.52459
-5.52458
-5.52458
-5.5249
-5.52652
-5.52523
-5.52361
-5.52555
-5.52879
-5.52717
-5.52426
-5.52329
-5.52523
-5.52135
-5.52588
-5.52459
-5.52394
-5.52426
-5.52523
-5.52296
-5.52004
-5.52102
-5.52069
-5.51907
-5.51907
-5.52069
-5.52231
-5.52393
-5.5249
-5.52426
-5.52588
-5.52685
-5.52588
-5.52782
-5.52425
-5.52587
-5.52523
-5.52652
-5.52782
-5.5262
-5.52717
-5.52717
-5.52749
-5.52652
-5.52717
-5.52782
-5.52847
-5.52911
-5.52814
-5.52847
-5.52782
-5.52782
-5.52685
-5.52425
-5.52458
-5.52652
-5.52523
-5.5262
-5.52361
-5.52232
-5.52264
-5.52329
-5.52329
-5.52555
-5.52458
-5.52426
-5.52199
-5.52231
-5.52231
-5.52296
-5.52523
-5.52425
-5.5249
-5.52588
-5.52652
-5.52523
-5.52394
-5.52361
-5.52393
-5.52231
-5.52199
-5.52231
-5.5236
-5.5249
-5.5249
-5.52554
-5.52392
-5.52457
-5.5262
-5.52523
-5.52458
-5.5275
-5.52879
-5.52976
-5.5275
-5.53041
-5.53106
-5.52652
-5.52782
-5.52944
-5.52944
-5.52847
-5.52976
-5.52879
-5.52814
-5.52781
-5.52943
-5.52813
-5.52781
-5.52652
-5.5275
-5.52717
-5.52717
-5.5262
-5.52458
-5.5249
-5.52846
-5.52781
-5.52814
-5.52555
-5.52296
-5.52037
-5.52102
-5.52134
-5.52134
-5.52004
-5.52166
-5.52166
-5.52037
-5.52296
-5.52394
-5.52685
-5.52556
-5.52459
-5.52199
-5.52361
-5.52134
-5.52231
-5.52198
-5.52328
-5.52295
-5.52392
-5.52328
-5.52328
-5.52457
-5.5249
-5.52684
-5.52684
-5.5262
-5.52522
-5.52425
-5.52652
-5.52555
-5.52361
-5.52426
-5.52522
-5.52296
-5.52425
-5.52425
-5.52522
-5.52652
-5.5236
-5.52684
-5.52426
-5.52361
-5.52361
-5.52426
-5.5262
-5.52815
-5.52944
-5.53268
-5.52944
-5.52847
-5.52782
-5.52814
-5.52976
-5.52911
-5.52976
-5.52846
-5.52911
-5.52717
-5.5262
-5.52588
-5.52361
-5.52491
-5.52329
-5.52393
-5.52296
-5.52134
-5.52296
-5.52296
-5.52522
-5.5249
-5.52393
-5.52684
-5.52684
-5.52911
-5.52749
-5.52522
-5.52425
-5.52264
-5.52167
-5.52296
-5.52393
-5.52296
-5.52296
-5.52134
-5.52231
-5.52198
-5.52133
-5.52198
-5.51939
-5.51874
-5.51745
-5.51615
-5.51745
-5.51778
-5.5194
-5.52069
-5.52134
-5.52102
-5.52166
-5.52069
-5.52134
-5.52166
-5.52328
-5.5236
-5.52262
-5.52327
-5.52392
-5.52263
-5.52069
-5.5194
-5.52037
-5.52264
-5.52393
-5.52523
-5.52814
-5.52652
-5.52587
-5.52813
-5.53039
-5.52975
-5.53072
-5.52845
-5.52748
-5.52846
-5.52619
-5.52522
-5.52586
-5.52651
-5.5278
-5.52845
-5.5278
-5.52586
-5.52522
-5.52328
-5.52393
-5.52393
-5.52263
-5.52134
-5.52069
-5.52263
-5.52393
-5.5223
-5.5223
-5.52165
-5.52262
-5.5223
-5.5223
-5.5236
-5.52295
-5.52425
-5.52328
-5.52425
-5.52458
-5.52425
-5.52457
-5.52619
-5.5236
-5.52198
-5.52133
-5.52166
-5.52036
-5.51939
-5.52004
-5.52101
-5.52295
-5.52036
-5.52068
-5.51971
-5.52197
-5.52035
-5.51938
-5.52035
-5.52003
-5.52036
-5.52068
-5.52198
-5.52425
-5.52425
-5.52457
-5.52424
-5.52262
-5.52392
-5.52684
-5.52845
-5.52813
-5.5291
-5.52942
-5.5291
-5.5304
-5.53137
-5.5304
-5.52943
-5.52846
-5.52749
-5.52684
-5.52652
-5.52684
-5.52619
-5.52522
-5.52295
-5.52392
-5.5236
-5.52231
-5.52166
-5.52296
-5.52393
-5.52522
-5.52554
-5.52684
-5.52619
-5.52683
-5.52748
-5.52618
-5.52522
-5.52522
-5.52587
-5.52457
-5.52458
-5.52425
-5.52522
-5.52749
-5.52879
-5.52814
-5.52943
-5.52846
-5.52943
-5.52943
-5.52943
-5.53008
-5.52878
-5.52684
-5.52554
-5.52393
-5.52166
-5.52231
-5.5262
-5.52555
-5.52425
-5.52393
-5.52393
-5.52554
-5.5236
-5.52327
-5.52262
-5.52457
-5.52522
-5.52489
-5.52748
-5.52781
-5.52813
-5.52846
-5.52716
-5.52554
-5.52327
-5.52295
-5.52327
-5.52198
-5.52198
-5.52295
-5.52489
-5.52586
-5.52521
-5.5265
-5.52942
-5.52812
-5.52747
-5.5265
-5.52715
-5.52683
-5.52651
-5.52813
-5.52586
-5.52424
-5.52424
-5.52392
-5.52424
-5.52424
-5.52457
-5.5236
-5.5223
-5.52165
-5.5223
-5.52294
-5.52035
-5.5197
-5.52197
-5.52261
-5.52261
-5.52294
-5.52359
-5.52229
-5.52294
-5.52392
-5.52295
-5.52489
-5.52618
-5.5278
-5.52877
-5.52748
-5.52618
-5.52456
-5.5252
-5.5252
-5.52326
-5.52196
-5.52034
-5.52455
-5.52229
-5.52294
-5.52261
-5.521
-5.52035
-5.52164
-5.52132
-5.52131
-5.52229
-5.52196
-5.52358
-5.521
-5.52133
-5.52068
-5.52036
-5.52327
-5.52294
-5.52132
-5.52197
-5.52197
-5.52293
-5.52294
-5.52164
-5.52358
-5.52164
-5.52359
-5.52326
-5.52359
-5.52553
-5.52715
-5.52683
-5.52553
-5.52456
-5.5252
-5.52261
-5.52391
-5.52358
-5.52423
-5.52488
-5.52715
-5.5265
-5.52683
-5.52682
-5.52553
-5.52617
-5.52585
-5.52552
-5.52519
-5.52649
-5.52617
-5.52553
-5.52521
-5.52585
-5.52359
-5.52488
-5.52423
-5.52455
-5.5239
-5.52747
-5.52747
-5.52585
-5.5265
-5.52552
-5.5252
-5.52649
-5.52552
-5.52455
-5.52553
-5.52326
-5.52164
-5.52035
-5.52164
-5.52132
-5.52261
-5.52325
-5.52423
-5.52261
-5.52423
-5.5265
-5.52682
-5.52682
-5.52552
-5.52617
-5.52584
-5.52552
-5.52487
-5.52617
-5.52747
-5.52779
-5.52779
-5.52682
-5.5252
-5.52423
-5.52293
-5.52002
-5.51969
-5.52131
-5.52261
-5.5226
-5.52002
-5.52034
-5.52099
-5.52261
-5.52293
-5.52455
-5.52422
-5.5239
-5.52488
-5.52326
-5.52164
-5.52228
-5.52293
-5.52423
-5.52617
-5.52616
-5.52616
-5.52454
-5.52551
-5.52649
-5.52616
-5.52487
-5.52422
-5.52422
-5.5239
-5.5239
-5.52616
-5.52519
-5.52487
-5.52422
-5.52519
-5.52648
-5.5281
-5.52907
-5.52842
-5.52712
-5.52744
-5.52647
-5.52745
-5.5268
-5.52713
-5.52778
-5.52681
-5.52714
-5.52616
-5.52649
-5.52616
-5.52778
-5.52939
-5.52972
-5.52972
-5.52939
-5.52648
-5.5255
-5.52388
-5.52162
-5.52194
-5.52324
-5.52259
-5.52227
-5.52226
-5.52259
-5.52226
-5.52259
-5.52324
-5.52194
-5.52162
-5.51968
-5.51968
-5.51968
-5.52195
-5.52194
-5.52486
-5.52485
-5.52582
-5.52453
-5.52453
-5.52194
-5.52259
-5.52259
-5.52033
-5.52162
-5.52259
-5.5213
-5.52163
-5.52389
-5.52292
-5.52292
-5.52454
-5.52421
-5.52259
-5.52259
-5.52486
-5.52356
-5.52259
-5.52324
-5.52226
-5.52064
-5.51999
-5.51902
-5.52032
-5.5213
-5.52421
-5.52292
-5.5213
-5.52259
-5.52292
-5.52356
-5.52453
-5.5268
-5.52712
-5.52841
-5.52744
-5.52809
-5.5297
-5.52712
-5.52679
-5.52518
-5.5268
-5.52615
-5.52777
-5.52744
-5.52744
-5.52679
-5.52777
-5.52841
-5.52971
-5.52712
-5.52809
-5.52808
-5.52873
-5.52873
-5.52776
-5.52614
-5.52355
-5.52161
-5.52258
-5.52452
-5.5242
-5.52161
-5.5229
-5.52258
-5.52226
-5.52258
-5.52129
-5.52032
-5.52194
-5.52161
-5.52097
-5.51935
-5.5174
-5.51578
-5.5161
-5.5174
-5.51902
-5.51967
-5.52129
-5.52064
-5.51935
-5.51935
-5.52193
-5.52323
-5.52291
-5.52388
-5.52453
-5.52421
-5.52551
-5.52518
-5.52583
-5.5255
-5.5268
-5.52518
-5.52388
-5.52226
-5.52291
-5.52194
-5.52097
-5.52097
-5.52161
-5.52226
-5.52161
-5.52193
-5.52226
-5.52226
-5.52162
-5.52032
-5.52064
-5.52161
-5.52194
-5.52388
-5.52356
-5.52259
-5.52291
-5.52324
-5.52551
-5.5268
-5.52583
-5.52647
-5.52485
-5.52421
-5.52259
-5.52161
-5.52064
-5.5187
-5.52032
-5.52033
-5.5213
-5.52454
-5.52486
-5.52422
-5.52324
-5.52389
-5.52518
-5.52356
-5.52356
-5.52452
-5.52485
-5.5242
-5.5255
-5.52388
-5.52421
-5.52712
-5.5268
-5.52648
-5.52454
-5.52292
-5.52357
-5.52551
-5.5281
-5.52907
-5.52777
-5.52809
-5.52744
-5.52614
-5.52808
-5.52711
-5.52387
-5.52258
-5.52291
-5.52355
-5.52485
-5.52323
-5.52291
-5.52323
-5.52323
-5.5268
-5.5255
-5.52421
-5.52388
-5.52324
-5.52323
-5.52097
-5.52388
-5.52517
-5.5242
-5.52485
-5.5255
-5.52355
-5.52129
-5.52258
-5.52355
-5.52355
-5.52291
-5.52356
-5.52582
-5.5255
-5.52486
-5.52356
-5.52647
-5.52712
-5.52712
-5.52614
-5.52647
-5.52744
-5.52808
-5.52614
-5.52355
-5.52258
-5.52128
-5.52031
-5.52064
-5.52096
-5.52226
-5.52032
-5.52064
-5.52194
-5.52291
-5.52129
-5.52291
-5.52356
-5.52388
-5.5242
-5.52485
-5.52356
-5.52809
-5.52679
-5.52679
-5.52582
-5.52517
-5.52355
-5.52194
-5.52258
-5.52259
-5.52129
-5.5213
-5.52259
-5.52259
-5.52259
-5.52259
-5.52226
-5.52194
-5.52291
-5.52323
-5.52356
-5.52291
-5.52129
-5.52194
-5.52226
-5.52259
-5.52356
-5.52454
-5.52551
-5.52583
-5.5255
-5.52453
-5.52518
-5.52421
-5.52389
-5.52616
-5.52422
-5.52583
-5.52324
-5.52292
-5.52356
-5.52227
-5.52291
-5.52356
-5.52323
-5.52356
-5.52291
-5.52291
-5.52486
-5.52486
-5.52583
-5.52615
-5.52648
-5.52389
-5.52356
-5.52486
-5.52518
-5.52615
-5.52518
-5.52582
-5.52356
-5.52486
-5.52518
-5.52421
-5.52454
-5.52259
-5.52454
-5.52583
-5.52616
-5.52421
-5.52356
-5.52291
-5.52291
-5.52226
-5.52226
-5.52226
-5.52259
-5.52388
-5.52356
-5.52097
-5.52001
-5.52033
-5.52163
-5.51903
-5.51773
-5.51999
-5.52161
-5.52129
-5.52194
-5.52324
-5.52292
-5.52325
-5.5226
-5.52357
-5.52292
-5.52486
-5.52583
-5.52518
-5.52648
-5.52615
-5.52583
-5.52615
-5.52518
-5.52712
-5.52745
-5.52777
-5.52551
-5.52551
-5.52486
-5.52551
-5.52681
-5.52778
-5.52811
-5.52811
-5.52778
-5.52551
-5.52486
-5.52388
-5.52323
-5.52485
-5.5242
-5.52388
-5.52421
-5.52162
-5.5226
-5.52163
-5.5226
-5.52228
-5.52066
-5.52131
-5.52163
-5.52357
-5.52389
-5.52357
-5.52357
-5.52389
-5.52454
-5.52162
-5.52292
-5.52227
-5.52292
-5.52487
-5.52519
-5.52487
-5.52649
-5.52584
-5.52519
-5.52584
-5.52293
-5.52163
-5.52196
-5.52358
-5.52552
-5.52455
-5.52422
-5.52648
-5.52583
-5.52519
-5.52551
-5.52551
-5.52616
-5.52552
-5.52455
-5.52617
-5.52618
-5.52521
-5.52456
-5.52229
-5.52229
-5.52131
-5.52131
-5.52195
-5.5226
-5.52389
-5.52357
-5.52195
-5.52293
-5.52357
-5.5226
-5.52325
-5.52131
-5.51904
-5.52164
-5.52391
-5.52358
-5.52359
-5.52423
-5.5252
-5.52617
-5.52617
-5.52779
-5.52617
-5.5252
-5.5252
-5.52422
-5.52552
-5.52714
-5.52584
-5.52519
-5.52519
-5.5239
-5.5239
-5.52487
-5.52422
-5.52325
-5.52423
-5.52325
-5.52131
-5.5226
-5.52422
-5.5226
-5.52196
-5.52196
-5.52131
-5.52034
-5.52034
-5.52261
-5.52163
-5.52325
-5.52519
-5.52454
-5.52324
-5.5226
-5.52454
-5.52163
-5.5226
-5.52358
-5.52325
-5.52325
-5.52487
-5.52487
-5.52552
-5.52487
-5.52358
-5.52585
-5.52455
-5.5239
-5.5239
-5.52325
-5.52422
-5.52486
-5.52454
-5.52486
-5.52745
-5.5281
-5.52713
-5.52584
-5.52487
-5.52617
-5.52358
-5.52261
-5.52163
-5.52163
-5.52163
-5.52195
-5.52454
-5.5226
-5.52196
-5.52099
-5.52228
-5.52099
-5.52196
-5.52358
-5.52584
-5.52584
-5.52454
-5.52422
-5.52519
-5.5239
-5.52357
-5.52422
-5.52487
-5.52487
-5.52811
-5.52714
-5.52908
-5.52876
-5.52844
-5.52714
-5.52811
-5.52682
-5.52682
-5.52681
-5.52422
-5.52616
-5.52454
-5.52454
-5.52519
-5.52357
-5.52098
-5.52001
-5.52001
-5.52098
-5.52196
-5.52261
-5.5239
-5.52422
-5.52098
-5.52098
-5.5213
-5.52163
-5.52389
-5.52486
-5.52357
-5.52357
-5.52551
-5.52518
-5.52356
-5.52518
-5.52551
-5.52745
-5.52616
-5.52745
-5.52713
-5.52745
-5.52874
-5.5281
-5.52648
-5.52745
-5.52712
-5.52583
-5.52389
-5.52195
-5.52162
-5.52033
-5.51968
-5.51903
-5.51967
-5.52032
-5.52161
-5.52031
-5.51999
-5.52194
-5.52518
-5.52356
-5.52454
-5.52615
-5.52486
-5.52454
-5.52324
-5.52162
-5.52162
-5.52
-5.52097
-5.52032
-5.52033
-5.52194
-5.52097
-5.52291
-5.52421
-5.52259
-5.52259
-5.52291
-5.52162
-5.52097
-5.52065
-5.52357
-5.52551
-5.52454
-5.52453
-5.52615
-5.52874
-5.5268
-5.52486
-5.52389
-5.52551
-5.52519
-5.52487
-5.52648
-5.52681
-5.5268
-5.52713
-5.52842
-5.52745
-5.52486
-5.52551
-5.52615
-5.52518
-5.52518
-5.52778
-5.5281
-5.52843
-5.52811
-5.52778
-5.52681
-5.52552
-5.52552
-5.52487
-5.52584
-5.52454
-5.52486
-5.52357
-5.52486
-5.52389
-5.52454
-5.52357
-5.52584
-5.52714
-5.52682
-5.52649
-5.52552
-5.52455
-5.52584
-5.52389
-5.52357
-5.52389
-5.52292
-5.52422
-5.52584
-5.52649
-5.52519
-5.52454
-5.52163
-5.52034
-5.52228
-5.52196
-5.52195
-5.52292
-5.52324
-5.52421
-5.52421
-5.52551
-5.52422
-5.52519
-5.5239
-5.52455
-5.52552
-5.52422
-5.52551
-5.52454
-5.52357
-5.52292
-5.52292
-5.52519
-5.52519
-5.52714
-5.52843
-5.52843
-5.52649
-5.52908
-5.52811
-5.52811
-5.52908
-5.52811
-5.52811
-5.52747
-5.52649
-5.52682
-5.52617
-5.52552
-5.52519
-5.52552
-5.52455
-5.52423
-5.52552
-5.52779
-5.52779
-5.52844
-5.52811
-5.52908
-5.52778
-5.52649
-5.52519
-5.52487
-5.52552
-5.52519
-5.52358
-5.52487
-5.52682
-5.52552
-5.52293
-5.52423
-5.52261
-5.52228
-5.52196
-5.52325
-5.5252
-5.52552
-5.52617
-5.52552
-5.52358
-5.52487
-5.52519
-5.52616
-5.52357
-5.52454
-5.52292
-5.52325
-5.52228
-5.52358
-5.52617
-5.52552
-5.52488
-5.52682
-5.5265
-5.52553
-5.5265
-5.52585
-5.52714
-5.52844
-5.52714
-5.52714
-5.52779
-5.52584
-5.52616
-5.52422
-5.5213
-5.5226
-5.52519
-5.52422
-5.52423
-5.52423
-5.52487
-5.52455
-5.52455
-5.52455
-5.52487
-5.5239
-5.52228
-5.5239
-5.52455
-5.5239
-5.52455
-5.52584
-5.52487
-5.52423
-5.5252
-5.52455
-5.52325
-5.52455
-5.52584
-5.52454
-5.52552
-5.52422
-5.5252
-5.5239
-5.52326
-5.52326
-5.52488
-5.52649
-5.52746
-5.52584
-5.52617
-5.52357
-5.52357
-5.52293
-5.52228
-5.52131
-5.52163
-5.52163
-5.52422
-5.52422
-5.52584
-5.52746
-5.52682
-5.52423
-5.52326
-5.52196
-5.52358
-5.52585
-5.52552
-5.52455
-5.52293
-5.5239
-5.52325
-5.52616
-5.52293
-5.52325
-5.52293
-5.5239
-5.52293
-5.52357
-5.5226
-5.52454
-5.52649
-5.52584
-5.52422
-5.52357
-5.52325
-5.52422
-5.52519
-5.52746
-5.52875
-5.52843
-5.5281
-5.52778
-5.52583
-5.52583
-5.52486
-5.52615
-5.52615
-5.52713
-5.52648
-5.5268
-5.5281
-5.52778
-5.52681
-5.52778
-5.52778
-5.52713
-5.52843
-5.52713
-5.52487
-5.52616
-5.52454
-5.52584
-5.52778
-5.52681
-5.52422
-5.52421
-5.52454
-5.52324
-5.52292
-5.52195
-5.52454
-5.52519
-5.52454
-5.5226
-5.52
-5.52227
-5.52065
-5.5213
-5.52195
-5.5213
-5.52227
-5.52324
-5.52324
-5.52292
-5.52486
-5.52551
-5.52648
-5.52583
-5.52486
-5.52518
-5.52454
-5.52357
-5.52163
-5.52162
-5.52259
-5.5268
-5.52874
-5.52712
-5.52776
-5.52808
-5.52938
-5.52841
-5.52647
-5.52777
-5.52583
-5.52453
-5.52388
-5.52227
-5.52259
-5.52291
-5.52421
-5.52421
-5.52291
-5.52356
-5.52226
-5.52259
-5.52226
-5.52291
-5.52162
-5.52097
-5.52129
-5.52065
-5.52
-5.51838
-5.51709
-5.51806
-5.51871
-5.51741
-5.51806
-5.51968
-5.5213
-5.52292
-5.52259
-5.52129
-5.5187
-5.51999
-5.51999
-5.52064
-5.51741
-5.51838
-5.51871
-5.52033
-5.52065
-5.52357
-5.52454
-5.52422
-5.52551
-5.52583
-5.52551
-5.52519
-5.52551
-5.52616
-5.5268
-5.52713
-5.5281
-5.5268
-5.5255
-5.52615
-5.52518
-5.52421
-5.52486
-5.52551
-5.52486
-5.52519
-5.52454
-5.52519
-5.52681
-5.52551
-5.52583
-5.52615
-5.52648
-5.52422
-5.52648
-5.52551
-5.52325
-5.52389
-5.52551
-5.52389
-5.5226
-5.52422
-5.52454
-5.52422
-5.52454
-5.52584
-5.52486
-5.52519
-5.52422
-5.52324
-5.52325
-5.52325
-5.5226
-5.52162
-5.52195
-5.52259
-5.52259
-5.52065
-5.52389
-5.52357
-5.52325
-5.52357
-5.5239
-5.52616
-5.52648
-5.52648
-5.52648
-5.52486
-5.52518
-5.52551
-5.52681
-5.52357
-5.52357
-5.52195
-5.52455
-5.52357
-5.52292
-5.52487
-5.52325
-5.52195
-5.5213
-5.52292
-5.52357
-5.52519
-5.52681
-5.52616
-5.52616
-5.52454
-5.52389
-5.52487
-5.52843
-5.52746
-5.52681
-5.52649
-5.52649
-5.52811
-5.52778
-5.52616
-5.52583
-5.52519
-5.52422
-5.52486
-5.52389
-5.52551
-5.52746
-5.52584
-5.52649
-5.52649
-5.52649
-5.52584
-5.52682
-5.52455
-5.52487
-5.52617
-5.52584
-5.52552
-5.52487
-5.52487
-5.52358
-5.52455
-5.52519
-5.52519
-5.52551
-5.52648
-5.52486
-5.52454
-5.52422
-5.52649
-5.52552
-5.52682
-5.52488
-5.5252
-5.5252
-5.52423
-5.52358
-5.52293
-5.52714
-5.52779
-5.52616
-5.52552
-5.52681
-5.52779
-5.52682
-5.52714
-5.52747
-5.52779
-5.52747
-5.52682
-5.5252
-5.52617
-5.52585
-5.52552
-5.52649
-5.52617
-5.52746
-5.52585
-5.52455
-5.52487
-5.5239
-5.52293
-5.52325
-5.5252
-5.52423
-5.5239
-5.52487
-5.52649
-5.52649
-5.52649
-5.52714
-5.52649
-5.52584
-5.52487
-5.52422
-5.52357
-5.52292
-5.52357
-5.52552
-5.52584
-5.5239
-5.52519
-5.52358
-5.5252
-5.52487
-5.52617
-5.52779
-5.52584
-5.52552
-5.52779
-5.52649
-5.52617
-5.52423
-5.5252
-5.52585
-5.52488
-5.5239
-5.52455
-5.52519
-5.52649
-5.52616
-5.52487
-5.5239
-5.52454
-5.52422
-5.52389
-5.52195
-5.52098
-5.52293
-5.52131
-5.52002
-5.52229
-5.52196
-5.52099
-5.52293
-5.52293
-5.52455
-5.5252
-5.5252
-5.52617
-5.52584
-5.52487
-5.52488
-5.52358
-5.52455
-5.52456
-5.52391
-5.52423
-5.52456
-5.52423
-5.52456
-5.52779
-5.52617
-5.52553
-5.52423
-5.52358
-5.52228
-5.52099
-5.51937
-5.51969
-5.52326
-5.52261
-5.52196
-5.52164
-5.52229
-5.52326
-5.52553
-5.52456
-5.52423
-5.52747
-5.52553
-5.52585
-5.52585
-5.52553
-5.52552
-5.52617
-5.52617
-5.52552
-5.52682
-5.52585
-5.52487
-5.5252
-5.52812
-5.5252
-5.52326
-5.52359
-5.52067
-5.5197
-5.52067
-5.52035
-5.52003
-5.52197
-5.52165
-5.52035
-5.51938
-5.51906
-5.51938
-5.52003
-5.52003
-5.51776
-5.51711
-5.51744
-5.51744
-5.51712
-5.51679
-5.5197
-5.5197
-5.52003
-5.5197
-5.521
-5.52262
-5.52359
-5.52359
-5.52391
-5.52553
-5.52683
-5.52715
-5.52618
-5.52747
-5.52812
-5.52683
-5.5265
-5.52424
-5.52521
-5.52553
-5.52391
-5.52229
-5.52358
-5.52584
-5.52455
-5.52423
-5.52488
-5.52488
-5.52553
-5.52262
-5.52262
-5.52294
-5.52391
-5.5252
-5.52455
-5.52423
-5.52293
-5.52357
-5.52195
-5.5226
-5.52195
-5.52098
-5.52163
-5.5226
-5.5226
-5.52195
-5.5226
-5.52357
-5.52357
-5.52293
-5.52228
-5.52131
-5.52034
-5.52261
-5.52293
-5.52261
-5.52423
-5.52455
-5.52552
-5.52552
-5.52391
-5.5239
-5.5252
-5.52358
-5.52325
-5.52455
-5.52487
-5.52454
-5.52163
-5.5226
-5.52325
-5.52228
-5.52261
-5.52358
-5.5252
-5.52487
-5.52487
-5.5239
-5.52293
-5.52422
-5.5239
-5.52422
-5.5239
-5.5239
-5.52293
-5.52261
-5.52196
-5.52067
-5.52261
-5.52326
-5.52326
-5.52261
-5.52358
-5.52293
-5.52358
-5.52358
-5.52358
-5.52358
-5.52391
-5.5252
-5.52391
-5.5252
-5.52391
-5.52488
-5.52293
-5.52585
-5.52358
-5.5239
-5.52487
-5.52358
-5.52325
-5.52358
-5.52261
-5.52326
-5.52099
-5.52164
-5.51938
-5.52099
-5.52034
-5.52132
-5.52229
-5.52391
-5.52552
-5.52682
-5.52617
-5.52682
-5.52714
-5.52649
-5.52617
-5.52423
-5.52423
-5.52196
-5.52293
-5.52358
-5.52358
-5.52228
-5.52228
-5.5226
-5.5226
-5.52422
-5.52519
-5.52552
-5.52584
-5.52584
-5.52552
-5.52422
-5.52325
-5.52358
-5.52617
-5.52681
-5.52326
-5.52455
-5.52585
-5.52552
-5.52488
-5.52553
-5.52423
-5.5252
-5.5252
-5.52423
-5.52423
-5.52261
-5.52164
-5.52261
-5.52326
-5.52585
-5.52456
-5.52423
-5.52488
-5.52391
-5.52391
-5.52295
-5.52165
-5.5223
-5.52553
-5.52327
-5.52326
-5.52359
-5.52326
-5.52359
-5.52391
-5.52812
-5.52618
-5.52553
-5.52521
-5.52424
-5.52326
-5.52456
-5.52618
-5.52456
-5.52683
-5.52553
-5.52391
-5.52359
-5.52359
-5.52391
-5.52327
-5.52327
-5.5223
-5.52197
-5.52327
-5.5223
-5.521
-5.52198
-5.52165
-5.52295
-5.52197
-5.52294
-5.52391
-5.52488
-5.5265
-5.52747
-5.52618
-5.52683
-5.52586
-5.52586
-5.52554
-5.52846
-5.52846
-5.52846
-5.52813
-5.5291
-5.52619
-5.5278
-5.5278
-5.52715
-5.52359
-5.52489
-5.52715
-5.52618
-5.52489
-5.52554
-5.52651
-5.52425
-5.52522
-5.52522
-5.52489
-5.52392
-5.5236
-5.52392
-5.52489
-5.52489
-5.5236
-5.52587
-5.52522
-5.52424
-5.5236
-5.52327
-5.52522
-5.52554
-5.52522
-5.52263
-5.52263
-5.52263
-5.52295
-5.52522
-5.52683
-5.52878
-5.52716
-5.53007
-5.53007
-5.52651
-5.52619
-5.52457
-5.52554
-5.52295
-5.5236
-5.52651
-5.52327
-5.52424
-5.52684
-5.52554
-5.52457
-5.52489
-5.52587
-5.52489
-5.52262
-5.52068
-5.52133
-5.5223
-5.52262
-5.52392
-5.52457
-5.52165
-5.52295
-5.52554
-5.52554
-5.52457
-5.52359
-5.52327
-5.52295
-5.52489
-5.52522
-5.5236
-5.52328
-5.52296
-5.52199
-5.52263
-5.52328
-5.52199
-5.52198
-5.52231
-5.52198
-5.52101
-5.52198
-5.52392
-5.52522
-5.52393
-5.52425
-5.52328
-5.52264
-5.52328
-5.52393
-5.52328
-5.52264
-5.52425
-5.52231
-5.52295
-5.52327
-5.52263
-5.52198
-5.52166
-5.52264
-5.52329
-5.52134
-5.52134
-5.52264
-5.52425
-5.52458
-5.52264
-5.52166
-5.52361
-5.52231
-5.52426
-5.5249
-5.52199
-5.52296
-5.5249
-5.5262
-5.52587
-5.52523
-5.52458
-5.52458
-5.5249
-5.52393
-5.52522
-5.52554
-5.52425
-5.52393
-5.52393
-5.52231
-5.52296
-5.52328
-5.52393
-5.52426
-5.52717
-5.52782
-5.52717
-5.52588
-5.52555
-5.5262
-5.52523
-5.52523
-5.52781
-5.52652
-5.52652
-5.52749
-5.52813
-5.5304
-5.52975
-5.52749
-5.52879
-5.52976
-5.53009
-5.52782
-5.52491
-5.52296
-5.52393
-5.52361
-5.52425
-5.52393
-5.5249
-5.52263
-5.52457
-5.52619
-5.5249
-5.52393
-5.52425
-5.52523
-5.52425
-5.52523
-5.52814
-5.52652
-5.52717
-5.52717
-5.52588
-5.52458
-5.52166
-5.52199
-5.52166
-5.52166
-5.5236
-5.52328
-5.52295
-5.52263
-5.52198
-5.52166
-5.52005
-5.52296
-5.52264
-5.52425
-5.52522
-5.52328
-5.5236
-5.52587
-5.52425
-5.5262
-5.52717
-5.52684
-5.52684
-5.52717
-5.52684
-5.52555
-5.52782
-5.52652
-5.52782
-5.52587
-5.52425
-5.52198
-5.52231
-5.52263
-5.52328
-5.52619
-5.52555
-5.52425
-5.52328
-5.52069
-5.52231
-5.52199
-5.52296
-5.52166
-5.52263
-5.52296
-5.52296
-5.5236
-5.52458
-5.52393
-5.52166
-5.52166
-5.52069
-5.52004
-5.52134
-5.51972
-5.52199
-5.52037
-5.52199
-5.52231
-5.52555
-5.52555
-5.52426
-5.52523
-5.52491
-5.52329
-5.52426
-5.52523
-5.52684
-5.52717
-5.52749
-5.52555
-5.52523
-5.52718
-5.5262
-5.52458
-5.52523
-5.52555
-5.52426
-5.52717
-5.52717
-5.5262
-5.5262
-5.52588
-5.52847
-5.52912
-5.52911
-5.52911
-5.52943
-5.52943
-5.52879
-5.52652
-5.52717
-5.52685
-5.52588
-5.52491
-5.52458
-5.52491
-5.52491
-5.5275
-5.5288
-5.52879
-5.52814
-5.52879
-5.52522
-5.52587
-5.52587
-5.52716
-5.52587
-5.52555
-5.52523
-5.52394
-5.52264
-5.52232
-5.52329
-5.52231
-5.52361
-5.52296
-5.52457
-5.52522
-5.52554
-5.52328
-5.52426
-5.52588
-5.52588
-5.52653
-5.5262
-5.52458
-5.52361
-5.52296
-5.52296
-5.52393
-5.52263
-5.52263
-5.52199
-5.52166
-5.52263
-5.52425
-5.52134
-5.52296
-5.52264
-5.52329
-5.5249
-5.52296
-5.52166
-5.52328
-5.52296
-5.52361
-5.52264
-5.52264
-5.52167
-5.51875
-5.52069
-5.52263
-5.52361
-5.52361
-5.52393
-5.52555
-5.5249
-5.5262
-5.52555
-5.52652
-5.52685
-5.52911
-5.52878
-5.52749
-5.52814
-5.5249
-5.52554
-5.52458
-5.52425
-5.52555
-5.5262
-5.52328
-5.52199
-5.52231
-5.52231
-5.52166
-5.52166
-5.52199
-5.52231
-5.52361
-5.52231
-5.52329
-5.52264
-5.52199
-5.52394
-5.5275
-5.52458
-5.52588
-5.52426
-5.52588
-5.52458
-5.5262
-5.52491
-5.52329
-5.52458
-5.52523
-5.52426
-5.52425
-5.52328
-5.52263
-5.52264
-5.52361
-5.52523
-5.5262
-5.52556
-5.52491
-5.52523
-5.52458
-5.52458
-5.52426
-5.5262
-5.52685
-5.52556
-5.52491
-5.52329
-5.52394
-5.52523
-5.52653
-5.52879
-5.52944
-5.53074
-5.53042
-5.53042
-5.52815
-5.52783
-5.52621
-5.52783
-5.52492
-5.52362
-5.52589
-5.52492
-5.52524
-5.52589
-5.52686
-5.5288
-5.52912
-5.52847
-5.5275
-5.52718
-5.52588
-5.52329
-5.52361
-5.52329
-5.52232
-5.52297
-5.52102
-5.5207
-5.52103
-5.5207
-5.5207
-5.52037
-5.52232
-5.52426
-5.52264
-5.52426
-5.52523
-5.52458
-5.52523
-5.52264
-5.52523
-5.52717
-5.5262
-5.52653
-5.52685
-5.52717
-5.5262
-5.52718
-5.52815
-5.52977
-5.52815
-5.5288
-5.52879
-5.52782
-5.52685
-5.52587
-5.52587
-5.52587
-5.52782
-5.52555
-5.5262
-5.52685
-5.52847
-5.52717
-5.52685
-5.52523
-5.52523
-5.52328
-5.52231
-5.52069
-5.52037
-5.52069
-5.52134
-5.52232
-5.52361
-5.52394
-5.52329
-5.52232
-5.52361
-5.52491
-5.5262
-5.52944
-5.52944
-5.52847
-5.52588
-5.52556
-5.52686
-5.52653
-5.52491
-5.52329
-5.52426
-5.52329
-5.52102
-5.5207
-5.52135
-5.52361
-5.52297
-5.52264
-5.52362
-5.522
-5.522
-5.52297
-5.52265
-5.52232
-5.52103
-5.52232
-5.52361
-5.52264
-5.52037
-5.5207
-5.52167
-5.52199
-5.52297
-5.52394
-5.52395
-5.52395
-5.52427
-5.52719
-5.52654
-5.52718
-5.52589
-5.52685
-5.5275
-5.52783
-5.5275
-5.52653
-5.5288
-5.52945
-5.52847
-5.52783
-5.52556
-5.52556
-5.52686
-5.52362
-5.52491
-5.52653
-5.52589
-5.52718
-5.52751
-5.52848
-5.5275
-5.52621
-5.52621
-5.52685
-5.52685
-5.52653
-5.52653
-5.52782
-5.52653
-5.52427
-5.52427
-5.52459
-5.52621
-5.52653
-5.52556
-5.52588
-5.52491
-5.5207
-5.52005
-5.5207
-5.52167
-5.52232
-5.52232
-5.52199
-5.52037
-5.52005
-5.52037
-5.52005
-5.51941
-5.51974
-5.51812
-5.5178
-5.51909
-5.51715
-5.51942
-5.51909
-5.52071
-5.52168
-5.52232
-5.52297
-5.52296
-5.52167
-5.522
-5.52168
-5.52297
-5.52201
-5.5233
-5.52395
-5.52363
-5.5246
-5.52525
-5.52557
-5.52621
-5.52654
-5.52524
-5.52589
-5.52654
-5.52589
-5.52557
-5.52524
-5.52492
-5.52524
-5.52394
-5.52556
-5.52621
-5.52685
-5.52426
-5.52459
-5.52524
-5.52621
-5.52816
-5.52977
-5.52718
-5.52751
-5.52621
-5.52491
-5.52524
-5.522
-5.5207
-5.52102
-5.52135
-5.52264
-5.52361
-5.52329
-5.52232
-5.52167
-5.52362
-5.52232
-5.5207
-5.5207
-5.51876
-5.52102
-5.52361
-5.52459
-5.52394
-5.52459
-5.5233
-5.52524
-5.52298
-5.52362
-5.52395
-5.5233
-5.52297
-5.52232
-5.52297
-5.52362
-5.52362
-5.5233
-5.52298
-5.52201
-5.52266
-5.52363
-5.52492
-5.52654
-5.52395
-5.52427
-5.52525
-5.52687
-5.52816
-5.52654
-5.52849
-5.52849
-5.52849
-5.52848
-5.52881
-5.52946
-5.52784
-5.52557
-5.52266
-5.52396
-5.52461
-5.52364
-5.52137
-5.52331
-5.52234
-5.52201
-5.52298
-5.52201
-5.52492
-5.52363
-5.52298
-5.52363
-5.52299
-5.52364
-5.52461
-5.52558
-5.52623
-5.5272
-5.5285
-5.52849
-5.5272
-5.52752
-5.52623
-5.52849
-5.52687
-5.52655
-5.52558
-5.52363
-5.52428
-5.52299
-5.52493
-5.52494
-5.52526
-5.52721
-5.52397
-5.52268
-5.5243
-5.52171
-5.51944
-5.52106
-5.52041
-5.51943
-5.52073
-5.52202
-5.51976
-5.52105
-5.52235
-5.52364
-5.52526
-5.52429
-5.52688
-5.52494
-5.52526
-5.52688
-5.52624
-5.52688
-5.52527
-5.52527
-5.52688
-5.52526
-5.52461
-5.52558
-5.52591
-5.52655
-5.52364
-5.52332
-5.52527
-5.52397
-5.52462
-5.52559
-5.52559
-5.52656
-5.52753
-5.52688
-5.52429
-5.52591
-5.52721
-5.52656
-5.52721
-5.52721
-5.52785
-5.52559
-5.52397
-5.52462
-5.5217
-5.52268
-5.52365
-5.5243
-5.52494
-5.52592
-5.52527
-5.52883
-5.5298
-5.52947
-5.52947
-5.52947
-5.52883
-5.52624
-5.52527
-5.52592
-5.52365
-5.52462
-5.52592
-5.52883
-5.52883
-5.52948
-5.52721
-5.52657
-5.52819
-5.52851
-5.52786
-5.52786
-5.52948
-5.52818
-5.52883
-5.52721
-5.52785
-5.52591
-5.52656
-5.52785
-5.52688
-5.52883
-5.52689
-5.52657
-5.52625
-5.52463
-5.52495
-5.52463
-5.5256
-5.52625
-5.52754
-5.52818
-5.52753
-5.52688
-5.52591
-5.52461
-5.52332
-5.5217
-5.523
-5.52041
-5.52073
-5.52041
-5.52171
-5.52365
-5.52462
-5.52494
-5.52332
-5.52461
-5.52591
-5.52591
-5.52558
-5.52494
-5.52656
-5.52753
-5.52721
-5.52494
-5.523
-5.52235
-5.523
-5.52203
-5.52268
-5.52267
-5.52202
-5.5217
-5.52008
-5.52364
-5.52591
-5.52494
-5.52429
-5.52364
-5.52235
-5.52332
-5.52397
-5.52624
-5.52624
-5.52754
-5.52786
-5.52818
-5.52753
-5.52429
-5.52332
-5.52461
-5.52364
-5.52494
-5.523
-5.5217
-5.5217
-5.52041
-5.52041
-5.5217
-5.523
-5.52494
-5.52688
-5.52526
-5.52655
-5.52558
-5.52235
-5.52397
-5.52332
-5.52235
-5.52333
-5.52365
-5.52333
-5.5243
-5.52495
-5.52494
-5.52559
-5.52688
-5.52882
-5.52818
-5.52882
-5.52882
-5.52753
-5.52753
-5.52721
-5.52753
-5.52818
-5.52721
-5.52786
-5.52818
-5.52786
-5.52948
-5.52753
-5.52915
-5.52883
-5.52883
-5.53013
-5.52592
-5.52494
-5.52268
-5.52203
-5.52267
-5.52267
-5.52364
-5.52235
-5.52332
-5.52365
-5.52138
-5.52267
-5.52202
-5.52299
-5.52429
-5.52396
-5.52364
-5.52461
-5.52591
-5.52526
-5.52494
-5.52558
-5.52688
-5.52688
-5.52558
-5.5217
-5.52234
-5.52332
-5.52332
-5.52234
-5.52331
-5.5259
-5.52623
-5.52687
-5.52719
-5.52817
-5.5272
-5.5272
-5.5259
-5.52558
-5.52655
-5.52591
-5.52429
-5.52299
-5.52461
-5.52752
-5.52688
-5.52655
-5.52785
-5.5259
-5.52396
-5.52558
-5.52784
-5.52784
-5.5272
-5.52493
-5.52104
-5.52202
-5.52169
-5.52072
-5.51975
-5.52072
-5.52299
-5.52234
-5.52525
-5.5246
-5.52525
-5.52363
-5.52428
-5.52525
-5.52493
-5.5259
-5.5272
-5.52784
-5.5272
-5.52525
-5.5259
-5.52525
-5.52363
-5.52493
-5.52331
-5.52298
-5.52233
-5.52396
-5.52266
-5.52461
-5.52299
-5.52688
-5.52558
-5.52526
-5.52558
-5.5259
-5.52687
-5.52558
-5.52396
-5.52461
-5.52525
-5.52719
-5.52622
-5.52493
-5.52396
-5.52201
-5.52299
-5.52364
-5.52364
-5.52234
-5.51975
-5.52137
-5.52169
-5.52169
-5.52266
-5.52266
-5.52233
-5.52266
-5.52298
-5.52396
-5.52267
-5.52072
-5.52331
-5.52202
-5.52137
-5.52169
-5.52331
-5.52364
-5.52623
-5.52525
-5.52655
-5.5259
-5.5259
-5.5246
-5.52622
-5.52687
-5.52526
-5.52364
-5.52234
-5.52364
-5.52461
-5.52623
-5.5272
-5.52849
-5.52914
-5.52817
-5.53044
-5.52979
-5.53205
-5.53206
-5.53141
-5.53109
-5.53173
-5.52979
-5.53141
-5.52882
-5.52752
-5.52558
-5.52461
-5.52363
-5.52266
-5.52298
-5.52234
-5.52201
-5.52266
-5.52039
-5.5191
-5.51942
-5.52072
-5.52072
-5.52007
-5.52201
-5.52298
-5.52298
-5.52266
-5.52525
-5.52428
-5.5259
-5.52395
-5.52493
-5.52687
-5.5259
-5.52493
-5.52492
-5.52492
-5.52816
-5.52783
-5.52718
-5.52524
-5.52394
-5.52232
-5.52459
-5.52459
-5.52524
-5.52719
-5.52881
-5.52913
-5.52784
-5.52816
-5.52751
-5.52395
-5.52395
-5.52492
-5.52751
-5.52621
-5.52329
-5.52362
-5.5233
-5.5246
-5.52492
-5.52589
-5.52751
-5.52719
-5.52783
-5.52589
-5.52589
-5.52686
-5.52653
-5.52686
-5.52654
-5.52816
-5.52881
-5.52783
-5.52848
-5.52589
-5.52556
-5.52589
-5.52557
-5.52524
-5.52718
-5.52718
-5.52718
-5.52977
-5.52977
-5.52977
-5.5275
-5.52653
-5.52653
-5.52621
-5.52427
-5.52524
-5.52686
-5.52395
-5.52395
-5.52557
-5.52589
-5.52588
-5.52426
-5.52394
-5.52426
-5.52458
-5.52426
-5.52135
-5.52394
-5.52491
-5.52653
-5.52751
-5.5301
-5.5288
-5.52848
-5.52815
-5.52718
-5.52719
-5.52848
-5.5288
-5.52783
-5.52685
-5.52426
-5.52458
-5.52393
-5.52199
-5.52328
-5.52361
-5.52459
-5.52362
-5.52459
-5.52492
-5.52427
-5.52491
-5.52718
-5.52685
-5.5275
-5.52524
-5.52362
-5.52265
-5.52297
-5.52168
-5.52329
-5.52621
-5.52718
-5.52783
-5.5288
-5.53042
-5.53009
-5.53171
-5.53139
-5.53139
-5.53042
-5.53042
-5.52913
-5.52686
-5.52653
-5.52491
-5.5275
-5.52685
-5.52653
-5.52524
-5.52427
-5.52297
-5.52362
-5.522
-5.52426
-5.52297
-5.52167
-5.52297
-5.52394
-5.52362
-5.52394
-5.52427
-5.52427
-5.52265
-5.52362
-5.52524
-5.522
-5.52233
-5.52427
-5.5233
-5.52136
-5.52395
-5.5233
-5.52362
-5.52297
-5.52297
-5.52071
-5.52136
-5.52103
-5.51974
-5.51909
-5.51877
-5.52168
-5.52103
-5.52039
-5.52006
-5.52038
-5.51877
-5.52039
-5.51942
-5.52103
-5.52427
-5.52297
-5.52459
-5.52459
-5.52394
-5.52589
-5.52589
-5.52751
-5.52524
-5.52395
-5.52362
-5.52492
-5.52525
-5.52654
-5.52492
-5.52589
-5.52718
-5.52556
-5.52427
-5.52621
-5.52459
-5.52719
-5.52654
-5.52525
-5.52654
-5.52525
-5.52557
-5.52557
-5.52363
-5.52266
-5.52363
-5.52557
-5.52428
-5.52103
-5.52201
-5.52298
-5.52233
-5.52104
-5.52104
-5.52395
-5.5246
-5.52395
-5.52395
-5.5246
-5.52201
-5.52362
-5.52136
-5.51974
-5.52071
-5.52071
-5.52201
-5.52168
-5.52201
-5.5233
-5.52525
-5.5246
-5.52427
-5.52298
-5.5233
-5.52266
-5.52201
-5.52039
-5.51909
-5.51877
-5.5178
-5.5165
-5.51845
-5.52007
-5.52137
-5.52298
-5.5233
-5.52427
-5.52363
-5.52363
-5.52428
-5.52233
-5.52395
-5.52233
-5.5233
-5.52395
-5.52395
-5.52492
-5.52427
-5.52428
-5.52525
-5.52719
-5.5246
-5.52233
-5.52233
-5.52169
-5.52039
-5.51748
-5.51748
-5.51684
-5.52008
-5.52008
-5.52169
-5.52137
-5.52234
-5.52233
-5.52395
-5.52266
-5.52395
-5.52363
-5.5259
-5.5259
-5.5259
-5.52655
-5.52753
-5.52721
-5.52915
-5.52882
-5.52591
-5.52494
-5.52267
-5.52462
-5.52688
-5.52429
-5.52331
-5.52137
-5.52137
-5.52234
-5.52299
-5.52267
-5.523
-5.52202
-5.52267
-5.52331
-5.52396
-5.52072
-5.52169
-5.52072
-5.51975
-5.52137
-5.52137
-5.52299
-5.52201
-5.52072
-5.52169
-5.52428
-5.52623
-5.52785
-5.52655
-5.52687
-5.52331
-5.52234
-5.52072
-5.52104
-5.52105
-5.52137
-5.52234
-5.52299
-5.52332
-5.52558
-5.52655
-5.5272
-5.52752
-5.52687
-5.52655
-5.52687
-5.52784
-5.52752
-5.52655
-5.52623
-5.52558
-5.52525
-5.52492
-5.52201
-5.52201
-5.52395
-5.52395
-5.52331
-5.52266
-5.52396
-5.52234
-5.52266
-5.52298
-5.52396
-5.52493
-5.52558
-5.52363
-5.5246
-5.52784
-5.52784
-5.52849
-5.52752
-5.52881
-5.52816
-5.52881
-5.52784
-5.52751
-5.52622
-5.52783
-5.52816
-5.52751
-5.52686
-5.52816
-5.52686
-5.52557
-5.5233
-5.52395
-5.52233
-5.52104
-5.52233
-5.522
-5.52168
-5.52136
-5.52362
-5.52427
-5.52524
-5.52718
-5.52686
-5.52588
-5.52621
-5.52524
-5.52459
-5.52524
-5.52427
-5.52362
-5.52362
-5.52653
-5.52653
-5.52815
-5.52912
-5.52977
-5.52944
-5.5275
-5.52717
-5.5262
-5.52717
-5.52491
-5.52491
-5.52329
-5.52135
-5.52264
-5.52134
-5.52134
-5.5207
-5.52038
-5.51908
-5.52102
-5.52264
-5.52167
-5.52328
-5.52134
-5.52069
-5.52231
-5.51972
-5.52199
-5.52167
-5.52329
-5.52362
-5.52135
-5.52199
-5.52199
-5.52361
-5.52425
-5.52555
-5.52523
-5.52426
-5.52588
-5.52588
-5.52394
-5.52394
-5.52361
-5.52458
-5.52653
-5.52491
-5.52556
-5.5275
-5.52653
-5.52491
-5.52361
-5.52491
-5.52328
-5.52328
-5.52458
-5.52232
-5.52134
-5.52296
-5.52232
-5.52297
-5.52491
-5.52329
-5.52458
-5.52426
-5.52426
-5.52458
-5.52198
-5.5223
-5.52263
-5.52166
-5.52263
-5.52458
-5.52361
-5.52491
-5.52621
-5.52588
-5.52232
-5.52265
-5.52427
-5.52524
-5.52556
-5.52394
-5.52264
-5.52361
-5.52361
-5.52231
-5.52166
-5.52199
-5.52264
-5.52328
-5.52588
-5.52555
-5.52458
-5.52555
-5.52847
-5.52621
-5.52686
-5.52653
-5.52685
-5.52491
-5.52394
-5.52459
-5.52394
-5.52361
-5.52394
-5.52523
-5.5249
-5.52555
-5.52425
-5.52296
-5.52393
-5.52232
-5.52038
-5.5207
-5.52264
-5.52167
-5.52167
-5.52199
-5.52296
-5.52038
-5.52102
-5.52232
-5.52329
-5.52394
-5.52459
-5.52394
-5.52394
-5.52426
-5.52394
-5.52459
-5.52264
-5.52232
-5.51908
-5.51908
-5.51875
-5.52134
-5.52134
-5.52231
-5.52426
-5.52362
-5.52459
-5.52491
-5.52686
-5.52685
-5.52783
-5.52621
-5.52588
-5.52653
-5.52621
-5.52426
-5.52458
-5.52912
-5.52814
-5.52879
-5.52814
-5.5262
-5.52555
-5.52653
-5.52588
-5.52459
-5.52393
-5.52458
-5.52522
-5.5236
-5.52361
-5.52135
-5.52297
-5.52588
-5.52717
-5.5275
-5.52653
-5.52782
-5.52782
-5.52587
-5.52458
-5.52231
-5.52296
-5.52263
-5.52328
-5.52361
-5.52393
-5.52458
-5.52393
-5.5236
-5.5249
-5.52522
-5.52522
-5.52393
-5.52555
-5.5262
-5.52814
-5.5275
-5.5262
-5.52394
-5.52426
-5.52393
-5.52555
-5.52522
-5.52554
-5.52328
-5.52296
-5.52555
-5.52587
-5.52457
-5.52457
-5.52263
-5.52003
-5.52004
-5.52036
-5.52393
-5.52425
-5.52523
-5.52523
-5.52847
-5.53009
-5.52847
-5.52944
-5.53106
-5.53138
-5.52944
-5.52814
-5.52976
-5.52814
-5.52717
-5.52652
-5.52522
-5.52587
-5.52781
-5.52749
-5.52652
-5.52555
-5.52685
-5.52652
-5.52458
-5.5249
-5.52425
-5.52458
-5.52555
-5.52263
-5.52102
-5.52037
-5.52135
-5.52296
-5.52426
-5.52297
-5.52296
-5.52296
-5.52555
-5.52425
-5.52328
-5.52619
-5.52587
-5.52651
-5.52522
-5.52555
-5.52652
-5.52555
-5.52555
-5.52847
-5.52911
-5.52976
-5.5275
-5.52458
-5.52393
-5.5249
-5.52587
-5.52457
-5.52522
-5.52457
-5.52554
-5.5249
-5.52328
-5.52554
-5.52652
-5.5262
-5.52458
-5.52587
-5.52652
-5.52555
-5.52426
-5.52199
-5.52199
-5.52231
-5.5207
-5.52005
-5.52232
-5.52199
-5.52199
-5.52199
-5.52005
-5.52199
-5.52199
-5.52296
-5.52134
-5.5249
-5.52522
-5.52328
-5.52425
-5.52425
-5.52587
-5.52717
-5.52652
-5.52749
-5.52555
-5.52328
-5.52296
-5.52555
-5.52328
-5.52425
-5.52457
-5.52684
-5.52652
-5.52781
-5.52846
-5.5291
-5.52878
-5.52975
-5.5291
-5.52651
-5.52522
-5.52814
-5.52684
-5.52781
-5.52976
-5.52943
-5.53008
-5.53105
-5.52943
-5.52976
-5.52782
-5.52458
-5.52425
-5.52587
-5.52554
-5.52457
-5.52554
-5.52393
-5.52393
-5.52231
-5.52134
-5.52296
-5.52328
-5.52361
-5.52198
-5.52198
-5.5223
-5.52327
-5.52554
-5.52587
-5.52522
-5.52555
-5.52587
-5.52685
-5.5275
-5.52685
-5.52782
-5.52717
-5.52782
-5.52458
-5.52522
-5.52457
-5.5236
-5.52133
-5.52328
-5.5223
-5.52327
-5.5223
-5.52489
-5.52231
-5.52457
-5.52392
-5.52457
-5.52392
-5.52327
-5.5223
-5.52263
-5.52296
-5.52295
-5.52522
-5.52328
-5.52004
-5.51875
-5.52198
-5.52263
-5.5236
-5.52263
-5.52069
-5.52328
-5.52263
-5.52295
-5.52327
-5.52327
-5.51971
-5.52068
-5.52036
-5.52036
-5.52068
-5.51972
-5.51939
-5.51874
-5.51745
-5.51907
-5.52101
-5.52133
-5.52198
-5.52262
-5.52165
-5.521
-5.52424
-5.52489
-5.52295
-5.52424
-5.52522
-5.52619
-5.52781
-5.52845
-5.52683
-5.52554
-5.52522
-5.52327
-5.52263
-5.5223
-5.52198
-5.52328
-5.52263
-5.51971
-5.51971
-5.52165
-5.52295
-5.52554
-5.52424
-5.52327
-5.52003
-5.51939
-5.52198
-5.5236
-5.52457
-5.52652
-5.5262
-5.52587
-5.52717
-5.5262
-5.52555
-5.5249
-5.52522
-5.52522
-5.52392
-5.52489
-5.52683
-5.52748
-5.52554
-5.52684
-5.52554
-5.52684
-5.52716
-5.52652
-5.52554
-5.52522
-5.52424
-5.52392
-5.52424
-5.52263
-5.52425
-5.5249
-5.52393
-5.52393
-5.52296
-5.52296
-5.5249
-5.52458
-5.5236
-5.52328
-5.52328
-5.52134
-5.52166
-5.52134
-5.52037
-5.52134
-5.52199
-5.52134
-5.52134
-5.52166
-5.52199
-5.52231
-5.52328
-5.52426
-5.52426
-5.52296
-5.52264
-5.52199
-5.52102
-5.52167
-5.52231
-5.52134
-5.52328
-5.52199
-5.52134
-5.52329
-5.52329
-5.52264
-5.52264
-5.52264
-5.52296
-5.52523
-5.5249
-5.5249
-5.52523
-5.52361
-5.52329
-5.52458
-5.5249
-5.52425
-5.52457
-5.52392
-5.52069
-5.52069
-5.52101
-5.52199
-5.52328
-5.52134
-5.52329
-5.52329
-5.52361
-5.52199
-5.52329
-5.52458
-5.52523
-5.52523
-5.52296
-5.52263
-5.52393
-5.52296
-5.52231
-5.52069
-5.5194
-5.5194
-5.52231
-5.52393
-5.5249
-5.52717
-5.52684
-5.52717
-5.5262
-5.52652
-5.52684
-5.52457
-5.52393
-5.52295
-5.52328
-5.52295
-5.52133
-5.52133
-5.52133
-5.52198
-5.52328
-5.52263
-5.52296
-5.52296
-5.52458
-5.52555
-5.52523
-5.52458
-5.52555
-5.52587
-5.52296
-5.52393
-5.52458
-5.52523
-5.52361
-5.52135
-5.52264
-5.52297
-5.52362
-5.52329
-5.52296
-5.52199
-5.52037
-5.52004
-5.52166
-5.52166
-5.52166
-5.52264
-5.52361
-5.52264
-5.52394
-5.52329
-5.52232
-5.52297
-5.52394
-5.52361
-5.52394
-5.52588
-5.52686
-5.52782
-5.52718
-5.5288
-5.5262
-5.52588
-5.52652
-5.5262
-5.52491
-5.52491
-5.52361
-5.52426
-5.52426
-5.52426
-5.52523
-5.52393
-5.52394
-5.52361
-5.52426
-5.52426
-5.52491
-5.52232
-5.522
-5.52167
-5.52232
-5.52265
-5.52297
-5.52459
-5.52717
-5.5275
-5.52652
-5.52685
-5.52458
-5.52264
-5.52167
-5.5207
-5.52135
-5.52006
-5.52038
-5.51941
-5.52103
-5.52362
-5.52394
-5.52427
-5.52265
-5.522
-5.52135
-5.52232
-5.52329
-5.52394
-5.52393
-5.52426
-5.52524
-5.52459
-5.52718
-5.52427
-5.522
-5.52233
-5.52071
-5.52168
-5.522
-5.52459
-5.52199
-5.52329
-5.52426
-5.52717
-5.52782
-5.52588
-5.5275
-5.52653
-5.52589
-5.52362
-5.52395
-5.52492
-5.52589
-5.52491
-5.52491
-5.52686
-5.52459
-5.52427
-5.52362
-5.52265
-5.52168
-5.52297
-5.52297
-5.52395
-5.52265
-5.522
-5.52297
-5.52329
-5.52265
-5.5233
-5.52427
-5.52459
-5.52459
-5.522
-5.52362
-5.52297
-5.52395
-5.52459
-5.52524
-5.52622
-5.52751
-5.52913
-5.5288
-5.53009
-5.52815
-5.52783
-5.53042
-5.53139
-5.52848
-5.52718
-5.52816
-5.52621
-5.5288
-5.52848
-5.52751
-5.52718
-5.52588
-5.52783
-5.52394
-5.522
-5.52394
-5.52329
-5.52265
-5.52232
-5.52265
-5.52426
-5.52103
-5.51973
-5.51973
-5.51973
-5.51779
-5.52006
-5.52038
-5.52103
-5.51909
-5.51941
-5.522
-5.51973
-5.52135
-5.52167
-5.52394
-5.52426
-5.52393
-5.52361
-5.52167
-5.5207
-5.52038
-5.51909
-5.51909
-5.51844
-5.51844
-5.52006
-5.52006
-5.52103
-5.52135
-5.52233
-5.52394
-5.5233
-5.52071
-5.52265
-5.52362
-5.52427
-5.52459
-5.52394
-5.52459
-5.52394
-5.52232
-5.52329
-5.522
-5.52232
-5.522
-5.52103
-5.52297
-5.52459
-5.52621
-5.5288
-5.52556
-5.52524
-5.52492
-5.52492
-5.52265
-5.52491
-5.52588
-5.52297
-5.52167
-5.52264
-5.52328
-5.52296
-5.52134
-5.52232
-5.52296
-5.52329
-5.52232
-5.52329
-5.52718
-5.5288
-5.5288
-5.52945
-5.53009
-5.52783
-5.52848
-5.52944
-5.5262
-5.5262
-5.52555
-5.5249
-5.52361
-5.52555
-5.52717
-5.52717
-5.52523
-5.52426
-5.52459
-5.52524
-5.52394
-5.52362
-5.52491
-5.5233
-5.52329
-5.52491
-5.52458
-5.52588
-5.52685
-5.52685
-5.52717
-5.52717
-5.5262
-5.52523
-5.52459
-5.52491
-5.52394
-5.52426
-5.52232
-5.52199
-5.52296
-5.52393
-5.52393
-5.52458
-5.52458
-5.52425
-5.52587
-5.5262
-5.52523
-5.52491
-5.5262
-5.52588
-5.52653
-5.52459
-5.52653
-5.52491
-5.52685
-5.52426
-5.52556
-5.52555
-5.52458
-5.52328
-5.52425
-5.52393
-5.52231
-5.5236
-5.52361
-5.52296
-5.52296
-5.52329
-5.5249
-5.52264
-5.52231
-5.52231
-5.52296
-5.52328
-5.5262
-5.52361
-5.52231
-5.52264
-5.52458
-5.52523
-5.52717
-5.52782
-5.52847
-5.52815
-5.52718
-5.52459
-5.52361
-5.52134
-5.52102
-5.52069
-5.52199
-5.52134
-5.52166
-5.51972
-5.51907
-5.51843
-5.51973
-5.5207
-5.52135
-5.52264
-5.52232
-5.52232
-5.52491
-5.52814
-5.5262
-5.5262
-5.5262
-5.52393
-5.52199
-5.52329
-5.52232
-5.522
-5.52329
-5.52524
-5.52523
-5.52329
-5.52199
-5.52167
-5.52361
-5.52232
-5.52329
-5.52199
-5.52458
-5.52426
-5.52523
-5.52782
-5.52944
-5.53009
-5.53041
-5.52847
-5.52879
-5.52879
-5.52716
-5.52619
-5.52457
-5.5249
-5.52523
-5.5262
-5.52458
-5.52458
-5.52426
-5.52329
-5.52264
-5.52296
-5.52264
-5.52264
-5.52296
-5.5207
-5.52102
-5.52167
-5.52296
-5.52296
-5.52426
-5.52361
-5.52458
-5.52523
-5.52264
-5.52555
-5.52556
-5.52297
-5.52232
-5.52361
-5.52588
-5.52555
-5.5262
-5.52717
-5.52555
-5.52652
-5.5262
-5.52555
-5.5275
-5.52685
-5.52685
-5.5262
-5.52749
-5.52879
-5.52782
-5.5262
-5.52523
-5.52393
-5.52361
-5.52167
-5.52199
-5.52102
-5.52199
-5.52166
-5.52134
-5.52004
-5.52231
-5.52166
-5.52069
-5.52264
-5.52426
-5.52199
-5.52297
-5.52361
-5.52458
-5.52523
-5.52555
-5.52652
-5.52458
-5.5249
-5.52296
-5.5236
-5.52296
-5.52328
-5.52263
-5.52231
-5.52037
-5.52134
-5.52231
-5.52037
-5.5194
-5.51972
-5.5194
-5.52005
-5.51972
-5.52069
-5.52004
-5.52069
-5.52231
-5.52392
-5.52619
-5.52489
-5.52392
-5.52069
-5.51972
-5.52166
-5.52328
-5.5236
-5.5236
-5.5236
-5.52457
-5.52425
-5.52393
-5.52393
-5.52328
-5.52458
-5.52781
-5.52684
-5.52587
-5.52748
-5.52878
-5.52619
-5.52781
-5.52651
-5.52651
-5.5249
-5.5249
-5.52619
-5.52684
-5.52555
-5.52781
-5.52749
-5.52781
-5.52781
-5.52716
-5.52651
-5.52586
-5.52457
-5.52392
-5.52133
-5.52262
-5.52101
-5.52036
-5.51971
-5.5223
-5.52133
-5.52035
-5.52327
-5.52327
-5.52132
-5.52165
-5.52165
-5.52359
-5.52294
-5.52327
-5.52521
-5.52359
-5.52391
-5.52359
-5.52294
-5.52294
-5.52391
-5.52294
-5.52294
-5.52359
-5.52359
-5.52424
-5.52392
-5.52424
-5.52359
-5.52489
-5.52359
-5.52391
-5.52391
-5.52262
-5.52262
-5.52294
-5.52294
-5.52488
-5.5265
-5.52715
-5.5278
-5.52618
-5.52326
-5.52262
-5.52229
-5.52262
-5.52392
-5.52392
-5.52392
-5.52328
-5.52263
-5.5236
-5.52489
-5.52489
-5.52489
-5.52424
-5.52618
-5.52456
-5.52521
-5.52521
-5.52294
-5.52327
-5.52262
-5.52294
-5.52294
-5.52424
-5.52618
-5.52716
-5.52781
-5.52716
-5.52683
-5.52521
-5.52683
-5.52294
-5.52165
-5.52035
-5.52132
-5.52067
-5.52035
-5.52003
-5.51906
-5.52035
-5.5223
-5.52424
-5.52748
-5.52846
-5.52975
-5.5304
-5.52911
-5.52749
-5.52748
-5.52554
-5.52716
-5.52586
-5.52521
