33.1369   38.4315
27.3214   36.5162
27.3214   34.7076
27.3214   32.8606
26.5583   30.4204
25.5378   28.9883
24.0378   27.7087
23.7728   27.3246
23.5397   26.1853
22.0472   25.2686
20.4018   24.3796
20.4018   23.4547
20.1143   23.0932
19.341   22.1563
19.067   21.3748
18.6491   20.6139
18.6491   20.2825
16.9415   19.4491
16.5048   19.0839
16.0336   18.8294
15.9497   18.1429
15.1885   17.6027
15.1885   17.1621
15.1784   16.7937
15.0835   16.4321
14.8755   16.0494
14.6046   15.8642
14.2915   15.6464
14.2915   15.3433
13.9778   15.1959
13.9778   14.9215
13.9687   14.5205
13.9687   14.5298
13.9653   14.4582
13.9287   14.3416
13.9287   14.3649
13.9287   14.291
13.9201   14.3528
13.3867   14.205
13.3501   14.0993
13.3501   13.9117
13.3307   13.8744
13.3167   13.9611
13.2718   13.6117
13.2666   13.4697
12.5815   13.5177
12.5815   13.7759
11.4411   13.7323
11.4411   13.2977
11.4411   12.6693
11.4337   12.2832
11.4157   12.0058
11.4083   11.7793
11.4083   11.5704
11.4083   11.5436
11.4083   11.8381
11.4083   12.0713
11.4064   11.8014
11.4064   11.9577
11.4064   11.9692
11.4064   12.1937
10.7989   11.7846
10.7989   11.6806
10.7989   11.6032
10.7989   11.3211
10.3676   11.2655
10.3676   11.249
9.84143   10.8987
9.07561   10.7887
9.07561   10.533
8.533   10.3829
8.533   10.1438
8.533   9.85628
7.64102   9.17438
7.64102   9.14715
7.64102   8.7831
7.64102   8.65982
7.64102   8.39743
7.64102   8.26716
7.64102   8.20284
7.64102   8.17706
7.64102   7.93779
7.64102   7.93997
7.59458   8.05715
7.59458   7.82922
7.59458   7.69636
6.2403   7.63604
6.2403   7.73177
6.2403   7.6246
6.2403   7.62819
6.2403   7.69833
6.2403   7.80871
6.2403   7.81174
6.2403   7.17983
6.2403   7.04952
6.2403   6.83314
6.2403   6.86739
6.2403   6.78443
6.2403   6.74723
6.2403   6.95038
6.2403   6.71368
6.2403   6.54562
6.2403   6.82236
6.2403   6.64747
6.2403   6.45994
6.2403   6.58824
6.2403   6.53182
6.2403   6.48147
6.2403   6.59563
6.2403   6.57783
6.2403   6.51624
6.2403   6.34911
6.2403   6.29435
6.2403   6.34026
6.2403   6.49083
6.2403   6.5877
6.2403   6.62168
6.2403   6.37764
6.2403   6.29394
6.2403   6.32754
6.2403   6.27877
6.2403   6.40414
6.2403   6.30235
6.2403   6.30959
6.2403   6.3596
6.2403   6.37106
6.2403   6.44579
6.2403   6.48547
6.2403   6.64997
6.2403   6.44895
6.2403   6.5538
6.2403   6.37116
6.2403   6.38645
6.2403   6.45464
6.2403   6.49892
6.2403   6.71233
6.2403   6.76049
6.2403   6.78383
6.2403   6.83992
6.2403   6.6755
6.2403   6.70804
6.2403   6.85528
6.2403   6.71326
6.2403   6.51269
6.2403   6.43609
6.2403   6.35977
6.2403   6.415
6.2403   6.58357
6.2403   6.74774
6.2403   6.49185
6.2403   6.27187
6.2403   6.30747
6.2403   6.33263
6.2403   6.40448
6.2403   6.47893
6.2403   6.57327
6.2403   6.46207
6.2403   6.32011
6.2403   6.41605
6.2403   6.31805
6.2403   6.44023
6.2403   6.29174
6.2403   6.3124
6.2403   6.3309
6.2403   6.25601
6.2403   6.28316
6.2403   6.26626
6.2403   6.29505
6.2403   6.24878
6.2403   6.249
6.2403   6.33937
6.2403   6.32586
6.2403   6.35043
6.2403   6.32142
6.2403   6.30625
6.2403   6.31529
6.2403   6.32022
6.2403   6.27214
6.2403   6.30199
6.2403   6.43388
6.2403   6.49683
6.2403   6.61945
6.2403   6.733
6.2403   6.81157
6.2403   6.59922
6.2403   6.54409
6.2403   6.474
6.2403   6.53827
6.2403   6.44412
6.2403   6.3763
6.2403   6.54435
6.2403   6.54154
6.2403   6.48355
6.2403   6.44869
6.2403   6.45277
6.2403   6.33877
6.2403   6.30558
6.2403   6.26342
6.2403   6.35284
6.2403   6.27672
6.2403   6.45552
6.2403   6.48253
6.2403   6.42684
6.2403   6.46118
6.2403   6.41272
6.2403   6.41916
6.2403   6.28831
6.2403   6.28512
6.2403   6.27661
6.2403   6.37782
6.2403   6.53265
6.2403   6.35231
6.2403   6.41069
6.2403   6.43734
6.2403   6.35183
6.2403   6.26302
6.2403   6.33209
6.2403   6.36133
6.2403   6.31876
6.2403   6.33229
6.2403   6.44253
6.2403   6.44543
6.2403   6.46538
6.2403   6.42458
6.2403   6.35252
6.2403   6.47698
6.2403   6.46448
6.2403   6.33255
6.2403   6.35816
6.2403   6.33944
6.2403   6.32441
6.2403   6.32609
6.2403   6.5289
6.2403   6.44914
6.2403   6.3269
6.2403   6.30718
6.2403   6.29301
6.2403   6.25079
6.2403   6.43205
6.2403   6.30615
6.2403   6.40109
6.2403   6.33519
6.2403   6.43374
6.2403   6.36095
6.2403   6.50855
6.2403   6.50129
6.2403   6.40461
6.2403   6.48974
6.2403   6.47731
6.2403   6.42396
6.2403   6.43474
6.2403   6.49643
6.2403   6.41329
6.2403   6.62823
6.2403   6.76549
6.2403   6.47419
6.2403   6.40952
6.2403   6.50262
6.2403   6.45558
6.2403   6.40718
6.2403   6.28852
6.2403   6.34796
6.2403   6.33704
6.2403   6.38542
6.2403   6.42867
6.2403   6.59746
6.2403   6.40306
6.2403   6.52009
6.2403   6.44024
6.2403   6.31675
6.2403   6.26396
6.2403   6.28744
6.2403   6.38583
6.2403   6.39869
6.2403   6.88253
6.2403   6.57184
6.2403   6.38705
6.2403   6.46363
6.2403   6.34444
6.2403   6.5112
6.2403   6.61976
6.2403   6.3265
6.2403   6.42055
6.2403   6.39089
6.2403   6.4674
6.2403   6.54271
6.2403   6.53635
6.2403   6.52281
6.2403   6.46555
6.2403   6.52391
6.2403   6.31384
6.2403   6.25226
6.2403   6.24896
6.2403   6.39287
6.2403   6.44414
6.2403   6.52071
6.2403   6.43741
6.2403   6.48877
6.2403   6.50064
6.2403   6.49721
6.2403   6.30376
6.2403   6.30845
6.2403   6.26077
6.2403   6.33209
6.2403   6.3413
6.2403   6.49852
6.2403   6.46359
6.2403   6.60372
6.2403   6.40619
6.2403   6.34
6.2403   6.27038
6.2403   6.33334
6.2403   6.2577
6.2403   6.25191
6.2403   6.33722
6.2403   6.34115
6.2403   6.48379
6.2403   6.43406
6.2403   6.35455
6.2403   6.46726
6.2403   6.52207
6.2403   6.45651
6.2403   6.30637
6.2403   6.53547
6.2403   6.51064
6.2403   6.42827
6.2403   6.63261
6.2403   6.53773
6.2403   6.43384
6.2403   6.39854
6.2403   6.26697
6.2403   6.33334
6.2403   6.46312
6.2403   6.47352
6.2403   6.35647
6.2403   6.48969
6.2403   6.48909
6.2403   6.4452
6.2403   6.44546
6.2403   6.45964
6.2403   6.40626
6.2403   6.45337
6.2403   6.62432
6.2403   6.55166
6.2403   6.43245
6.2403   6.54058
6.2403   6.57635
6.2403   6.33404
6.2403   6.57629
6.2403   6.43068
6.2403   6.41621
6.2403   6.60844
6.2403   6.48264
6.2403   6.45853
6.2403   6.43573
6.2403   6.48409
6.2403   6.434
6.2403   6.34836
6.2403   6.39446
6.2403   6.37436
6.2403   6.64692
6.2403   6.5498
6.2403   6.44313
6.2403   6.45096
6.2403   6.49433
6.2403   6.51698
6.2403   6.48598
6.2403   6.41108
6.2403   6.65404
6.2403   6.56226
6.2403   6.97603
6.2403   6.64059
6.2403   6.44749
6.2403   6.41945
6.2403   6.44781
6.2403   6.4976
6.2403   6.24919
6.2403   6.3114
6.2403   6.3965
6.2403   6.43811
6.2403   6.64176
6.2403   6.87791
6.2403   6.53715
6.2403   6.43068
6.2403   6.53067
6.2403   6.44768
6.2403   6.4282
6.2403   6.86443
6.2403   6.71089
6.2403   6.67866
6.2403   6.62319
6.2403   6.58533
6.2403   6.38438
6.2403   6.37659
6.2403   6.32436
6.2403   6.42577
6.2403   6.42743
6.2403   6.45465
6.2403   6.27269
6.2403   6.33753
6.2403   6.32423
6.2403   6.3437
6.2403   6.44675
6.2403   6.42042
6.2403   6.29952
6.2403   6.26147
6.2403   6.2529
6.2403   6.25372
6.2403   6.26279
6.2403   6.33345
6.2403   6.52505
6.2403   6.84739
6.2403   6.45514
6.2403   6.50007
6.2403   6.41638
6.2403   6.36837
6.2403   6.32952
6.2403   6.55034
6.2403   6.3869
6.2403   6.41118
6.2403   6.40088
6.2403   6.5932
6.2403   6.55422
6.2403   6.49932
6.2403   6.347
6.2403   6.41202
6.2403   6.36008
6.2403   6.33809
6.2403   6.67044
6.2403   6.46683
6.2403   6.35605
6.2403   6.40296
6.2403   6.3168
6.2403   6.33378
6.2403   6.25765
6.2403   6.25322
6.2403   6.26628
6.2403   6.24468
6.2403   6.3331
6.2403   6.33907
6.2403   6.42042
6.2403   6.41002
6.2403   6.31575
6.2403   6.2514
6.2403   6.24039
6.2403   6.31158
6.2403   6.27808
6.2403   6.34077
6.2403   6.54685
6.2403   6.38924
6.2403   6.33855
6.2403   6.53051
6.2403   6.55028
6.2403   6.41769
6.2403   6.49324
6.2403   6.42696
6.2403   6.3901
6.2403   6.33139
6.2403   6.40664
6.2403   6.28227
6.2403   6.3514
6.2403   6.50309
6.2403   6.31046
6.2403   6.2567
6.2403   6.40889
6.2403   6.53328
6.2403   6.3908
6.2403   6.78984
6.2403   6.51056
6.2403   6.48724
6.2403   6.44519
6.2403   6.30715
6.2403   6.3958
6.2403   6.36747
6.2403   6.43512
6.2403   6.39274
6.2403   6.30386
6.2403   6.36638
6.2403   6.37437
6.2403   6.4678
6.2403   6.42251
6.2403   6.46946
6.2403   6.54315
6.2403   6.59637
6.2403   6.48794
6.2403   6.32312
6.2403   6.31336
6.2403   6.34381
6.2403   6.47045
6.2403   6.62693
6.2403   6.33781
6.2403   6.41745
6.2403   6.44688
6.2403   6.45664
6.2403   6.44254
6.2403   6.39154
6.2403   6.41279
6.2403   6.45836
6.2403   6.62433
6.2403   6.45878
6.2403   6.36462
6.2403   6.39706
6.2403   6.31265
6.2403   6.24769
6.2403   6.30028
6.2403   6.27335
6.2403   6.37771
6.2403   6.4389
6.2403   6.39451
6.2403   6.29504
6.2403   6.37703
6.2403   6.55565
6.2403   6.54093
6.2403   6.54642
6.2403   6.30693
6.2403   6.52722
6.2403   6.76253
6.2403   6.7549
6.2403   6.60374
6.2403   6.61008
6.2403   6.53931
6.2403   6.74012
6.2403   6.29023
6.2403   6.35391
6.2403   6.45025
6.2403   6.6326
6.2403   6.36971
6.2403   6.45375
6.2403   6.29828
6.2403   6.35144
6.2403   6.37104
6.2403   6.36897
6.2403   6.36131
6.2403   6.41438
6.2403   6.37665
6.2403   6.27743
6.2403   6.36213
6.2403   6.34539
6.2403   6.33438
6.2403   6.31002
6.2403   6.36491
6.2403   6.3144
6.2403   6.36396
6.2403   6.30279
6.2403   6.36675
6.2403   6.32326
6.2403   6.28911
6.2403   6.35018
6.2403   6.36827
6.2403   6.40335
6.2403   6.27275
6.2403   6.31055
6.2403   6.30747
6.2403   6.39776
6.2403   6.36014
6.2403   6.35844
6.2403   6.38406
6.2403   6.37817
6.2403   6.38391
6.2403   6.33671
6.2403   6.59055
6.2403   6.55482
6.2403   6.46169
6.2403   6.43108
6.2403   6.35542
6.2403   6.33338
6.2403   6.35862
6.2403   6.28508
6.2403   6.46555
6.2403   6.36365
6.2403   6.37672
6.2403   6.30858
6.2403   6.3624
6.2403   6.35134
6.2403   6.34754
6.2403   6.38905
6.2403   6.45002
6.2403   6.47219
6.2403   6.65942
6.2403   6.48286
6.2403   6.48197
6.2403   6.55768
6.2403   6.5131
6.2403   6.51396
6.2403   6.3699
6.2403   6.44989
6.2403   6.69718
6.2403   6.48538
6.2403   6.42335
6.2403   6.5302
6.2403   6.37512
6.2403   6.41114
6.2403   6.4507
6.2403   6.60047
6.2403   6.36094
6.2403   6.42756
6.2403   6.45429
6.2403   6.71934
6.2403   6.45116
6.2403   6.45896
6.2403   6.5083
6.2403   6.61798
6.2403   6.50584
6.2403   6.41353
6.2403   6.31207
6.2403   6.27092
6.2403   6.27749
6.2403   6.41094
6.2403   6.35975
6.2403   6.39599
6.2403   6.33439
6.2403   6.29417
6.2403   6.32341
6.2403   6.36276
6.2403   6.37803
6.2403   6.39613
6.2403   6.35872
6.2403   6.34887
6.2403   6.27574
6.2403   6.38383
6.2403   6.32326
6.2403   6.32386
6.2403   6.38006
6.2403   6.40749
6.2403   6.31125
6.2403   6.41071
6.2403   6.42499
6.2403   6.74273
6.2403   6.60435
6.2403   6.48934
6.2403   6.56465
6.2403   6.36438
6.2403   6.41961
6.2403   6.58328
6.2403   6.60092
6.2403   6.67251
6.2403   6.40247
6.2403   6.31006
6.2403   6.38696
6.2403   6.28488
6.2403   6.26832
6.2403   6.32621
6.2403   6.70783
6.2403   6.41467
6.2403   6.44219
6.2403   6.37036
6.2403   6.61527
6.2403   6.68084
6.2403   6.69917
6.2403   6.38001
6.2403   6.36681
6.2403   6.33451
6.2403   6.40468
6.2403   6.42612
6.2403   6.41174
6.2403   6.36775
6.2403   6.45446
6.2403   6.31073
6.2403   6.32639
6.2403   6.32478
6.2403   6.45531
6.2403   6.38588
6.2403   6.61783
6.2403   6.39565
6.2403   6.34462
6.2403   6.34754
6.2403   6.46116
6.2403   6.34837
6.2403   6.3341
6.2403   6.37186
6.2403   6.29296
6.2403   6.33903
6.2403   6.30741
6.2403   6.39595
6.2403   6.54247
6.2403   6.40494
6.2403   6.47911
6.2403   6.39426
6.2403   6.32245
6.2403   6.34959
6.2403   6.36351
6.2403   6.2622
6.2403   6.27734
6.2403   6.45226
6.2403   6.34692
6.2403   6.32195
6.2403   6.48427
6.2403   6.37074
6.2403   6.39414
6.2403   6.32792
6.2403   6.2631
6.2403   6.34266
6.2403   6.28366
6.2403   6.31436
6.2403   6.36256
6.2403   6.30055
6.2403   6.33977
6.2403   6.28782
6.2403   6.4262
6.2403   6.62821
6.2403   6.6534
6.2403   6.78014
6.2403   6.86754
6.2403   6.70667
6.2403   6.61615
6.2403   6.61115
6.2403   6.37638
6.2403   6.32786
6.2403   6.31429
6.2403   6.39599
6.2403   6.43025
6.2403   6.44195
6.2403   6.39534
6.2403   6.35646
6.2403   6.31371
6.2403   6.51743
6.2403   6.44196
6.2403   6.31838
6.2403   6.36857
6.2403   6.29898
6.2403   6.28473
6.2403   6.30357
6.2403   6.28236
6.2403   6.4639
6.2403   6.32204
6.2403   6.26949
6.2403   6.35896
6.2403   6.32415
6.2403   6.46106
6.2403   6.4157
6.2403   6.36835
6.2403   6.38128
6.2403   6.39679
6.2403   6.25732
6.2403   6.24791
6.2403   6.24289
6.2403   6.24666
6.2403   6.32709
6.2403   6.42753
6.2403   6.33262
6.2403   6.25454
6.2403   6.29113
6.2403   6.25357
6.2403   6.35793
6.2403   6.43432
6.2403   6.34519
6.2403   6.28007
6.2403   6.2716
6.2403   6.71235
6.2403   6.56806
6.2403   6.27725
6.2403   6.29902
6.2403   6.38274
6.2403   6.38256
6.2403   6.34136
6.2403   6.32074
6.2403   6.34229
6.2403   6.37326
6.2403   6.47772
6.2403   6.41838
6.2403   6.31907
6.2403   6.38637
6.2403   6.37144
6.2403   6.43109
6.2403   6.42891
6.2403   6.6595
6.2403   6.51292
6.2403   6.4941
6.2403   6.47169
6.2403   6.38412
6.2403   6.34799
6.2403   6.45257
6.2403   6.39208
6.2403   6.31862
6.2403   6.24108
6.2403   6.2403
6.2403   6.24352
6.2403   6.30325
6.2403   6.26334
6.2403   6.241
6.2403   6.24237
6.2403   6.40941
6.2403   6.48959
6.2403   6.66366
6.2403   6.46498
6.2403   6.38369
6.2403   6.39913
6.2403   6.43213
6.2403   6.45906
6.2403   6.48901
6.2403   6.33753
6.2403   6.47541
6.2403   6.40085
6.2403   6.50078
6.2403   6.42594
6.2403   6.68718
6.2403   6.6852
6.2403   6.45259
6.2403   6.58765
6.2403   6.48298
6.2403   6.40446
6.2403   6.39614
6.2403   6.39718
6.2403   6.30046
6.2403   6.44025
6.2403   6.49285
6.2403   6.34665
6.2403   6.42942
6.2403   6.46288
6.2403   6.43395
6.2403   6.52334
6.2403   6.59114
6.2403   6.37506
6.2403   6.33116
6.2403   6.25956
6.2403   6.37747
6.2403   6.3505
6.2403   6.34574
6.2403   6.54106
6.2403   6.37657
6.2403   6.38212
6.2403   6.49891
6.2403   6.36731
6.2403   6.34337
6.2403   6.34934
6.2403   6.2864
6.2403   6.25623
6.2403   6.37377
6.2403   6.36165
6.2403   6.41669
6.2403   6.50551
6.2403   6.77335
6.2403   6.87404
6.2403   6.54076
6.2403   6.60792
6.2403   6.64353
6.2403   6.48765
6.2403   6.49361
6.2403   6.47238
6.2403   6.37698
6.2403   6.27572
6.2403   6.25214
6.2403   6.29669
6.2403   6.32887
6.2403   6.37256
6.2403   6.44983
6.2403   6.51358
6.2403   6.48974
6.2403   6.42317
6.2403   6.2734
6.2403   6.25353
6.2403   6.33927
6.2403   6.28145
6.2403   6.32853
6.2403   6.63167
6.2403   6.43853
6.2403   6.36019
6.2403   6.39688
6.2403   6.68974
6.2403   6.45069
6.2403   6.56632
6.2403   6.50138
6.2403   6.31768
6.2403   6.25443
6.2403   6.31232
6.2403   6.65427
6.2403   6.50941
6.2403   6.3943
6.2403   6.40601
6.2403   6.29483
6.2403   6.40296
6.2403   6.42447
6.2403   6.7118
6.2403   6.65092
6.2403   6.51134
6.2403   6.69699
6.2403   6.48484
6.2403   6.37842
6.2403   6.2707
6.2403   6.28487
6.2403   6.35593
6.2403   6.55432
6.2403   6.37198
6.2403   6.46705
6.2403   6.37186
6.2403   6.56935
6.2403   6.51408
6.2403   6.33941
6.2403   6.317
6.2403   6.40499
6.2403   6.45941
6.2403   6.59177
6.2403   6.67492
6.2403   6.53736
6.2403   6.52715
6.2403   6.45807
6.2403   6.47485
6.2403   6.42292
6.2403   6.32112
6.2403   6.24685
6.2403   6.28678
6.2403   6.30705
6.2403   6.37274
6.2403   6.61234
6.2403   6.33429
6.2403   6.25868
6.2403   6.26632
6.2403   6.51994
6.2403   6.62905
6.2403   6.38753
6.2403   6.3355
6.2403   6.24941
6.2403   6.27725
6.2403   6.29827
6.2403   6.30411
6.2403   6.25664
6.2403   6.24129
6.2403   6.24068
6.2403   6.26601
6.2403   6.26052
6.2403   6.30455
6.2403   6.26546
6.2403   6.3696
6.2403   6.47025
6.2403   6.36116
6.2403   6.40769
6.2403   6.31568
6.2403   6.59455
6.2403   6.33933
6.2403   6.33083
6.2403   6.25901
6.2403   6.31835
6.2403   6.29627
6.2403   6.40159
6.2403   6.56371
6.2403   6.41832
6.2403   6.30891
6.2403   6.32784
6.2403   6.33111
6.2403   6.30288
6.2403   6.24158
6.2403   6.2403
6.2403   6.29874
6.2403   6.4166
6.2403   6.46394
6.2403   6.39815
6.2403   6.522
6.2403   6.52279
6.2403   6.38051
6.2403   6.4943
6.2403   6.32655
6.2403   6.29728
6.2403   6.33207
6.2403   6.33724
6.2403   6.25868
6.2403   6.31025
6.2403   6.41517
6.2403   6.48899
6.2403   6.31577
6.2403   6.24958
6.2403   6.26684
6.2403   6.24924
6.2403   6.24062
6.2403   6.25099
6.2403   6.287
6.2403   6.34084
6.2403   6.3624
6.2403   6.2999
6.2403   6.28449
6.2403   6.26952
6.2403   6.43303
6.2403   6.52785
6.2403   6.31582
6.2403   6.42981
6.2403   6.40356
6.2403   6.46933
6.2403   6.35608
6.2403   6.29953
6.2403   6.41972
6.2403   6.36114
6.2403   6.36503
6.2403   6.25129
6.2403   6.28187
6.2403   6.2543
6.2403   6.35556
6.2403   6.33603
6.2403   6.31572
6.2403   6.29632
6.2403   6.42227
6.2403   6.54701
6.2403   6.4992
6.2403   6.35726
6.2403   6.3584
6.2403   6.3191
6.2403   6.24884
6.2403   6.25653
6.2403   6.25844
6.2403   6.38769
6.2403   6.35003
6.2403   6.33005
6.2403   6.36077
6.2403   6.34653
6.2403   6.33024
6.2403   6.3196
6.2403   6.31846
6.2403   6.35844
6.2403   6.30774
6.2403   6.31441
6.2403   6.34618
6.2403   6.30018
6.2403   6.3454
6.2403   6.41813
6.2403   6.42724
6.2403   6.52516
6.2403   6.36139
6.2403   6.46172
6.2403   6.38393
6.2403   6.41335
6.2403   6.42362
6.2403   6.30682
6.2403   6.38466
6.2403   6.35432
6.2403   6.5614
6.2403   6.49448
6.2403   6.40821
6.2403   6.30652
6.2403   6.3691
6.2403   6.27136
6.2403   6.2965
6.2403   6.27667
6.2403   6.30599
6.2403   6.35511
6.2403   6.337
6.2403   6.38229
6.2403   6.30909
6.2403   6.31766
6.2403   6.40809
6.2403   6.37529
6.2403   6.2969
6.2403   6.25303
6.2403   6.26965
6.2403   6.35266
6.2403   6.38225
6.2403   6.32305
6.2403   6.39466
6.2403   6.5073
6.2403   6.41761
6.2403   6.46157
6.2403   6.42543
6.2403   6.35028
6.2403   6.30254
6.2403   6.43166
6.2403   6.44798
6.2403   6.38653
6.2403   6.28926
6.2403   6.2532
6.2403   6.29368
6.2403   6.42862
6.2403   6.46782
6.2403   6.28694
6.2403   6.32936
6.2403   6.42676
6.2403   6.39125
6.2403   6.43435
6.2403   6.55588
6.2403   6.35462
6.2403   6.45044
6.2403   6.36713
6.2403   6.32511
6.2403   6.32981
6.2403   6.41302
6.2403   6.34827
6.2403   6.28733
6.2403   6.33885
6.2403   6.32156
6.2403   6.34361
6.2403   6.39099
6.2403   6.42047
6.2403   6.42445
6.2403   6.54956
6.2403   6.46097
6.2403   6.39962
6.2403   6.3709
6.2403   6.39791
6.2403   6.59414
6.2403   6.51829
6.2403   6.42283
6.2403   6.47289
6.2403   6.73015
6.2403   6.76838
6.2403   6.46641
6.2403   6.38686
6.2403   6.42466
6.2403   6.40788
6.2403   6.39434
6.2403   6.31652
6.2403   6.32589
6.2403   6.36385
6.2403   6.27658
6.2403   6.40682
6.2403   6.35956
6.2403   6.2728
6.2403   6.27574
6.2403   6.33911
6.2403   6.41962
6.2403   6.27149
6.2403   6.26649
6.2403   6.29416
6.2403   6.30097
6.2403   6.31533
6.2403   6.40469
6.2403   6.36386
6.2403   6.30542
6.2403   6.3626
6.2403   6.35669
6.2403   6.33833
6.2403   6.4654
6.2403   6.45887
6.2403   6.37243
6.2403   6.3208
6.2403   6.3654
6.2403   6.40727
6.2403   6.58027
6.2403   6.62741
6.2403   6.31288
6.2403   6.26125
6.2403   6.29029
6.2403   6.45989
6.2403   6.49137
6.2403   6.46889
6.2403   6.45853
6.2403   6.46233
6.2403   6.39146
6.2403   6.26464
6.2403   6.249
6.2403   6.39432
6.2403   6.45139
6.2403   6.44351
6.2403   6.30819
6.2403   6.33259
6.2403   6.2954
6.2403   6.39672
6.2403   6.32528
6.2403   6.48925
6.2403   6.61231
6.2403   6.48412
6.2403   6.51977
6.2403   6.45187
6.2403   6.39974
6.2403   6.38648
6.2403   6.41549
6.2403   6.362
6.2403   6.34095
6.2403   6.29251
6.2403   6.27469
6.2403   6.30671
6.2403   6.28804
6.2403   6.29649
6.2403   6.26092
6.2403   6.25005
6.2403   6.5348
6.2403   6.74795
6.2403   6.60602
6.2403   6.87396
6.2403   6.65141
6.2403   6.65641
6.2403   6.55945
6.2403   6.49271
6.2403   6.37913
6.2403   6.44638
6.2403   6.58545
6.2403   6.73294
6.2403   6.38187
6.2403   6.38968
6.2403   6.31746
6.2403   6.41176
6.2403   6.62476
6.2403   6.52215
6.2403   6.69342
6.2403   6.79826
6.2403   6.76635
6.2403   6.71691
6.2403   6.43375
6.2403   6.29201
6.2403   6.31237
6.2403   6.30433
6.2403   6.26363
6.2403   6.3301
6.2403   6.31473
6.2403   6.35613
6.2403   6.31644
6.2403   6.31974
6.2403   6.3837
6.2403   6.45882
6.2403   6.58196
6.2403   6.41147
6.2403   6.54192
6.2403   6.44169
6.2403   6.354
6.2403   6.56274
6.2403   6.39778
6.2403   6.3124
6.2403   6.30346
6.2403   6.39784
6.2403   6.50667
6.2403   6.39753
6.2403   6.45604
6.2403   6.47025
6.2403   6.52955
6.2403   6.47444
6.2403   6.39954
6.2403   6.46707
6.2403   6.46445
6.2403   6.36378
6.2403   6.33736
6.2403   6.39509
6.2403   6.32458
6.2403   6.33151
6.2403   6.33408
6.2403   6.3267
6.2403   6.35623
6.2403   6.30516
6.2403   6.26621
6.2403   6.27415
6.2403   6.4142
6.2403   6.38761
6.2403   6.38521
6.2403   6.31498
6.2403   6.37022
6.2403   6.51112
6.2403   6.38122
6.2403   6.38673
6.2403   6.41658
6.2403   6.27729
6.2403   6.31016
6.2403   6.28831
6.2403   6.28801
6.2403   6.26988
6.2403   6.30134
6.2403   6.27537
6.2403   6.33795
6.2403   6.49282
6.2403   6.50728
6.2403   6.44372
6.2403   6.47099
6.2403   6.6129
6.2403   6.5987
6.2403   6.51769
6.2403   6.33057
6.2403   6.34258
6.2403   6.30999
6.2403   6.26869
6.2403   6.29424
6.2403   6.42526
6.2403   6.37156
6.2403   6.51835
6.2403   6.49455
6.2403   6.6874
6.2403   6.6143
6.2403   6.70077
6.2403   6.6044
6.2403   6.44123
6.2403   6.42895
6.2403   6.52397
6.2403   6.47921
6.2403   6.41578
6.2403   6.33598
6.2403   6.32225
6.2403   6.28452
6.2403   6.33585
6.2403   6.4268
6.2403   6.39843
6.2403   6.42064
6.2403   6.39396
6.2403   6.37252
6.2403   6.47795
6.2403   6.66564
6.2403   6.53781
6.2403   6.37288
6.2403   6.51985
6.2403   6.45816
6.2403   6.45027
6.2403   6.36963
6.2403   6.60658
6.2403   6.3597
6.2403   6.36536
6.2403   6.39232
6.2403   6.29912
6.2403   6.43535
6.2403   6.35303
6.2403   6.29642
6.2403   6.44472
6.2403   6.34264
6.2403   6.30991
6.2403   6.3776
6.2403   6.40172
6.2403   6.35638
6.2403   6.40808
6.2403   6.26614
6.2403   6.24399
6.2403   6.25492
6.2403   6.30352
6.2403   6.30934
6.2403   6.28042
6.2403   6.32164
6.2403   6.36578
6.2403   6.49164
6.2403   6.6191
6.2403   6.86685
6.2403   6.57452
6.2403   6.64955
6.2403   6.38914
6.2403   6.36394
6.2403   6.72582
6.2403   6.68386
6.2403   6.37998
6.2403   6.43194
6.2403   6.33575
6.2403   6.29321
6.2403   6.26941
6.2403   6.46972
6.2403   6.49596
6.2403   6.40253
6.2403   6.39794
6.2403   6.41598
6.2403   6.60138
6.2403   6.50436
6.2403   6.46519
6.2403   6.6997
6.2403   6.53007
6.2403   6.5998
6.2403   6.4696
6.2403   6.38491
6.2403   6.34277
6.2403   6.45287
6.2403   6.50975
6.2403   6.50611
6.2403   6.30096
6.2403   6.26755
6.2403   6.29615
6.2403   6.3341
6.2403   6.4599
6.2403   6.27962
6.2403   6.39108
6.2403   6.57246
6.2403   6.43677
6.2403   6.42306
6.2403   6.50801
6.2403   6.54587
6.2403   6.61043
6.2403   6.77865
6.2403   6.30012
6.2403   6.30883
6.2403   6.32214
6.2403   6.3842
6.2403   6.31676
6.2403   6.25655
6.2403   6.3473
6.2403   6.43815
6.2403   6.54574
6.2403   6.61462
6.2403   6.58464
6.2403   6.74419
6.2403   6.55162
6.2403   6.78261
6.2403   6.71308
6.2403   6.56532
6.2403   6.37722
6.2403   6.29191
6.2403   6.25561
6.2403   6.25346
6.2403   6.27131
6.2403   6.32688
6.2403   6.51634
6.2403   6.41483
6.2403   6.3834
6.2403   6.51939
6.2403   6.51823
6.2403   6.30197
6.2403   6.258
6.2403   6.27912
6.2403   6.24913
6.2403   6.32051
6.2403   6.32964
6.2403   6.41314
6.2403   6.34272
6.2403   6.4438
6.2403   6.56567
6.2403   6.52138
6.2403   6.53013
6.2403   6.62466
6.2403   6.47384
6.2403   6.43016
6.2403   6.47792
6.2403   6.57385
6.2403   6.53564
6.2403   6.52301
6.2403   6.39573
6.2403   6.32866
6.2403   6.51731
6.2403   6.42565
6.2403   6.51831
6.2403   6.68385
6.2403   6.65669
6.2403   6.49859
6.2403   6.43896
6.2403   6.4956
6.2403   6.40031
6.2403   6.54765
6.2403   6.5202
6.2403   6.58871
6.2403   6.42553
6.2403   6.44951
6.2403   6.28772
6.2403   6.27877
6.2403   6.35045
6.2403   6.50056
6.2403   6.60737
6.2403   6.44653
6.2403   6.45803
6.2403   6.56383
6.2403   6.41212
6.2403   6.34632
6.2403   6.50228
6.2403   6.41919
6.2403   6.34383
6.2403   6.59166
6.2403   6.4181
6.2403   6.36548
6.2403   6.39887
6.2403   6.527
6.2403   6.58918
6.2403   6.93469
6.2403   7.02963
6.2403   6.51962
6.2403   6.43269
6.2403   6.38106
6.2403   6.35681
6.2403   6.35499
6.2403   6.52859
6.2403   6.34956
6.2403   6.3441
6.2403   6.40173
6.2403   6.35105
6.2403   6.35922
6.2403   6.25569
6.2403   6.24283
6.2403   6.28603
6.2403   6.25471
6.2403   6.30443
6.2403   6.26458
6.2403   6.25733
6.2403   6.26817
6.2403   6.43194
6.2403   6.56388
6.2403   6.61337
6.2403   6.41792
6.2403   6.3492
6.2403   6.3424
6.2403   6.26383
6.2403   6.33847
6.2403   6.46938
6.2403   6.50987
6.2403   6.61725
6.2403   6.60368
6.2403   6.6106
6.2403   6.53861
6.2403   6.6461
6.2403   6.5281
6.2403   6.59
6.2403   6.50186
6.2403   6.342
6.2403   6.45094
6.2403   6.58026
6.2403   6.43023
6.2403   6.4081
6.2403   6.50622
6.2403   6.65448
6.2403   6.37995
6.2403   6.36023
6.2403   6.33405
6.2403   6.28655
6.2403   6.60376
6.2403   6.54521
6.2403   6.9005
6.2403   6.5771
6.2403   6.61282
6.2403   6.45684
6.2403   6.42939
6.2403   6.37692
6.2403   6.33908
6.2403   6.40959
6.2403   6.44161
6.2403   6.35354
6.2403   6.46409
6.2403   6.50035
6.2403   6.52623
6.2403   6.66404
6.2403   6.59472
6.2403   6.63539
6.2403   6.91683
6.2403   6.83683
6.2403   6.70758
6.2403   6.56179
6.2403   6.5024
6.2403   6.51295
6.2403   6.54122
6.2403   6.40184
6.2403   6.35877
6.2403   6.32608
6.2403   6.41701
6.2403   6.31472
6.2403   6.24896
6.2403   6.37929
6.2403   6.3853
6.2403   6.37236
6.2403   6.51738
6.2403   6.64648
6.2403   6.71104
6.2403   6.53454
6.2403   6.52729
6.2403   6.43037
6.2403   6.4098
6.2403   6.36725
6.2403   6.47538
6.2403   6.3043
6.2403   6.47551
6.2403   6.5415
6.2403   6.33539
6.2403   6.39268
6.2403   6.57408
6.2403   6.34964
6.2403   6.60223
6.2403   6.64511
6.2403   6.56766
6.2403   6.51131
6.2403   6.3991
6.2403   6.34769
6.2403   6.44515
6.2403   6.2624
6.2403   6.32262
6.2403   6.64596
6.2403   6.67047
6.2403   6.7217
6.2403   6.69544
6.2403   6.69525
6.2403   6.6785
6.2403   6.61748
6.2403   6.46604
6.2403   6.3645
6.2403   6.2625
6.2403   6.32612
6.2403   6.31289
6.2403   6.27623
6.2403   6.36082
6.2403   6.29556
6.2403   6.34204
6.2403   6.37177
6.2403   6.45806
6.2403   6.41126
6.2403   6.52348
6.2403   6.31276
6.2403   6.55972
6.2403   6.52434
6.2403   6.68114
6.2403   6.59973
6.2403   6.46744
6.2403   6.54183
6.2403   6.59825
6.2403   6.48862
6.2403   6.40849
6.2403   6.34538
6.2403   6.26657
6.2403   6.32716
6.2403   6.24129
6.2403   6.2403
6.2403   6.24108
6.2403   6.30496
6.2403   6.3828
6.2403   6.45752
6.2403   6.38964
6.2403   6.36831
6.2403   6.33054
6.2403   6.39806
6.2403   6.35974
6.2403   6.31257
6.2403   6.46093
6.2403   6.31168
6.2403   6.33396
6.2403   6.53142
6.2403   6.58972
6.2403   6.58768
6.2403   6.45878
6.2403   6.57731
6.2403   6.51481
6.2403   6.31821
6.2403   6.3607
6.2403   6.43875
6.2403   6.41356
6.2403   6.40349
6.2403   6.51386
6.2403   6.40463
6.2403   6.43127
6.2403   6.30821
6.2403   6.30737
6.2403   6.44977
6.2403   6.42537
6.2403   6.54081
6.2403   6.41219
6.2403   6.45448
6.2403   6.36876
6.2403   6.40262
6.2403   6.40676
6.2403   6.79643
6.2403   6.50376
6.2403   6.67608
6.2403   6.46728
6.2403   6.46757
6.2403   6.62519
6.2403   6.37683
6.2403   6.29841
6.2403   6.32476
6.2403   6.2741
6.2403   6.27267
6.2403   6.27035
6.2403   6.24853
6.2403   6.25463
6.2403   6.39264
6.2403   6.30558
6.2403   6.39059
6.2403   6.36043
6.2403   6.54122
6.2403   6.41777
6.2403   6.29185
6.2403   6.45085
6.2403   6.5834
6.2403   6.39201
6.2403   6.32628
6.2403   6.42528
6.2403   6.35907
6.2403   6.26579
6.2403   6.31895
6.2403   6.43696
6.2403   6.50787
6.2403   6.39616
6.2403   6.30856
6.2403   6.30251
6.2403   6.27189
6.2403   6.24759
6.2403   6.24126
6.2403   6.25858
6.2403   6.41019
6.2403   6.35218
6.2403   6.49534
6.2403   6.44244
6.2403   6.46101
6.2403   6.51929
6.2403   6.34635
6.2403   6.43581
6.2403   6.29834
6.2403   6.27916
6.2403   6.39346
6.2403   6.30268
6.2403   6.45889
6.2403   6.35202
6.2403   6.27966
6.2403   6.26347
6.2403   6.25189
6.2403   6.24057
6.2403   6.2698
6.2403   6.30754
6.2403   6.46042
6.2403   6.45175
6.2403   6.46665
6.2403   6.48805
6.2403   6.44363
6.2403   6.54865
6.2403   6.50769
6.2403   6.67792
6.2403   6.37017
6.2403   6.38791
6.2403   6.38638
6.2403   6.36258
6.2403   6.30138
6.2403   6.32623
6.2403   6.30436
6.2403   6.25836
6.2403   6.34539
6.2403   6.3056
6.2403   6.31612
6.2403   6.44648
6.2403   6.56307
6.2403   6.41652
6.2403   6.49708
6.2403   6.49457
6.2403   6.41249
6.2403   6.25445
6.2403   6.35687
6.2403   6.36556
6.2403   6.37227
6.2403   6.42854
6.2403   6.32816
6.2403   6.32837
6.2403   6.27095
6.2403   6.34015
6.2403   6.54636
6.2403   6.45521
6.2403   6.43446
6.2403   6.38477
6.2403   6.31052
6.2403   6.27393
6.2403   6.33158
6.2403   6.5046
6.2403   6.35733
6.2403   6.41085
6.2403   6.38677
6.2403   6.33536
6.2403   6.36235
6.2403   6.45335
6.2403   6.53782
6.2403   6.75633
6.2403   6.31597
6.2403   6.37167
6.2403   6.27402
6.2403   6.34819
6.2403   6.52156
6.2403   6.59388
6.2403   6.63461
6.2403   6.62949
6.2403   6.37624
6.2403   6.75421
6.2403   6.69545
6.2403   6.59821
6.2403   6.47268
6.2403   6.3521
6.2403   6.32777
6.2403   6.37007
6.2403   6.56383
6.2403   6.37839
6.2403   6.38137
6.2403   6.46697
6.2403   6.35008
6.2403   6.36933
6.2403   6.45641
6.2403   6.42091
6.2403   6.44599
6.2403   6.26755
6.2403   6.30832
6.2403   6.40172
6.2403   6.65651
6.2403   6.58751
6.2403   6.6064
6.2403   6.63908
6.2403   6.4553
6.2403   6.44676
6.2403   6.27954
6.2403   6.27262
6.2403   6.3047
6.2403   6.24057
6.2403   6.28296
6.2403   6.28413
6.2403   6.27544
6.2403   6.39204
6.2403   6.42147
6.2403   6.43588
6.2403   6.64836
6.2403   6.35523
6.2403   6.38544
6.2403   6.56247
6.2403   6.53582
6.2403   6.64702
6.2403   6.47322
6.2403   6.3184
6.2403   6.38017
6.2403   6.4491
6.2403   6.30287
6.2403   6.32453
6.2403   6.28723
6.2403   6.31356
6.2403   6.40032
6.2403   6.33448
6.2403   6.40362
6.2403   6.52152
6.2403   6.66539
6.2403   6.54238
6.2403   6.5499
6.2403   6.40441
6.2403   6.39574
6.2403   6.27131
6.2403   6.33883
6.2403   6.39485
6.2403   6.45812
6.2403   6.55418
6.2403   6.33457
6.2403   6.2818
6.2403   6.3553
6.2403   6.6718
6.2403   6.50317
6.2403   6.56316
6.2403   6.5618
6.2403   6.44685
6.2403   6.55784
6.2403   6.44231
6.2403   6.45222
6.2403   6.45808
6.2403   6.49929
6.2403   6.37104
6.2403   6.32059
6.2403   6.26855
6.2403   6.36443
6.2403   6.3433
6.2403   6.37949
6.2403   6.46386
6.2403   6.38962
6.2403   6.64423
6.2403   6.48545
6.2403   6.40595
6.2403   6.25217
6.2403   6.24901
6.2403   6.33956
6.2403   6.25302
6.2403   6.32383
6.2403   6.26504
6.2403   6.29699
6.2403   6.45385
6.2403   6.32038
6.2403   6.35185
6.2403   6.38868
6.2403   6.33876
6.2403   6.41846
6.2403   6.47935
6.2403   6.40132
6.2403   6.57694
6.2403   6.53047
6.2403   6.43345
6.2403   6.35149
6.2403   6.39222
6.2403   6.44381
6.2403   6.3354
6.2403   6.36134
6.2403   6.50044
6.2403   6.40938
6.2403   6.34819
6.2403   6.54573
6.2403   6.65115
6.2403   6.43009
6.2403   6.44894
6.2403   6.2886
6.2403   6.42954
6.2403   6.32965
6.2403   6.27989
6.2403   6.30717
6.2403   6.30595
6.2403   6.2849
6.2403   6.28396
6.2403   6.34135
6.2403   6.29025
6.2403   6.46489
6.2403   6.40821
6.2403   6.40144
6.2403   6.42497
6.2403   6.36054
6.2403   6.28699
6.2403   6.24935
6.2403   6.24315
6.2403   6.3015
6.2403   6.58223
6.2403   6.26518
6.2403   6.27482
6.2403   6.29697
6.2403   6.40291
6.2403   6.45952
6.2403   6.35494
6.2403   6.33678
6.2403   6.32931
6.2403   6.30962
6.2403   6.43104
6.2403   6.24673
6.2403   6.26979
6.2403   6.36316
6.2403   6.50486
6.2403   6.43225
6.2403   6.36676
6.2403   6.4701
6.2403   6.74128
6.2403   6.57872
6.2403   6.44466
6.2403   6.43584
6.2403   6.46973
6.2403   6.46031
6.2403   6.48234
6.2403   6.40389
6.2403   6.28946
6.2403   6.24348
6.2403   6.34423
6.2403   6.25307
6.2403   6.26236
6.2403   6.31435
6.2403   6.27787
6.2403   6.33143
6.2403   6.36081
6.2403   6.38232
6.2403   6.46466
6.2403   6.40269
6.2403   6.34502
6.2403   6.30607
6.2403   6.27667
6.2403   6.33996
6.2403   6.5156
6.2403   6.52616
6.2403   6.62486
6.2403   6.40783
6.2403   6.3624
6.2403   6.42731
6.2403   6.29415
6.2403   6.28992
6.2403   6.27742
6.2403   6.37258
6.2403   6.31005
6.2403   6.30491
6.2403   6.32204
6.2403   6.33772
6.2403   6.44022
6.2403   6.41904
6.2403   6.38519
6.2403   6.3426
6.2403   6.41437
6.2403   6.30533
6.2403   6.29946
6.2403   6.27311
6.2403   6.31884
6.2403   6.31424
6.2403   6.40345
6.2403   6.36396
6.2403   6.47925
6.2403   6.39703
6.2403   6.3659
6.2403   6.49542
6.2403   6.3172
6.2403   6.24372
6.2403   6.35684
6.2403   6.27767
6.2403   6.25305
6.2403   6.37943
6.2403   6.48297
6.2403   6.44062
6.2403   6.45955
6.2403   6.39617
6.2403   6.38426
6.2403   6.38952
6.2403   6.57342
6.2403   6.39095
6.2403   6.34895
6.2403   6.38315
6.2403   6.28695
6.2403   6.27106
6.2403   6.25751
6.2403   6.3788
6.2403   6.47931
6.2403   6.58204
6.2403   6.50397
6.2403   6.49744
6.2403   6.4204
6.2403   6.56401
6.2403   6.41041
6.2403   6.28137
6.2403   6.31053
6.2403   6.36913
6.2403   6.49654
6.2403   6.49641
6.2403   6.54636
6.2403   6.4754
6.2403   6.60975
6.2403   6.43306
6.2403   6.44482
6.2403   6.33902
6.2403   6.31125
6.2403   6.45025
6.2403   6.38904
6.2403   6.29352
6.2403   6.32947
6.2403   6.32473
6.2403   6.34432
6.2403   6.3664
6.2403   6.27212
6.2403   6.35081
6.2403   6.54893
6.2403   6.44281
6.2403   6.49821
6.2403   6.53538
6.2403   6.36811
6.2403   6.34534
6.2403   6.36213
6.2403   6.29612
6.2403   6.38438
6.2403   6.34675
6.2403   6.33058
6.2403   6.31474
6.2403   6.28574
6.2403   6.26822
