-0.200502
-0.255713
-0.316407
-0.387608
-0.409307
-0.418461
-0.387813
-0.367028
-0.391384
-0.341506
-0.394661
-0.398598
-0.403316
-0.427323
-0.44983
-0.392923
-0.387045
-0.399933
-0.396402
-0.428608
-0.442167
-0.399399
-0.398669
-0.419306
-0.440203
-0.445365
-0.412706
-0.470997
-0.433978
-0.454087
-0.419312
-0.460901
-0.436261
-0.52976
-0.519298
-0.38714
-0.479255
-0.479348
-0.479439
-0.448803
-0.460229
-0.50111
-0.554328
-0.598599
-0.534757
-0.562174
-0.533213
-0.499172
-0.428978
-0.491491
-0.466475
-0.493583
-0.439468
-0.441854
-0.391336
-0.463783
-0.49146
-0.458914
-0.454153
-0.515353
-0.451134
-0.480579
-0.507412
-0.473597
-0.492756
-0.486549
-0.473018
-0.452547
-0.429816
-0.442506
-0.483125
-0.43167
-0.382436
-0.36411
-0.383758
-0.346476
-0.34917
-0.376437
-0.444603
-0.393822
-0.41813
-0.429371
-0.41165
-0.393459
-0.381033
-0.399259
-0.396666
-0.448969
-0.454957
-0.384824
-0.405816
-0.432243
-0.486937
-0.376711
-0.416913
-0.389941
-0.406049
-0.387448
-0.400004
-0.472256
-0.428356
-0.447918
-0.523757
-0.48467
-0.483122
-0.414158
-0.444066
-0.373712
-0.435278
-0.456102
-0.365241
-0.42757
-0.419801
-0.421312
-0.402911
-0.367192
-0.357826
-0.450468
-0.400213
-0.400836
-0.444852
-0.449728
-0.413932
-0.487406
-0.491417
-0.457485
-0.398365
-0.43839
-0.472211
-0.507215
-0.4466
-0.44484
-0.459238
-0.592516
-0.526547
-0.421846
-0.418942
-0.490539
-0.509792
-0.462215
-0.420217
-0.426493
-0.434567
-0.4361
-0.461442
-0.419003
-0.476808
-0.468093
-0.421255
-0.346055
-0.358648
-0.330045
-0.408456
-0.406024
-0.383774
-0.398407
-0.353331
-0.379696
-0.339389
-0.319402
-0.344211
-0.413476
-0.404048
-0.376265
-0.429128
-0.440865
-0.483528
-0.446127
-0.459158
-0.355642
-0.38912
-0.38262
-0.380314
-0.391363
-0.411541
-0.50441
-0.45858
-0.364008
-0.442236
-0.430985
-0.35501
-0.35367
-0.369868
-0.403049
-0.336323
-0.376801
-0.431892
-0.470411
-0.402345
-0.389608
-0.448998
-0.412013
-0.418219
-0.444628
-0.488989
-0.402767
-0.381667
-0.399341
-0.387845
-0.415629
-0.4533
-0.423819
-0.404348
-0.397844
-0.428827
-0.472963
-0.447739
-0.458718
-0.421775
-0.437138
-0.431994
-0.444835
-0.475616
-0.44522
-0.432235
-0.455917
-0.405792
-0.420894
-0.425891
-0.458224
-0.445197
-0.443411
-0.470511
-0.444535
-0.414323
-0.36312
-0.373182
-0.388961
-0.441636
-0.424101
-0.426561
-0.356651
-0.392781
-0.346923
-0.336945
-0.440791
-0.47477
-0.446959
-0.518858
-0.498347
-0.428229
-0.448918
-0.47826
-0.502828
-0.434492
-0.411091
-0.446452
-0.442861
-0.355469
-0.367826
-0.394996
-0.381625
-0.345126
-0.431973
-0.397567
-0.457153
-0.393423
-0.390757
-0.404441
-0.432851
-0.44507
-0.440956
-0.513278
-0.477975
-0.417909
-0.359144
-0.354198
-0.34692
-0.303178
-0.376125
-0.374743
-0.333658
-0.336046
-0.365935
-0.341859
-0.386015
-0.328939
-0.375474
-0.368382
-0.394342
-0.334653
-0.350823
-0.410336
-0.389047
-0.388761
-0.440385
-0.441176
-0.401802
-0.282766
-0.308283
-0.318658
-0.304796
-0.332104
-0.322128
-0.328633
-0.327346
-0.369548
-0.434458
-0.462179
-0.443468
-0.368094
-0.443358
-0.418739
-0.364739
-0.356227
-0.367447
-0.358398
-0.376378
-0.370418
-0.378115
-0.459457
-0.462458
-0.499218
-0.44976
-0.409396
-0.421424
-0.450476
-0.460886
-0.436125
-0.474857
-0.442122
-0.387794
-0.363953
-0.376639
-0.374567
-0.375913
-0.376369
-0.401539
-0.422376
-0.364129
-0.367961
-0.37626
-0.427036
-0.369684
-0.38847
-0.31989
-0.332641
-0.326211
-0.380956
-0.390124
-0.376863
-0.408995
-0.387943
-0.38061
-0.358472
-0.322006
-0.409006
-0.409302
-0.373775
-0.430578
-0.394237
-0.401428
-0.396869
-0.388309
-0.310322
-0.375292
-0.397444
-0.41502
-0.423077
-0.434541
-0.421599
-0.408008
-0.433489
-0.401273
-0.395296
-0.389846
-0.328156
-0.449005
-0.439445
-0.530752
-0.52303
-0.484447
-0.480187
-0.458069
-0.410268
-0.412978
-0.526733
-0.443183
-0.447595
-0.418913
-0.44458
-0.450817
-0.477651
-0.527093
-0.419824
-0.413551
-0.349506
-0.369421
-0.349514
-0.398592
-0.408006
-0.32836
-0.322235
-0.396262
-0.385185
-0.424293
-0.404879
-0.448256
-0.401555
-0.448224
-0.42257
-0.412952
-0.363041
-0.422126
-0.405584
-0.41604
-0.433615
-0.458668
-0.395672
-0.454769
-0.422508
-0.512031
-0.52681
-0.457376
-0.490121
-0.524527
-0.440631
-0.41033
-0.468438
-0.461805
-0.432978
-0.441717
-0.420249
-0.413013
-0.426127
-0.494129
-0.453442
-0.419264
-0.421459
-0.469557
-0.445765
-0.357363
-0.392501
-0.455164
-0.473614
-0.524018
-0.471154
-0.552541
-0.567874
-0.508173
-0.472449
-0.488492
-0.519273
-0.48399
-0.493445
-0.457844
-0.450089
-0.422145
-0.502967
-0.418778
-0.465744
-0.474212
-0.401443
-0.382123
-0.524476
-0.516216
-0.508459
-0.471844
-0.494389
-0.530656
-0.445182
-0.493408
-0.497875
-0.534823
-0.511142
-0.514203
-0.549214
-0.457184
-0.429504
-0.428879
-0.398141
-0.422948
-0.416053
-0.353354
-0.333492
-0.29024
-0.237689
-0.298935
-0.398015
-0.409621
-0.42624
-0.404124
-0.44237
-0.433016
-0.486864
-0.423771
-0.399087
-0.345899
-0.312595
-0.320842
-0.432608
-0.45211
-0.449955
-0.425606
-0.398552
-0.381728
-0.373931
-0.389807
-0.336495
-0.321409
-0.328007
-0.315673
-0.377686
-0.307832
-0.305532
-0.344986
-0.313721
-0.324311
-0.31631
-0.353238
-0.398834
-0.383706
-0.435655
-0.469922
-0.355415
-0.36877
-0.326158
-0.371511
-0.420208
-0.368291
-0.356845
-0.403206
-0.39429
-0.369974
-0.399574
-0.470941
-0.391365
-0.418289
-0.485997
-0.441669
-0.477933
-0.433169
-0.378194
-0.394628
-0.402672
-0.408554
-0.459378
-0.519629
-0.51893
-0.407587
-0.405322
-0.385702
-0.353438
-0.40165
-0.366328
-0.37027
-0.341155
-0.338695
-0.331737
-0.322908
-0.335509
-0.335745
-0.347033
-0.358948
-0.398349
-0.420028
-0.379326
-0.36201
-0.392211
-0.450821
-0.392684
-0.382294
-0.363401
-0.321307
-0.348698
-0.362745
-0.383768
-0.376189
-0.340258
-0.379202
-0.31912
-0.330505
-0.374322
-0.370577
-0.389538
-0.400446
-0.410537
-0.33156
-0.300352
-0.340816
-0.383445
-0.343069
-0.368487
-0.364095
-0.409878
-0.393267
-0.475117
-0.426705
-0.473342
-0.422327
-0.406326
-0.420238
-0.415666
-0.420715
-0.437019
-0.440532
-0.48972
-0.430097
-0.413295
-0.401084
-0.396502
-0.426175
-0.490568
-0.560471
-0.526489
-0.485162
-0.377255
-0.40115
-0.382843
-0.380363
-0.405894
-0.392417
-0.41521
-0.414578
-0.393555
-0.392353
-0.448648
-0.512812
-0.48236
-0.512956
-0.478246
-0.438835
-0.454258
-0.377225
-0.372137
-0.391651
-0.447877
-0.46544
-0.415467
-0.469772
-0.504215
-0.442541
-0.454647
-0.453324
-0.409925
-0.420254
-0.462111
-0.46477
-0.465875
-0.392659
-0.352759
-0.322059
-0.354977
-0.386166
-0.404339
-0.381771
-0.367191
-0.360052
-0.390433
-0.481211
-0.457897
-0.474736
-0.506195
-0.524867
-0.470777
-0.475468
-0.458652
-0.428852
-0.477676
-0.522723
-0.457673
-0.404238
-0.506701
-0.460876
-0.489485
-0.499995
-0.40685
-0.387987
-0.450035
-0.452787
-0.455451
-0.457067
-0.444367
-0.438674
-0.438102
-0.425045
-0.408144
-0.351557
-0.346629
-0.372653
-0.385184
-0.442909
-0.381766
-0.382524
-0.372745
-0.353308
-0.346124
-0.262395
-0.363795
-0.315335
-0.400953
-0.435098
-0.442223
-0.429122
-0.471432
-0.495986
-0.516593
-0.454685
-0.492376
-0.416735
-0.370113
-0.347607
-0.353034
-0.413533
-0.398243
-0.429656
-0.419814
-0.419864
-0.390093
-0.338505
-0.362218
-0.355529
-0.364477
-0.439719
-0.404214
-0.466589
-0.427688
-0.415179
-0.38746
-0.394569
-0.388706
-0.441256
-0.408903
-0.419896
-0.368305
-0.396144
-0.345393
-0.383479
-0.468638
-0.488906
-0.443923
-0.44395
-0.430964
-0.44537
-0.43766
-0.446335
-0.453364
-0.45017
-0.428898
-0.459147
-0.466568
-0.462057
-0.416866
-0.426298
-0.407308
-0.330779
-0.385528
-0.355763
-0.383109
-0.408889
-0.324025
-0.35501
-0.394639
-0.300045
-0.345042
-0.337107
-0.349263
-0.37049
-0.415738
-0.391932
-0.32957
-0.315574
-0.399047
-0.372838
-0.405842
-0.471285
-0.436552
-0.413054
-0.392433
-0.418919
-0.552679
-0.514228
-0.480525
-0.425396
-0.379607
-0.313302
-0.379309
-0.368354
-0.392487
-0.439226
-0.395634
-0.483105
-0.461769
-0.501496
-0.460697
-0.488294
-0.456803
-0.419813
-0.404561
-0.410178
-0.368918
-0.305432
-0.333537
-0.381882
-0.372469
-0.431461
-0.410131
-0.459432
-0.489117
-0.466341
-0.421393
-0.434237
-0.513628
-0.432383
-0.4681
-0.412628
-0.513674
-0.495387
-0.470531
-0.422986
-0.442626
-0.404311
-0.456291
-0.409581
-0.415056
-0.461324
-0.464528
-0.493661
-0.461219
-0.466349
-0.470743
-0.431666
-0.418906
-0.372317
-0.474628
-0.483059
-0.477042
-0.445766
-0.44405
-0.463321
-0.456562
-0.401986
-0.433668
-0.445775
-0.476487
-0.539073
-0.556019
-0.652926
-0.657302
-0.659934
-0.57916
-0.597262
-0.597206
-0.532562
-0.521978
-0.543217
-0.495622
-0.460857
-0.447221
-0.424688
-0.43433
-0.454158
-0.409214
-0.399486
-0.448776
-0.377534
-0.389087
-0.395747
-0.386474
-0.33272
-0.438806
-0.471505
-0.49249
-0.461048
-0.413227
-0.389582
-0.398499
-0.370526
-0.373323
-0.378703
-0.358155
-0.417054
-0.458468
-0.444547
-0.420425
-0.421834
-0.47747
-0.398845
-0.44247
-0.451562
-0.47643
-0.478811
-0.41483
-0.443522
-0.470895
-0.443211
-0.39973
-0.364434
-0.3467
-0.355859
-0.371042
-0.430265
-0.456227
-0.529212
-0.53427
-0.513514
-0.533801
-0.474738
-0.530339
-0.489244
-0.382043
-0.412028
-0.396148
-0.389593
-0.389458
-0.399151
-0.357021
-0.391982
-0.466278
-0.447205
-0.44717
-0.4328
-0.384364
-0.347593
-0.318077
-0.366964
-0.390463
-0.404399
-0.390695
-0.44673
-0.458046
-0.423578
-0.384243
-0.456888
-0.435078
-0.505551
-0.402757
-0.450772
-0.486686
-0.47652
-0.51811
-0.498021
-0.467925
-0.489466
-0.429775
-0.427415
-0.433228
-0.403108
-0.428363
-0.426077
-0.428666
-0.366533
-0.392275
-0.37885
-0.376549
-0.373768
-0.350937
-0.283176
-0.389904
-0.397138
-0.395735
-0.406026
-0.46776
-0.431078
-0.408315
-0.419375
-0.364766
-0.371717
-0.457563
-0.41308
-0.464767
-0.509113
-0.517823
-0.425943
-0.46139
-0.413351
-0.367438
-0.34064
-0.36433
-0.427363
-0.466064
-0.40567
-0.375222
-0.429386
-0.406534
-0.391066
-0.408563
-0.470329
-0.590149
-0.523306
-0.551885
-0.589768
-0.585405
-0.497703
-0.553272
-0.437729
-0.490827
-0.506359
-0.448569
-0.438398
-0.457337
-0.550364
-0.434529
-0.49708
-0.464278
-0.507718
-0.477623
-0.48661
-0.483208
-0.439317
