0.0645472
0.0743611
0.0403812
0.0396621
0.0420191
0.03985
0.0480767
0.0514729
0.0471152
0.0488823
0.0503154
0.0474803
0.0496838
0.0608331
0.0531287
0.0454333
0.043696
0.0409466
0.0456071
0.0343433
0.049312
0.0572267
0.0514117
0.0541315
0.038147
0.043576
0.0458259
0.0419857
0.0442037
0.0434352
0.0437713
0.0574778
0.0550526
0.0469879
0.0412112
0.0452702
0.0511121
0.0450868
0.0454899
0.040798
0.0386929
0.0579438
0.0332076
0.0329549
0.0355003
0.0400985
0.0404916
0.0430008
0.0506369
0.0461051
0.0460227
0.050489
0.0449826
0.0626775
0.0610803
0.0412617
0.054396
0.0515679
0.0416993
0.0404284
0.0519421
0.044677
0.0394705
0.0383008
0.043893
0.0415649
0.0432293
0.0503239
0.0560235
0.0553724
0.0533316
0.0548021
0.0378413
0.0419076
0.0502179
0.0515635
0.0509522
0.0448628
0.04602
0.0479067
0.0480878
0.0437278
0.0584678
0.0480754
0.0531848
0.0535105
0.0497545
0.0473302
0.0449756
0.0440342
0.0486858
0.0400265
0.0354252
0.0592972
0.0388174
0.0407677
0.0370063
0.0421867
0.0537231
0.0524838
0.0459125
0.0416813
0.0462135
0.04209
0.0421897
0.0660498
0.0380323
0.0578939
0.0561323
0.0542629
0.0496316
0.0595633
0.0568762
0.0454659
0.0505636
0.0397664
0.0450079
0.0412325
0.057226
0.0480584
0.036845
0.0334521
0.0476921
0.0408413
0.045241
0.0464722
0.0399482
0.0412512
0.0422003
0.040508
0.0450019
0.0520823
0.0447745
0.0419601
0.0463302
0.0376551
0.0473406
0.0590005
0.0615723
0.0738043
0.0598162
0.0404955
0.0508651
0.0595147
0.0620665
0.0528603
0.0410327
0.0401761
0.0489719
0.0468102
0.0404221
0.0410784
0.0470399
0.058347
0.0748476
0.0647208
0.0616231
0.0566272
0.0516445
0.0578899
0.0515658
0.0614065
0.0427197
0.0515181
0.047024
0.0447371
0.0466977
0.0382486
0.0387602
0.0540262
0.0509918
0.0459229
0.0422908
0.0423318
0.0469026
0.0414467
0.040395
0.0660945
0.0441207
0.0445056
0.0376607
0.0408421
0.0594843
0.0445876
0.0409727
0.0520219
0.0584757
0.0514007
0.0611144
0.0516428
0.0483049
0.055004
0.0454529
0.0406751
0.0350101
0.0380754
0.0429127
0.0428816
0.0457623
0.0446932
0.0335769
0.0462794
0.0533774
0.0462712
0.0398234
0.0461132
0.0474541
0.047806
0.0593886
0.0515693
0.0544287
0.0557292
0.0503067
0.0538435
0.0398259
0.0348467
0.0464698
0.0423984
0.0428502
0.0546882
0.0554587
0.0470846
0.0490165
0.0539884
0.0585089
0.0505959
0.0434142
0.0464183
0.0583337
0.0493727
0.0532845
0.0808654
0.056154
0.0587713
0.0648488
0.0411752
0.0475404
0.0417542
0.0414459
0.0351849
0.0398886
0.041725
0.0421337
0.039383
0.0528402
0.0469118
0.0591754
0.0537894
0.0562466
0.0485244
0.0499742
0.0576032
0.0585798
0.047508
0.0425133
0.0529242
0.0642431
0.04411
0.0393397
0.0540807
0.0605935
0.0633584
0.0572679
0.0516063
0.0478961
0.0525615
0.0461893
0.0389478
0.039575
0.043707
0.0454493
0.0495371
0.058321
0.0509325
0.0489139
0.0579137
0.0423286
0.0498706
0.0547137
0.0460797
0.0595264
0.052868
0.0410259
0.0448913
0.0530754
0.041784
0.0392015
0.0412433
0.0630857
0.0491407
0.0455975
0.0501019
0.0477466
0.0415
0.0454398
0.0471673
0.0465501
0.05352
0.0413121
0.0377095
0.0465107
0.0609432
0.0385129
0.0472115
0.0489932
0.0647207
0.0718301
0.0533287
0.0550975
0.0477217
0.0443837
0.0488608
0.054117
0.0654095
0.0645305
0.0458893
0.0428494
0.0390406
0.0399064
0.0372792
0.0411177
0.0528474
0.046913
0.0440223
0.0467224
0.043259
0.0481548
0.0389414
0.0358318
0.0591148
0.046358
0.0522396
0.0494243
0.0414785
0.0471206
0.0552785
0.0494343
0.0484503
0.0505003
0.0572368
0.0505732
0.0590824
0.0597456
0.0440421
0.0706139
0.0600983
0.037722
0.0384739
0.038608
0.0430564
0.0527538
0.0502133
0.0550652
0.0519588
0.0558989
0.0550004
0.0502211
0.0555194
0.0467671
0.0546965
0.0549553
0.0442017
0.063266
0.0534408
0.0474821
0.0553936
0.0418253
0.0472889
0.0498923
0.0519154
0.0408638
0.0439276
0.0504504
0.0628913
0.0522373
0.0491826
0.0437159
0.0479486
0.0624511
0.05549
0.0454723
0.0494275
0.0456194
0.0538752
0.049316
0.0462291
0.0455588
0.0362575
0.0386816
0.046058
0.0430987
0.0527228
0.0452464
0.0403985
0.0363816
0.0487021
0.0490073
0.0392988
0.0572278
0.0416611
0.0412819
0.0568691
0.0614729
0.0547104
0.0530244
0.0474237
0.0496706
0.0495806
0.0782616
0.0420657
0.0431158
0.0367954
0.040065
0.0504262
0.0488736
0.046882
0.0477897
0.0623329
0.048765
0.0420156
0.0455367
0.0457235
0.0422999
0.0563422
0.0494553
0.0460809
0.0446269
0.0476116
0.0442393
0.0477394
0.0400085
0.0720154
0.0728621
0.0476749
0.0430682
0.0457271
0.0491575
0.0422648
0.046072
0.0561395
0.056728
0.0443282
0.0490712
0.0445725
0.0505783
0.042078
0.0492126
0.0439205
0.0523048
0.0487883
0.0489249
0.0523311
0.0441938
0.0463887
0.0474677
0.0434214
0.0361658
0.052771
0.0631962
0.052029
0.0500571
0.0564805
0.0373078
0.034955
0.0347392
0.0389781
0.0420699
0.0444383
0.0381566
0.0396062
0.0611551
0.0471766
0.0509582
0.0465275
0.0438201
0.0513181
0.0776677
0.0722599
0.0528173
0.0480636
0.0437889
0.0443865
0.0489919
0.0530224
0.0441121
0.0472003
0.0451367
0.0512045
0.0483531
0.0598608
0.0530125
0.0373325
0.0419713
0.0428013
0.0501284
0.0528878
0.0451705
0.0531048
0.0521021
0.0561454
0.0463431
0.045734
0.0422559
0.06612
0.0685256
0.0480135
0.0605517
0.0416479
0.0425214
0.0459659
0.0497548
0.0602464
0.0537835
0.0473336
0.0600721
0.0513228
0.0516285
0.0433298
0.0410287
0.0455245
0.0407744
0.0459035
0.0523983
0.0553245
0.0530422
0.0526475
0.0600756
0.0572019
0.0479695
0.0522508
0.0457616
0.0495258
0.0451018
0.0466879
0.0503368
0.0518619
0.0534066
0.0485573
0.041231
0.0551369
0.0518331
0.0518203
0.0433131
0.0410247
0.0592325
0.0402071
0.0389807
0.049516
0.0445629
0.0542265
0.0422099
0.0417864
0.0494834
0.0484235
0.0463227
0.0384874
0.0514322
0.0571597
0.0472882
0.0502982
0.0495155
0.043314
0.0445172
0.0542887
0.0455916
0.0515545
0.043331
0.0393139
0.0398066
0.049154
0.0597042
0.0538181
0.0472292
0.0413829
0.0405498
0.0340092
0.0378859
0.0433769
0.0595151
0.0415922
0.0407209
0.0460293
0.0456839
0.0470326
0.0440154
0.040212
0.0582355
0.0587169
0.039546
0.0403077
0.0357979
0.0504028
0.0601488
0.054942
0.036774
0.036317
0.0479453
0.0656747
0.0498175
0.0598854
0.0596975
0.0557146
0.0388714
0.0402499
0.0504291
0.0462532
0.038906
0.0431736
0.0523783
0.0486012
0.0418297
0.0461121
0.0545104
0.0505974
0.0491388
0.0436863
0.0386486
0.0403849
0.0436618
0.0360101
0.0352148
0.0472161
0.0508764
0.0583671
0.0412606
0.0442806
0.0522996
0.0352923
0.0487041
0.0442275
0.0571662
0.0534219
0.0440263
0.0552658
0.0528424
0.0481581
0.0484586
0.0523936
0.0440122
0.0509769
0.0618533
0.0527248
0.0433881
0.0473262
0.0466754
0.0506864
0.0453091
0.0623267
0.069314
0.0584668
0.0647473
0.0567117
0.0401837
0.0481792
0.0392282
0.0494149
0.0431311
0.0430471
0.0405069
0.036263
0.0427672
0.0507162
0.0472709
0.0423874
0.0497239
0.0442401
0.0381984
0.0467403
0.044413
0.0430579
0.043067
0.0442026
0.0554702
0.0537086
0.0478741
0.0527232
0.0544026
0.0456968
0.0482208
0.0482558
0.0465792
0.0428722
0.0559461
0.0514514
0.045043
0.0480114
0.0470188
0.0651844
0.0443064
0.0535037
0.0572513
0.0567831
0.0522369
0.0482861
0.0429935
0.0384753
0.0421709
0.0559845
0.0486854
0.0462353
0.0407086
0.0681167
0.0515301
0.0481791
0.0495818
0.0464571
0.045313
0.0350127
0.0393464
0.0464833
0.0401948
0.0419427
0.0447206
0.0382075
0.0521672
0.0367816
0.0451236
0.0539108
0.050822
0.0532161
0.0585589
0.0394789
0.0351313
0.050403
0.0475839
0.0456531
0.04628
0.0440546
0.0401573
0.0431409
0.039826
0.04395
0.0442841
0.0437056
0.0466883
0.0443594
0.0449623
0.0492634
0.0529012
0.0511079
0.0409883
0.0431859
0.0442516
0.0444421
0.0460771
0.072247
0.0738365
0.0494786
0.0508306
0.0554146
0.0632377
0.0518116
0.05477
0.0475004
0.056933
0.0695933
0.0468709
0.0479619
0.0450646
0.0469265
0.0440308
0.0413387
0.0434214
0.0555361
0.0538089
0.0436791
0.0563138
0.0465346
0.0468764
0.0525071
0.0375638
0.0372967
0.0470161
0.0470011
0.0543678
0.0605571
0.0452269
0.0407668
0.0401873
0.0502691
0.0527592
0.0428331
0.0508046
0.0546541
0.056591
0.0392696
0.0485533
0.066043
0.0445854
0.0460935
0.0494124
0.0559362
0.0440478
0.0462279
0.0400355
0.0545806
0.0595281
0.0474987
0.0436785
0.0363972
0.0437698
0.0473352
0.0438519
0.0592913
0.0519868
0.0434858
0.0374646
0.049869
0.0401148
0.0588024
0.0413162
0.0461101
0.0381813
0.0466995
0.0562837
0.0454078
0.0446833
0.036214
0.0413163
0.0393852
0.051926
0.0360833
0.0408841
0.0410063
0.03537
0.0417691
0.0483826
0.0493497
0.0375437
0.0414216
0.0400257
0.0694552
0.0576543
0.0688734
0.0733641
0.0594324
0.0471019
0.035607
0.0273396
0.0338527
0.0398408
0.047249
0.037833
0.037416
0.0447414
0.0391933
0.0435243
0.0433452
0.0363873
0.0518883
0.0520879
0.055624
0.0419415
0.0475406
0.0553996
0.0582625
0.0447476
0.0388906
0.0459552
0.054033
0.0655518
0.0537893
0.0439056
0.0466969
0.0423918
0.0580307
0.0460844
0.0421848
0.0409032
0.0345676
0.049677
0.0555626
0.053866
0.0438964
0.0435583
0.0634383
0.0510567
0.0469126
0.0473785
0.052573
0.0515284
0.0442003
0.0475045
0.037169
0.0405582
0.0519006
0.0444059
0.053701
0.0509219
0.0441573
0.0543301
0.0454727
0.0467474
0.0384543
0.0351142
0.0493936
0.0430891
0.0497869
0.0359931
0.0463821
0.0593818
0.0518255
0.0629922
0.0590255
0.0480138
0.0424628
0.0412071
0.0441916
0.0450273
0.0477056
0.0459506
0.0533532
0.0457061
0.0456322
0.0443748
0.0486159
0.045439
0.0501102
0.0466252
0.0512503
0.0431125
0.0487792
0.0474771
0.0525248
0.0647411
0.053059
0.0444216
0.0515274
0.053245
0.0396083
0.0496004
0.0417509
0.0599892
0.0399159
0.0473255
0.0423572
0.0365957
0.0498708
0.063427
0.0548067
0.051327
0.0501709
0.0405006
0.0382002
0.0442216
0.0418137
0.0545245
0.0729441
0.0395751
0.0410826
0.036484
0.0445216
0.0391548
0.0371466
0.048149
0.0447853
0.0555446
0.0438678
0.039745
0.0418872
0.0440479
0.0517469
0.0492861
0.0503684
0.0385582
0.054818
0.0675015
0.0541201
0.0483266
0.0530585
0.0508694
0.0528928
0.0521573
0.0413479
0.0456769
0.0455616
0.0387213
0.049299
0.0441482
0.0452861
0.0383625
0.0427772
0.0415823
0.0515853
0.0423475
0.0462401
0.0420695
0.0471523
0.0393771
0.043176
0.0499375
0.0365349
0.0589225
0.0334142
0.0510193
0.0445124
0.0470299
0.0433115
0.0460933
0.0546502
