           1   -0.423006   -0.423006           0
           2   -0.412703   -0.417854  0.00515143
           3    -0.41292   -0.416209  0.00339867
           4   -0.414834   -0.415865  0.00242771
           5   -0.418247   -0.416342  0.00193988
           6   -0.418811   -0.416753  0.00163648
           7   -0.414924   -0.416492  0.00140754
           8   -0.411544   -0.415873   0.0013669
           9    -0.40882    -0.41509  0.00143783
          10   -0.418937   -0.415474  0.00134235
          11   -0.419554   -0.415845  0.00126957
          12   -0.417426   -0.415977  0.00116642
          13   -0.411015   -0.415595  0.00113881
          14   -0.419507   -0.415875  0.00109073
          15   -0.416001   -0.415883  0.00101545
          16   -0.414328   -0.415786 0.000954824
          17   -0.417596   -0.415892 0.000903199
          18   -0.412759   -0.415718 0.000869152
          19   -0.414415    -0.41565 0.000824992
          20    -0.41602   -0.415668 0.000782875
          21   -0.419125   -0.415833 0.000762634
          22   -0.415544    -0.41582 0.000727261
          23   -0.410203   -0.415576 0.000736588
          24   -0.412059   -0.415429 0.000720287
          25    -0.40846    -0.41515 0.000745002
          26   -0.413305   -0.415079 0.000719284
          27   -0.411659   -0.414953 0.000703631
          28   -0.410537   -0.414795 0.000696133
          29   -0.411061   -0.414666  0.00068393
          30   -0.422552   -0.414929 0.000711101
          31   -0.411746   -0.414826 0.000695405
          32   -0.407909    -0.41461 0.000707167
          33   -0.412593   -0.414549 0.000688123
          34   -0.410632   -0.414434 0.000677445
          35   -0.417317   -0.414516 0.000662941
          36    -0.41399   -0.414502 0.000644428
          37   -0.408931   -0.414351 0.000644595
          38   -0.411018   -0.414263 0.000633504
          39   -0.414211   -0.414262 0.000617048
          40   -0.413137   -0.414234 0.000602081
          41   -0.410612   -0.414146 0.000593819
          42   -0.416278   -0.414196 0.000581729
          43    -0.41806   -0.414286 0.000575103
          44   -0.411518   -0.414223 0.000565393
          45   -0.407236   -0.414068  0.00057408
          46   -0.417701   -0.414147  0.00056699
          47    -0.40947   -0.414047 0.000563649
          48   -0.412686   -0.414019  0.00055251
          49   -0.417943   -0.414099 0.000547012
          50   -0.420116    -0.41422 0.000549301
          51   -0.420987   -0.414352 0.000554533
          52   -0.412024   -0.414307 0.000545605
          53   -0.414091   -0.414303 0.000535227
          54   -0.412843   -0.414276 0.000525918
          55   -0.414686   -0.414284 0.000516321
          56    -0.41632    -0.41432 0.000508319
          57   -0.406055   -0.414175 0.000519952
          58   -0.405815   -0.414031 0.000530851
          59   -0.415551   -0.414057 0.000522411
          60   -0.412696   -0.414034 0.000514132
          61   -0.416518   -0.414075  0.00050727
          62    -0.41057   -0.414018 0.000502212
          63   -0.409389   -0.413945  0.00049961
          64   -0.418945   -0.414023 0.000497911
          65   -0.419923   -0.414114 0.000498523
          66   -0.412763   -0.414093 0.000491339
          67   -0.412728   -0.414073 0.000484378
          68   -0.413654   -0.414067 0.000477242
          69   -0.419594   -0.414147 0.000477048
          70   -0.416973   -0.414187 0.000471914
          71   -0.414916   -0.414197 0.000465333
          72   -0.411846   -0.414165 0.000459985
          73    -0.41274   -0.414145 0.000454059
          74   -0.414241   -0.414147 0.000447883
          75   -0.414154   -0.414147 0.000441871
          76   -0.418904   -0.414209 0.000440489
          77   -0.410353   -0.414159 0.000437607
          78   -0.415241   -0.414173 0.000432182
          79   -0.416067   -0.414197  0.00042735
          80    -0.41563   -0.414215 0.000422354
          81   -0.414216   -0.414215 0.000417107
          82   -0.418385   -0.414266 0.000415115
          83    -0.41516   -0.414277 0.000410225
          84   -0.416217     -0.4143  0.00040597
          85   -0.412043   -0.414273 0.000402043
          86   -0.408744   -0.414209 0.000402509
          87   -0.411964   -0.414183 0.000398691
          88   -0.413463   -0.414175  0.00039422
          89   -0.412243   -0.414153 0.000390369
          90   -0.411322   -0.414122 0.000387287
          91   -0.420503   -0.414192 0.000389375
          92   -0.409025   -0.414136 0.000389193
          93   -0.407841   -0.414068 0.000390889
          94   -0.414152   -0.414069  0.00038671
          95   -0.410733   -0.414034 0.000384225
          96   -0.418991   -0.414085 0.000383692
          97   -0.415379   -0.414099  0.00037995
          98   -0.410792   -0.414065 0.000377563
          99    -0.41487   -0.414073 0.000373818
         100   -0.415713   -0.414089 0.000370425
