           1   0.0489147   0.0489147           0
           2   0.0491739   0.0490443 0.000129617
           3   0.0488973   0.0489953 8.94356e-05
           4   0.0490833   0.0490173 6.69556e-05
           5   0.0486298   0.0489398 9.32498e-05
           6   0.0490205   0.0489533 7.73184e-05
           7    0.048742   0.0489231 7.19796e-05
           8   0.0488427    0.048913 6.31403e-05
           9   0.0493076   0.0489569 7.08756e-05
          10   0.0485894   0.0489201 7.32727e-05
          11   0.0488194    0.048911 6.69071e-05
          12    0.048858   0.0489066 6.12366e-05
          13   0.0492562   0.0489335 6.24212e-05
          14   0.0489005   0.0489311 5.78386e-05
          15   0.0491488   0.0489456 5.57665e-05
          16   0.0491397   0.0489577 5.35565e-05
          17   0.0488343   0.0489505 5.08289e-05
          18   0.0492233   0.0489656 5.02616e-05
          19    0.049226   0.0489793 4.94788e-05
          20   0.0488817   0.0489745 4.71928e-05
          21   0.0487833   0.0489654 4.58032e-05
          22   0.0489799    0.048966 4.36766e-05
          23   0.0492036   0.0489764 4.29939e-05
          24   0.0489481   0.0489752 4.11804e-05
          25   0.0492699    0.048987 4.12205e-05
          26   0.0490328   0.0489887 3.96425e-05
          27   0.0490578   0.0489913 3.82318e-05
          28   0.0488234   0.0489853 3.73259e-05
          29    0.049041   0.0489872  3.6067e-05
          30   0.0490746   0.0489901 3.49655e-05
          31   0.0494226   0.0490041 3.65839e-05
          32   0.0491168   0.0490076 3.55969e-05
          33   0.0494881   0.0490222 3.74477e-05
          34   0.0490831   0.0490239 3.63738e-05
          35    0.048727   0.0490155 3.63238e-05
          36   0.0492107   0.0490209 3.57147e-05
          37   0.0493005   0.0490284 3.55485e-05
          38   0.0491991   0.0490329 3.48905e-05
          39   0.0491413   0.0490357 3.40976e-05
          40   0.0493506   0.0490436 3.41541e-05
          41    0.049195   0.0490473 3.35148e-05
          42   0.0486601   0.0490381 3.39816e-05
          43   0.0487545   0.0490315 3.38307e-05
          44   0.0493479   0.0490387 3.38262e-05
          45   0.0487785   0.0490329 3.35676e-05
          46    0.049233   0.0490372 3.31169e-05
          47    0.049169     0.04904 3.25256e-05
          48   0.0492561   0.0490445 3.21574e-05
          49   0.0486935   0.0490374 3.22986e-05
          50   0.0487619   0.0490319 3.21219e-05
          51   0.0490074   0.0490314 3.14894e-05
          52   0.0490063   0.0490309 3.08816e-05
          53   0.0487497   0.0490256 3.07545e-05
          54   0.0488751   0.0490228 3.03079e-05
          55    0.048881   0.0490202 2.98633e-05
          56   0.0487156   0.0490148 2.98253e-05
          57   0.0494887   0.0490231 3.04541e-05
          58   0.0490094   0.0490229 2.99253e-05
          59   0.0486606   0.0490167 3.00479e-05
          60   0.0492101   0.0490199 2.97182e-05
          61   0.0486421   0.0490138  2.9876e-05
          62   0.0494547   0.0490209 3.02383e-05
          63   0.0493521   0.0490261 3.02155e-05
          64   0.0488675   0.0490236 2.98428e-05
          65   0.0488762   0.0490214 2.94675e-05
          66   0.0489687   0.0490206 2.90286e-05
          67   0.0491388   0.0490223 2.86465e-05
          68   0.0487343   0.0490181 2.85382e-05
          69   0.0491077   0.0490194 2.81516e-05
          70   0.0490899   0.0490204 2.77648e-05
          71   0.0495618    0.049028 2.84131e-05
          72   0.0492482   0.0490311  2.8182e-05
          73   0.0491532   0.0490328 2.78436e-05
          74   0.0492282   0.0490354 2.75914e-05
          75   0.0488786   0.0490333 2.73013e-05
          76   0.0484008    0.049025 2.81961e-05
          77   0.0492066   0.0490274 2.79273e-05
          78   0.0489087   0.0490258 2.76089e-05
          79   0.0487402   0.0490222 2.74958e-05
          80   0.0486871    0.049018 2.74712e-05
          81   0.0492994   0.0490215 2.73515e-05
          82   0.0489511   0.0490206 2.70295e-05
          83   0.0489693     0.04902  2.6709e-05
          84   0.0489131   0.0490188 2.64198e-05
          85    0.049073   0.0490194 2.61149e-05
          86   0.0493286    0.049023 2.60587e-05
          87   0.0491437   0.0490244 2.57948e-05
          88   0.0489341   0.0490233 2.55206e-05
          89   0.0490034   0.0490231 2.52333e-05
          90   0.0491295   0.0490243 2.49793e-05
          91   0.0486135   0.0490198 2.51123e-05
          92    0.049507   0.0490251 2.53962e-05
          93   0.0489092   0.0490238 2.51525e-05
          94   0.0483243   0.0490164 2.59726e-05
          95   0.0488092   0.0490142 2.57902e-05
          96   0.0487239   0.0490112 2.56987e-05
          97   0.0492773   0.0490139 2.55799e-05
          98   0.0493565   0.0490174 2.55577e-05
          99   0.0488857   0.0490161 2.53332e-05
         100   0.0485079    0.049011 2.55884e-05
