100 0 0 0
100 0.0646330407 0 0
100 0.1292660814 0 0
100 0.1938991221 0 0
100 0.2585321628 0 0
100 0.3231652035 0 0
100 0.3877982442 0 0
100 0.4524312849 0 0
100 0.5170643256 0 0
100 0.5816973663 0 0
100 0.646330407 0 0
100 0.7109634477 0 0
100 0.7755964884 0 0
100 0.8402295291 0.0009279578163 7.557247102e-05
100 0.9048625698 0.148548973 0.0008695030287
100 0.9694956105 1.063274439 0.002356655251
100 1.034128651 2.038620814 0.003600639749
100 1.098761692 2.261572449 0.004353749355
100 1.163394733 2.084292589 0.003531317226
100 1.228027773 1.834647567 0.002669165613
100 1.292660814 1.616248019 0.002643637864
100 1.357293855 1.456436474 0.002198325439
100 1.421926895 1.333835721 0.002344643523
100 1.486559936 1.248843423 0.001838617501
100 1.551192977 1.190471832 0.001834387272
100 1.615826018 1.146081059 0.001591162759
100 1.680459058 1.111058643 0.00153046834
100 1.745092099 1.089912184 0.001490361812
100 1.80972514 1.073257997 0.001307742484
100 1.87435818 1.065430282 0.001347930229
100 1.938991221 1.059650759 0.001555608431
100 2.003624262 1.057227946 0.001128028176
100 2.068257302 1.053601891 0.00120936684
100 2.132890343 1.053229668 0.001151307668
100 2.197523384 1.048413858 0.001059463449
100 2.262156425 1.041523641 0.001078861893
100 2.326789465 1.035892342 0.001049486858
100 2.391422506 1.031492287 0.0009699756831
100 2.456055547 1.026431492 0.00103293252
100 2.520688587 1.020829814 0.0008524729982
100 2.585321628 1.01722353 0.001086702745
100 2.649954669 1.014378086 0.0008241989599
100 2.714587709 1.011528525 0.00084977878
100 2.77922075 1.008423983 0.0009471019189
100 2.843853791 1.004707175 0.0008178262332
100 2.908486832 1.003617569 0.000841869721
100 2.973119872 1.001685848 0.0007704844857
100 3.037752913 1.00156128 0.0007666414269
100 3.102385954 0.9990650243 0.0007004557414
100 3.167018994 0.9982815304 0.0006846697091
100 3.231652035 0.9965851034 0.0006700096166
100 3.296285076 0.9954667156 0.0006880785291
100 3.360918116 0.9947868089 0.0006394650452
100 3.425551157 0.9931358192 0.0006344571281
100 3.490184198 0.9938973073 0.0005959097816
100 3.554817239 0.9921164736 0.0006637202235
100 3.619450279 0.9925965493 0.0006336876104
100 3.68408332 0.9912175286 0.0005295022389
100 3.748716361 0.9914814781 0.000605443107
100 3.813349401 0.9908405812 0.0005616131547
100 3.877982442 0.9903673869 0.0005702042796
100 3.942615483 0.9897446599 0.0006003065714
100 4.007248523 0.989061978 0.0005828252958
100 4.071881564 0.9889983349 0.0004815508198
100 4.136514605 0.9888065939 0.0004851051185
100 4.201147646 0.9887194624 0.0004442957013
100 4.265780686 0.9883378302 0.0004791675371
100 4.330413727 0.9886756956 0.0004504816396
100 4.395046768 0.9885912139 0.0004305313292
100 4.459679808 0.9874699966 0.0004960931936
100 4.524312849 0.9873328695 0.0004499813875
100 4.58894589 0.9871704308 0.0004959547539
100 4.65357893 0.9882190131 0.000449151377
100 4.718211971 0.9867122052 0.0004301001101
100 4.782845012 0.9865050084 0.0004430079645
100 4.847478053 0.9869435614 0.0005034874221
100 4.912111093 0.98556079 0.0004265691035
100 4.976744134 0.9866255081 0.0004286678146
100 5.041377175 0.9862496257 0.0004698278305
100 5.106010215 0.9862784317 0.0004073162389
100 5.170643256 0.9862733918 0.0004254892357
100 5.235276297 0.9865925049 0.0004050014537
100 5.299909337 0.9859864013 0.0003810618064
100 5.364542378 0.9860612972 0.0003819098969
100 5.429175419 0.9860786261 0.0003945209699
100 5.49380846 0.9863259811 0.0003777706827
100 5.5584415 0.9862671684 0.0003539701939
100 5.623074541 0.986034005 0.0003389737017
100 5.687707582 0.9864009258 0.0003632389777
100 5.752340622 0.9862501087 0.0004158063503
100 5.816973663 0.9857335049 0.0003639995199
100 5.881606704 0.9853913881 0.000382105064
100 5.946239744 0.9862535154 0.0003815800762
100 6.010872785 0.9859144303 0.0002978924331
100 6.075505826 0.9855385288 0.0003857893827
100 6.140138867 0.9860772841 0.000353155113
100 6.204771907 0.9860108641 0.0003246937066
100 6.269404948 0.9859680919 0.0003201569617
100 6.334037989 0.9861145948 0.0003009626407
100 6.398671029 0.9858989403 0.0003372717063
