-3.86878
-3.29991
-2.78138
-2.45915
-2.11634
-1.37082
-0.841837
-0.367087
-0.226485
-0.374841
-0.42109
-0.485929
-0.591292
-0.528655
-0.260381
-0.208456
-0.353502
0.272929
0.124401
0.869948
0.245623
0.125468
-0.117119
-0.329119
-0.718402
-0.366826
-0.211565
-0.416427
-0.529673
-0.892808
-0.632164
-0.889296
-0.575106
-0.284261
-0.608496
-0.287052
0.0807514
-0.058086
-0.254684
-0.522649
-0.658387
-0.512759
-0.548902
-0.359053
-0.527371
-0.977734
-0.808376
-1.05646
-0.91179
-1.04524
-0.794246
-0.646735
-0.723389
-0.378679
-0.713229
-0.236088
-0.391107
-0.0607
-0.705816
-0.406977
-0.373087
-0.0324555
0.375007
0.409456
0.569309
0.434004
0.573101
0.678172
0.652021
0.647909
0.583274
0.867145
0.816786
0.274269
0.348424
0.623947
0.439416
-0.484452
-0.666255
-0.751884
-0.568818
0.100873
-0.0319238
0.23461
0.643742
0.276378
-0.0578633
-0.0917152
0.364009
0.415356
0.71119
0.802805
0.810471
0.527474
0.265905
0.0923399
0.551563
0.490299
0.526372
0.271265
0.607253
0.669715
0.602172
0.289183
0.408107
0.726305
0.71636
0.817098
1.12469
0.921963
0.278218
0.152643
-0.114345
0.249712
0.00753409
-0.253876
-0.478214
-0.340295
-0.101978
-0.211305
0.0294038
-0.146642
0.256512
0.327267
0.173634
0.211353
0.148092
0.478832
0.481808
-0.06865
-0.11175
0.0949833
0.0761078
0.0169033
0.233126
0.22424
0.417305
0.335229
0.631029
0.915802
1.0176
1.02911
0.96265
1.02154
1.40159
1.35309
1.54045
1.10261
1.26939
1.30135
1.24922
1.20007
1.01546
1.7295
1.18512
0.819929
0.829736
0.430211
0.633681
0.545761
-0.0405364
0.419356
0.528984
0.280474
0.401372
0.364378
0.872465
0.864445
0.79506
1.09903
0.862818
1.31105
0.931921
0.897758
0.566896
0.484244
0.630185
0.2899
0.361572
0.241227
0.490203
0.471983
0.349259
0.856763
0.486479
0.783264
0.750647
0.504159
0.733069
0.339341
0.561584
0.578789
0.648748
0.289938
0.734511
0.487237
1.41361
0.637048
0.504843
0.564371
0.831716
0.618554
0.674138
0.778585
0.621848
1.03006
0.731484
0.946676
0.997095
1.11944
0.949621
1.12858
1.55913
1.80446
2.18047
2.02189
1.50885
1.62546
1.30618
0.997892
0.404028
0.382901
0.299281
0.620241
0.791612
0.853611
1.11757
1.45519
1.54732
1.43346
1.39405
1.25275
1.54867
1.21935
1.14119
1.0032
1.04199
1.32589
1.37784
1.3007
0.683454
0.962544
0.77992
0.621037
0.51415
0.61424
0.633139
0.437585
0.820174
0.825219
1.23854
1.41318
1.25944
1.18908
0.852119
0.900916
0.948705
1.16412
0.987603
0.852791
0.909012
0.898741
1.05305
1.4723
1.54058
1.31436
1.45464
1.45875
1.37864
1.48339
1.47634
1.68334
1.73972
1.16147
1.16384
1.03764
0.952876
1.08779
1.56651
1.4716
1.47898
1.31023
1.15063
1.30487
0.914577
1.22986
1.13805
1.5805
1.79117
1.13447
1.26649
1.09163
1.55223
1.15302
1.84247
1.82257
1.97375
2.6503
2.6584
1.80838
1.29324
1.68948
1.76515
2.44779
2.24032
1.86069
1.86358
2.14325
2.29845
2.21665
2.21627
1.66674
1.56184
1.99981
1.94823
1.42747
1.65003
1.389
1.25409
1.09332
1.21209
1.16277
1.34759
1.3798
1.49336
1.07864
1.09765
1.42299
1.54533
1.22168
1.33174
1.27508
1.33908
0.860474
1.22977
1.30692
1.34131
1.33936
1.42943
1.02725
1.00917
1.13096
1.49962
1.17388
1.20878
0.762419
1.00218
1.19168
0.975777
0.887023
1.00161
1.21996
1.1279
1.64394
1.89124
1.29368
1.22011
1.17579
1.59188
1.57412
1.55905
1.92499
1.24807
1.14472
1.12673
1.20608
1.73639
1.18622
1.20003
1.48635
1.71759
1.63417
1.37035
0.77929
1.14458
0.985382
0.728073
1.10703
1.05331
0.993854
0.928932
1.03068
1.28064
1.28488
1.39801
1.25285
1.37622
1.66596
1.49486
1.04792
1.50297
1.59876
1.24876
1.67358
1.19486
1.13735
1.02093
1.18213
0.819807
1.19832
1.05835
1.24188
0.911848
0.793701
0.352751
0.549273
0.867445
0.794764
0.695601
0.655114
0.790035
0.921768
0.652901
0.546542
1.34594
0.979482
1.25677
0.924576
1.39299
1.17343
1.08491
0.85572
0.942744
1.21289
0.925425
1.26044
1.27995
1.53683
1.36772
0.880681
0.821962
1.32694
1.0871
1.03469
0.732091
0.922794
0.976988
0.95136
0.804919
0.751461
0.773107
0.873408
0.801443
0.631845
0.93624
0.543601
0.38032
0.157292
0.716647
1.05779
1.09792
1.09389
0.510988
0.58779
0.831394
1.13376
1.15373
1.51297
1.30333
1.43668
1.39981
1.19585
1.4099
0.730538
0.707844
0.796696
0.834824
0.72613
0.627503
0.796939
1.00095
1.18058
0.890532
0.856714
0.852569
1.21982
1.28501
0.743396
1.09938
0.971855
1.12092
1.49089
1.44107
1.37052
1.44165
1.10281
1.33464
1.00827
1.35214
1.29627
0.836244
1.48345
1.37613
1.17071
1.37326
1.33897
0.849978
1.0206
1.04867
1.16674
1.10718
0.973952
0.848713
0.924362
1.10193
1.17122
1.01936
0.695927
0.867416
0.822468
1.14987
1.43804
1.38408
1.2524
1.42938
0.960482
1.22563
0.671912
0.879676
1.0274
1.68839
2.04833
1.83446
1.51072
1.52386
1.63854
1.16473
0.860493
0.821581
0.637503
0.541583
0.832305
0.691882
0.84865
0.996858
1.29793
1.20267
1.0191
1.09062
0.760378
0.809968
0.642981
0.935888
0.886749
0.876541
0.817724
0.838311
1.36624
1.25951
1.25866
1.2656
1.81999
1.81815
1.90192
2.22711
1.43816
1.17641
0.95099
1.3176
1.31019
1.36456
1.32281
1.26203
1.63267
1.63653
1.213
1.50157
1.30748
1.52974
1.11278
1.07461
1.09841
1.0244
1.46459
1.275
1.64317
1.70723
1.47377
1.99521
2.01847
1.96921
2.29916
2.33005
2.64328
2.44893
2.7044
2.70949
2.70692
2.30844
2.56045
2.6378
2.34631
2.29249
1.85041
1.84487
1.5115
1.8621
1.73283
1.6093
1.39898
1.46263
1.42592
1.44435
1.73136
1.78419
2.00483
1.81716
2.17938
2.41033
2.42863
2.31394
2.32581
2.50756
2.11329
2.22035
2.37302
2.44345
2.14733
2.22052
2.03602
2.14321
1.90097
1.75927
1.78553
1.32841
1.68326
1.86262
1.99011
1.65907
1.57298
1.55645
1.76419
1.89808
1.25664
1.74437
1.65667
1.76953
1.54987
1.99135
1.74423
2.19206
2.04016
1.69669
1.97244
1.82952
1.76457
1.61504
1.69554
1.62314
1.58729
1.83355
1.91661
2.18283
2.15297
1.70514
2.2579
2.44306
1.93089
1.69454
1.7789
1.59373
1.48208
1.58761
1.41871
1.76637
1.61968
1.48698
1.73705
1.55999
1.31249
1.21447
1.3677
0.902328
1.30988
1.32014
1.24002
1.27033
1.26175
1.16214
1.56689
1.30449
0.944099
1.28545
1.69778
1.34968
1.40656
1.27102
1.15109
0.990808
1.22596
1.19878
1.2024
0.88908
1.23218
1.20882
1.36943
1.28651
1.47287
0.890235
1.19657
1.15783
1.29071
1.1899
1.26513
1.0653
1.00585
0.988003
1.42002
1.20607
0.956552
1.19288
1.26649
1.55208
1.28292
1.66737
1.56497
1.8004
1.75911
1.82391
1.84283
1.70154
1.14121
0.889148
1.05539
1.87847
1.80696
1.45193
0.947297
1.18906
1.69572
1.40978
1.21399
0.997401
1.13697
0.812516
0.517187
0.326843
0.182539
0.309542
0.456675
0.729819
0.580227
0.672303
0.62186
0.159855
0.634545
0.589766
0.635122
0.484738
0.200152
0.631828
0.794893
1.00874
0.630206
0.43331
0.916536
0.778966
0.764102
0.827518
0.62168
0.64992
0.524331
0.249657
0.454246
0.384419
0.342143
0.500274
0.897061
0.966423
1.02323
0.969816
1.12751
1.01763
0.579056
0.335832
0.598475
0.618538
1.54866
1.80076
1.81469
1.73241
1.61501
1.9237
1.34407
1.17123
1.0871
1.37738
1.55385
1.06448
1.20652
1.18692
0.670532
0.959572
1.02288
1.18819
1.57474
1.35324
1.483
1.68817
1.2888
1.62266
1.55442
1.27338
1.09072
1.12626
1.29117
1.04473
1.00571
0.987552
1.07906
1.57824
1.71532
1.78325
1.66291
1.74718
1.12863
1.039
0.689561
1.17713
1.50309
1.44518
1.39292
1.30984
1.43727
1.44383
1.31404
1.28676
1.72694
1.47525
1.65122
1.57969
1.31723
1.22601
1.09171
1.42458
1.00913
0.796107
0.943034
1.07547
1.0334
1.08862
0.908034
0.942393
1.01955
0.679446
1.34226
0.909136
1.29578
1.40762
1.08832
1.42233
1.29957
1.52868
1.21233
1.24542
0.840491
0.926652
1.04855
0.947832
1.40384
1.47748
1.561
1.51985
1.37982
1.1177
0.865639
1.08166
1.52949
1.32343
1.2588
0.990305
1.34692
1.77557
1.06144
0.739596
0.761763
1.15675
0.826461
0.973783
0.806941
0.860144
1.05332
0.536979
0.780453
1.03472
1.35115
1.09875
1.06339
1.00324
0.810944
1.29019
1.00607
0.90879
0.873602
0.918643
0.605769
0.651628
0.739883
0.762501
0.874208
0.839352
0.63771
0.667153
0.58908
0.657162
1.31224
1.20349
0.987677
1.06295
1.08247
1.00235
1.56371
0.847327
0.560144
0.883003
0.783599
1.0662
1.58065
1.8978
2.22196
2.18461
1.93477
1.71927
1.61307
1.75216
1.67351
1.66546
1.59481
1.28057
1.52972
1.55472
1.55592
0.98115
1.09743
1.15852
1.10081
1.12137
1.12224
1.13747
1.2725
1.74247
1.86894
1.35883
1.23448
1.15349
0.91549
1.32472
1.2969
1.09834
1.56777
1.57392
1.53597
1.78772
1.93657
1.47449
1.10539
1.29648
1.89947
2.21711
1.80194
1.99483
2.03661
2.09166
1.62069
1.19113
1.07345
1.12978
1.53513
0.935857
1.03415
0.601476
0.705514
1.06791
0.833845
1.25821
1.08121
1.09143
1.08189
1.69958
1.3935
1.25388
1.27138
1.09401
1.72725
1.32544
1.38969
1.75105
1.9393
2.11246
1.43934
1.29743
1.25061
1.56576
1.61894
1.22973
1.04605
0.955483
0.748174
0.814788
1.26128
