           1     1.31017     1.31017           0
           2     1.42474     1.36745   0.0572869
           3     1.38052     1.37181     0.03336
           4     1.43867     1.38852   0.0289111
           5     1.51826     1.41447   0.0342747
           6     1.54318     1.43592   0.0352608
           7      1.3685     1.42629   0.0313186
           8      1.3065     1.41131   0.0309817
           9      1.3214     1.40132   0.0290925
          10     1.32682     1.39387   0.0270668
          11     1.39098     1.39361   0.0244842
          12     1.33686     1.38888   0.0228458
          13     1.34241     1.38531   0.0213169
          14     1.37145     1.38432   0.0197604
          15     1.35707      1.3825   0.0184854
          16      1.3336     1.37944   0.0175595
          17     1.39397      1.3803   0.0165164
          18     1.57635     1.39119   0.0190029
          19     1.44759     1.39416   0.0182184
          20     1.39771     1.39434   0.0172844
          21     1.41711     1.39542   0.0164765
          22     1.41293     1.39622   0.0157299
          23     1.41917     1.39721   0.0150635
          24     1.41038     1.39776   0.0144326
          25      1.4812      1.4011   0.0142399
          26     1.43108     1.40225   0.0137298
          27     1.36494     1.40087   0.0132836
          28      1.4035     1.40097   0.0128007
          29     1.45526     1.40284   0.0124925
          30     1.44752     1.40433   0.0121605
          31     1.52924     1.40836   0.0124328
          32     1.42644     1.40892   0.0120512
          33     1.40041     1.40866   0.0116832
          34     1.48384     1.41087    0.011548
          35      1.5001     1.41342   0.0114993
          36     1.38433     1.41262   0.0112045
          37     1.33883     1.41062   0.0110784
          38      1.4598     1.41192   0.0108603
          39     1.40661     1.41178   0.0105791
          40     1.37435     1.41084   0.0103536
          41       1.364      1.4097   0.0101623
          42     1.42808     1.41014  0.00992706
          43      1.3205     1.40805  0.00991506
          44     1.39663      1.4078  0.00969057
          45     1.24431     1.40416   0.0101456
          46     1.30925      1.4021   0.0101348
          47      1.4834     1.40383   0.0100666
          48     1.29699      1.4016   0.0101029
          49     1.36743     1.40091  0.00991909
          50     1.41782     1.40124  0.00972456
          51     1.52901     1.40375  0.00985568
          52     1.34343     1.40259  0.00973364
          53     1.42168     1.40295  0.00955502
          54     1.30241     1.40109  0.00955947
          55     1.40302     1.40112  0.00938412
          56     1.53584     1.40353  0.00952385
          57     1.33137     1.40226  0.00944054
          58     1.35135     1.40138  0.00931778
          59     1.44355      1.4021  0.00918633
          60     1.30703     1.40051  0.00916987
          61     1.39676     1.40045  0.00901851
          62      1.3672     1.39992  0.00888805
          63     1.39693     1.39987  0.00874596
          64     1.40917     1.40001  0.00860945
          65     1.35205     1.39928  0.00850802
          66     1.45629     1.40014  0.00842253
          67     1.39042         1.4  0.00829714
          68     1.43738     1.40055  0.00819268
          69     1.37506     1.40018  0.00808151
          70     1.31252     1.39892  0.00806307
          71     1.37787     1.39863  0.00795422
          72     1.46221     1.39951  0.00789252
          73     1.40088     1.39953  0.00778368
          74     1.43742     1.40004  0.00769483
          75     1.48934     1.40123  0.00768433
          76     1.41107     1.40136  0.00758365
          77     1.26657     1.39961   0.0076865
          78     1.41239     1.39977  0.00758909
          79     1.34498     1.39908  0.00752444
          80     1.40197     1.39912  0.00742987
          81     1.42024     1.39938  0.00734221
          82     1.43826     1.39985   0.0072676
          83     1.33361     1.39905  0.00722373
          84     1.48509     1.40008  0.00721033
          85     1.37729     1.39981  0.00713004
          86     1.33393     1.39904  0.00708817
          87     1.36899      1.3987  0.00701473
          88      1.2867     1.39743  0.00705038
          89     1.37903     1.39722  0.00697378
          90     1.46509     1.39797  0.00693696
          91     1.45024     1.39855  0.00688431
          92     1.47478     1.39938  0.00685931
          93     1.44381     1.39985  0.00680195
          94      1.4151     1.40002  0.00673116
          95     1.42436     1.40027  0.00666486
          96     1.36355     1.39989  0.00660615
          97     1.38827     1.39977  0.00653879
          98      1.2617     1.39836  0.00662331
          99      1.4004     1.39838  0.00655609
         100     1.43078     1.39871  0.00649828
