100 0 0 0
100 0.0256496392 0 0
100 0.0512992784 0 0
100 0.0769489176 0 0
100 0.1025985568 0 0
100 0.128248196 0 0
100 0.1538978352 0 0
100 0.1795474744 0 0
100 0.2051971136 0 0
100 0.2308467528 0 0
100 0.256496392 0 0
100 0.2821460312 0 0
100 0.3077956704 0 0
100 0.3334453096 0 0
100 0.3590949488 0 0
100 0.384744588 0 0
100 0.4103942272 0 0
100 0.4360438664 0 0
100 0.4616935056 0 0
100 0.4873431448 0 0
100 0.512992784 0 0
100 0.5386424232 0 0
100 0.5642920624 0 0
100 0.5899417016 0 0
100 0.6155913408 0 0
100 0.64124098 0 0
100 0.6668906192 0 0
100 0.6925402584 0 0
100 0.7181898976 0 0
100 0.7438395368 0 0
100 0.769489176 0 0
100 0.7951388152 0 0
100 0.8207884544 0 0
100 0.8464380936 1.361660319e-05 4.093906722e-06
100 0.8720877328 0.001283872947 3.445500547e-05
100 0.897737372 0.02420454035 0.0001721020244
100 0.9233870112 0.1650439993 0.0004899288888
100 0.9490366504 0.5634506959 0.001244002464
100 0.9746862896 1.20356488 0.001800073139
100 1.000335929 1.862498506 0.002178805983
100 1.025985568 2.339134245 0.001787751919
100 1.051635207 2.550914225 0.001529623195
100 1.077284846 2.550294504 0.001494846968
100 1.102934486 2.408570498 0.001610563885
100 1.128584125 2.198385509 0.001420394673
100 1.154233764 1.970352722 0.001514334419
100 1.179883403 1.75515884 0.001469994739
100 1.205533042 1.557722884 0.001395668832
100 1.231182682 1.388838023 0.001258398582
100 1.256832321 1.245963205 0.001208692608
100 1.28248196 1.123573326 0.00117023418
100 1.308131599 1.024107471 0.0009530717313
100 1.333781238 0.9419818103 0.001101325836
100 1.359430878 0.8718208869 0.0008700013741
100 1.385080517 0.8176835993 0.0009188595334
100 1.410730156 0.7731173007 0.000777718031
100 1.436379795 0.7379443729 0.0008265636709
100 1.462029434 0.7113843315 0.0007635391739
100 1.487679074 0.691018337 0.0007386002126
100 1.513328713 0.6791145676 0.0007956813659
100 1.538978352 0.6719059137 0.0007889698591
100 1.564627991 0.6701583923 0.000802283271
100 1.59027763 0.6753671776 0.0008024579139
100 1.61592727 0.686221152 0.0008072579849
100 1.641576909 0.7014864673 0.0007590297368
100 1.667226548 0.7227282056 0.0008144859016
100 1.692876187 0.7486318391 0.0007495060836
100 1.718525826 0.7807117215 0.0007347708884
100 1.744175466 0.8153389113 0.0008006405083
100 1.769825105 0.8541964724 0.0006187745188
100 1.795474744 0.8941704864 0.0008010748298
100 1.821124383 0.9358381509 0.0007408189258
100 1.846774022 0.9790299051 0.0008818268463
100 1.872423662 1.017546725 0.0008663001415
100 1.898073301 1.057746951 0.0008419910274
100 1.92372294 1.095802137 0.0007207712312
100 1.949372579 1.129830188 0.0007312209862
100 1.975022218 1.160936315 0.0007063346824
100 2.000671858 1.185970729 0.0006908639273
100 2.026321497 1.204348113 0.0006131692641
100 2.051971136 1.214031788 0.0006803487574
100 2.077620775 1.215538453 0.0006810219836
100 2.103270414 1.207635154 0.0006032236021
100 2.128920054 1.194625786 0.0006815763317
100 2.154569693 1.174935549 0.0006799975899
100 2.180219332 1.151016969 0.0006827766891
100 2.205868971 1.124559373 0.0007480514696
100 2.23151861 1.094973378 0.0007541877827
100 2.25716825 1.066721996 0.0007699639431
100 2.282817889 1.038702943 0.0007432439583
100 2.308467528 1.012821819 0.0006340290879
100 2.334117167 0.9879019498 0.0006399569316
100 2.359766806 0.9658938301 0.0006570851946
100 2.385416446 0.9472980434 0.0005764646001
100 2.411066085 0.9313771967 0.0006291226285
100 2.436715724 0.9185246981 0.0006051044975
100 2.462365363 0.9081064359 0.0005504881795
100 2.488015002 0.8952879936 0.0005810401456
100 2.513664642 0.8862070791 0.0005613307411
100 2.539314281 0.8853184912 0.0005796960913
