           1    -5.47494    -5.47494           0
           2     -5.4589    -5.46692  0.00801626
           3    -5.46981    -5.46788  0.00472755
           4    -5.45667    -5.46508  0.00436263
           5     -5.4415    -5.46036  0.00580144
           6    -5.44027    -5.45702  0.00580155
           7    -5.46511    -5.45817  0.00503761
           8    -5.48742    -5.46183   0.0056921
           9    -5.47069    -5.46281  0.00511555
          10    -5.47818    -5.46435  0.00482669
          11    -5.46705    -5.46459   0.0043728
          12    -5.47652    -5.46559  0.00411374
          13    -5.47553    -5.46635  0.00386067
          14    -5.47373    -5.46688  0.00361293
          15    -5.47252    -5.46726  0.00338438
          16    -5.47879    -5.46798  0.00324677
          17    -5.46832      -5.468  0.00304987
          18    -5.43359    -5.46609  0.00345292
          19    -5.45151    -5.46532  0.00335502
          20    -5.46536    -5.46532  0.00318285
          21    -5.45961    -5.46505  0.00303968
          22    -5.46283    -5.46495  0.00289997
          23    -5.45721    -5.46461  0.00279137
          24    -5.46359    -5.46457  0.00267287
          25    -5.44758    -5.46389  0.00265225
          26     -5.4569    -5.46362  0.00256232
          27    -5.46968    -5.46384  0.00247578
          28    -5.45822    -5.46364  0.00239417
          29    -5.45249    -5.46326  0.00234195
          30    -5.45717    -5.46306  0.00227162
          31    -5.44028    -5.46232  0.00231667
          32    -5.45845     -5.4622  0.00224637
          33    -5.46362    -5.46224  0.00217766
          34    -5.44259    -5.46167  0.00219031
          35    -5.44971    -5.46132  0.00215404
          36    -5.46953    -5.46155  0.00210574
          37    -5.47261    -5.46185  0.00206973
          38    -5.45469    -5.46166  0.00202332
          39    -5.45985    -5.46162  0.00197131
          40    -5.46495     -5.4617   0.0019232
          41     -5.4643    -5.46176  0.00187678
          42    -5.45582    -5.46162    0.001837
          43    -5.47385    -5.46191  0.00181618
          44     -5.4674    -5.46203  0.00177881
          45    -5.49432    -5.46275  0.00188107
          46    -5.48301    -5.46319   0.0018917
          47    -5.44255    -5.46275  0.00190237
          48    -5.48616    -5.46324  0.00192512
          49    -5.47318    -5.46344  0.00189632
          50    -5.45616    -5.46329   0.0018637
          51     -5.4357    -5.46275  0.00190521
          52    -5.47061     -5.4629  0.00187431
          53     -5.4625     -5.4629  0.00183862
          54    -5.48169    -5.46324  0.00183753
          55    -5.46186    -5.46322  0.00180399
          56    -5.43982     -5.4628   0.0018201
          57    -5.47286    -5.46298  0.00179657
          58    -5.47693    -5.46322  0.00178163
          59     -5.4612    -5.46318  0.00175151
          60    -5.48249    -5.46351  0.00175187
          61    -5.46485    -5.46353  0.00172305
          62    -5.46057    -5.46348   0.0016957
          63    -5.46478     -5.4635   0.0016687
          64    -5.46216    -5.46348  0.00164255
          65    -5.47147     -5.4636  0.00162175
          66    -5.46285    -5.46359  0.00159703
          67    -5.46312    -5.46358  0.00157303
          68    -5.45972    -5.46353  0.00155077
          69     -5.4693    -5.46361  0.00153042
          70    -5.47919    -5.46383  0.00152473
          71    -5.46607    -5.46387  0.00150343
          72    -5.45403    -5.46373  0.00148868
          73    -5.46268    -5.46371  0.00146822
          74    -5.45712    -5.46363  0.00145098
          75    -5.44272    -5.46335   0.0014584
          76    -5.46264    -5.46334  0.00143911
          77      -5.492    -5.46371  0.00146825
          78    -5.45741    -5.46363  0.00145156
          79    -5.47605    -5.46379  0.00144166
          80    -5.46132    -5.46375  0.00142386
          81    -5.45916     -5.4637  0.00140731
          82    -5.45639    -5.46361   0.0013929
          83    -5.47271    -5.46372  0.00138038
          84     -5.4475    -5.46353  0.00137745
          85    -5.46821    -5.46358  0.00136226
          86    -5.47494    -5.46371  0.00135279
          87    -5.46896    -5.46377  0.00133851
          88     -5.4846    -5.46401  0.00134421
          89    -5.46435    -5.46401  0.00132902
          90    -5.45575    -5.46392  0.00131738
          91    -5.45116    -5.46378  0.00131035
          92    -5.44124    -5.46354  0.00131898
          93    -5.45083     -5.4634  0.00131185
          94    -5.46186    -5.46338  0.00129792
          95    -5.45817    -5.46333  0.00128535
          96    -5.47631    -5.46346  0.00127906
          97    -5.46589    -5.46349  0.00126605
          98    -5.48825    -5.46374  0.00127829
          99    -5.46421    -5.46375  0.00126532
         100    -5.46917     -5.4638  0.00125377
