-6.43259
-6.32982
-6.23581
-6.19248
-6.11122
-5.96431
-5.87415
-5.76416
-5.72761
-5.78582
-5.79981
-5.82837
-5.83947
-5.82407
-5.76735
-5.73932
-5.7798
-5.6434
-5.66998
-5.53365
-5.66249
-5.68382
-5.73866
-5.77432
-5.87181
-5.81257
-5.7773
-5.83089
-5.84625
-5.90873
-5.8603
-5.90684
-5.83107
-5.75978
-5.83797
-5.75804
-5.67782
-5.70769
-5.74622
-5.80026
-5.84992
-5.8347
-5.82969
-5.78319
-5.82341
-5.90069
-5.86238
-5.90019
-5.89083
-5.91786
-5.85803
-5.82431
-5.84009
-5.76983
-5.85324
-5.75859
-5.79863
-5.74175
-5.8971
-5.8223
-5.82469
-5.73634
-5.66405
-5.64596
-5.59982
-5.65286
-5.62515
-5.59005
-5.57089
-5.58839
-5.59091
-5.51815
-5.56678
-5.672
-5.6375
-5.59711
-5.62291
-5.82119
-5.86119
-5.87727
-5.85932
-5.6844
-5.7106
-5.66797
-5.57733
-5.64781
-5.73728
-5.77289
-5.67679
-5.67524
-5.58832
-5.55198
-5.54874
-5.60605
-5.65761
-5.70203
-5.59313
-5.59653
-5.59809
-5.66346
-5.57188
-5.56551
-5.58643
-5.6561
-5.62646
-5.53994
-5.53081
-5.4958
-5.44329
-5.49205
-5.64407
-5.66137
-5.71721
-5.63963
-5.67415
-5.73172
-5.79216
-5.75478
-5.71026
-5.74905
-5.69508
-5.73822
-5.63987
-5.6178
-5.66916
-5.6349
-5.68213
-5.59538
-5.61312
-5.7304
-5.73789
-5.69547
-5.69457
-5.7121
-5.65711
-5.66565
-5.6179
-5.64687
-5.60308
-5.51302
-5.4965
-5.49323
-5.5283
-5.52998
-5.43162
-5.45986
-5.41299
-5.53732
-5.51105
-5.4829
-5.49745
-5.50305
-5.52477
-5.37444
-5.47524
-5.54795
-5.54104
-5.62909
-5.59622
-5.61592
-5.73126
-5.61771
-5.58892
-5.64669
-5.62526
-5.64539
-5.54027
-5.55254
-5.57104
-5.49592
-5.549
-5.43808
-5.51872
-5.52346
-5.6007
-5.60692
-5.57444
-5.64651
-5.64403
-5.68057
-5.61702
-5.62725
-5.63297
-5.51264
-5.6109
-5.5507
-5.57513
-5.62218
-5.58995
-5.68539
-5.60879
-5.61515
-5.59621
-5.6632
-5.557
-5.60146
-5.41712
-5.57891
-5.61035
-5.60157
-5.54042
-5.57493
-5.5617
-5.55224
-5.60293
-5.49981
-5.57102
-5.51913
-5.51227
-5.47952
-5.51644
-5.46975
-5.40762
-5.33021
-5.26158
-5.2975
-5.42187
-5.3948
-5.46022
-5.53321
-5.66049
-5.65789
-5.68824
-5.62866
-5.5841
-5.57361
-5.50146
-5.41262
-5.39117
-5.41659
-5.42612
-5.46446
-5.41167
-5.46588
-5.4723
-5.52645
-5.53286
-5.4465
-5.414
-5.43159
-5.57057
-5.54121
-5.59184
-5.6256
-5.61136
-5.61108
-5.61962
-5.66178
-5.58892
-5.61212
-5.52622
-5.48395
-5.51775
-5.52194
-5.58684
-5.58505
-5.57753
-5.5358
-5.57457
-5.59879
-5.57738
-5.58028
-5.54083
-5.46902
-5.44833
-5.49561
-5.46251
-5.47751
-5.48444
-5.47961
-5.47634
-5.42162
-5.39428
-5.53202
-5.52754
-5.55247
-5.57798
-5.54938
-5.43036
-5.45254
-5.43767
-5.47226
-5.503
-5.43506
-5.50549
-5.46929
-5.5169
-5.3942
-5.3782
-5.52771
-5.49084
-5.54612
-5.45566
-5.53725
-5.41128
-5.4391
-5.40523
-5.26304
-5.25206
-5.45021
-5.56276
-5.44906
-5.43153
-5.26907
-5.31564
-5.38432
-5.36761
-5.32688
-5.30165
-5.31556
-5.32066
-5.42928
-5.44675
-5.34863
-5.35558
-5.48291
-5.42004
-5.4617
-5.497
-5.5402
-5.50753
-5.51292
-5.46928
-5.45124
-5.4284
-5.52892
-5.51388
-5.44962
-5.42804
-5.50715
-5.51838
-5.52303
-5.51058
-5.6151
-5.52348
-5.52508
-5.49056
-5.49061
-5.46708
-5.55855
-5.54349
-5.51972
-5.41569
-5.49169
-5.50693
-5.6057
-5.54416
-5.51299
-5.55632
-5.59393
-5.55354
-5.51907
-5.53211
-5.44644
-5.37647
-5.50786
-5.52149
-5.52323
-5.42901
-5.42991
-5.42683
-5.35652
-5.50492
-5.52755
-5.53065
-5.51341
-5.39977
-5.53273
-5.55278
-5.47728
-5.40044
-5.43221
-5.49514
-5.62858
-5.55062
-5.57474
-5.62002
-5.52995
-5.53651
-5.54751
-5.56897
-5.54801
-5.51042
-5.52502
-5.48414
-5.51539
-5.49066
-5.41847
-5.43601
-5.52951
-5.4443
-5.39394
-5.47077
-5.37911
-5.50085
-5.50668
-5.55296
-5.50272
-5.57522
-5.50988
-5.53397
-5.47513
-5.54498
-5.56583
-5.66106
-5.62204
-5.56584
-5.56372
-5.59443
-5.6141
-5.58224
-5.56184
-5.61678
-5.63423
-5.44765
-5.54465
-5.47341
-5.55648
-5.47044
-5.51882
-5.5195
-5.54833
-5.53443
-5.45691
-5.51319
-5.45399
-5.46407
-5.396
-5.4339
-5.55284
-5.55323
-5.44158
-5.47989
-5.48253
-5.55259
-5.53588
-5.53237
-5.53781
-5.54929
-5.55908
-5.56744
-5.55798
-5.57393
-5.60082
-5.53691
-5.62449
-5.66309
-5.72687
-5.59085
-5.52499
-5.53046
-5.53497
-5.6633
-5.64343
-5.5899
-5.52125
-5.53103
-5.43629
-5.48641
-5.47276
-5.48565
-5.51138
-5.44638
-5.59769
-5.60875
-5.58396
-5.57889
-5.58083
-5.60653
-5.5733
-5.5301
-5.48914
-5.56571
-5.56874
-5.54626
-5.46405
-5.46406
-5.59155
-5.49221
-5.54186
-5.49775
-5.41573
-5.45131
-5.46323
-5.4415
-5.52907
-5.46967
-5.51564
-5.45787
-5.46566
-5.58378
-5.42159
-5.4562
-5.49864
-5.4477
-5.45373
-5.56502
-5.53059
-5.51759
-5.47633
-5.50091
-5.51343
-5.53732
-5.54943
-5.4928
-5.50136
-5.52741
-5.57716
-5.54541
-5.55559
-5.4773
-5.4228
-5.42675
-5.45423
-5.43322
-5.54111
-5.46556
-5.61016
-5.55658
-5.51903
-5.38318
-5.2811
-5.35905
-5.42329
-5.42216
-5.37503
-5.47735
-5.5376
-5.54573
-5.60117
-5.61719
-5.54762
-5.56805
-5.53604
-5.52541
-5.47583
-5.47224
-5.51432
-5.49598
-5.57032
-5.56959
-5.59435
-5.54799
-5.54921
-5.55748
-5.59225
-5.58344
-5.48103
-5.50075
-5.50061
-5.50031
-5.36628
-5.36937
-5.35814
-5.29746
-5.46901
-5.51927
-5.56576
-5.48236
-5.4641
-5.44538
-5.45736
-5.47462
-5.38972
-5.39248
-5.49103
-5.44351
-5.48542
-5.4427
-5.55495
-5.5385
-5.54177
-5.56198
-5.45934
-5.51222
-5.435
-5.42835
-5.48094
-5.34965
-5.37807
-5.3933
-5.31216
-5.28506
-5.22466
-5.27496
-5.22023
-5.215
-5.21601
-5.31314
-5.26403
-5.23123
-5.27558
-5.29069
-5.39133
-5.39604
-5.46978
-5.39667
-5.42736
-5.44631
-5.49154
-5.45033
-5.44549
-5.46213
-5.4043
-5.37435
-5.34457
-5.37568
-5.31052
-5.28656
-5.26809
-5.28301
-5.2678
-5.21927
-5.30598
-5.28857
-5.25517
-5.27195
-5.33607
-5.34426
-5.38046
-5.33907
-5.39127
-5.44645
-5.42874
-5.50323
-5.41868
-5.3866
-5.37283
-5.45173
-5.44175
-5.45029
-5.40313
-5.40594
-5.551
-5.43562
-5.46445
-5.41479
-5.4601
-5.38341
-5.43445
-5.34865
-5.38122
-5.44922
-5.3909
-5.40716
-5.40102
-5.44617
-5.43505
-5.45413
-5.44194
-5.3909
-5.3851
-5.31545
-5.30823
-5.41746
-5.28716
-5.23599
-5.38341
-5.42754
-5.42977
-5.47065
-5.48676
-5.44021
-5.4807
-5.40312
-5.42171
-5.48336
-5.43677
-5.47592
-5.53672
-5.5211
-5.4643
-5.55692
-5.45201
-5.46353
-5.5021
-5.49457
-5.47765
-5.52592
-5.43023
-5.51039
-5.57469
-5.5137
-5.41357
-5.47786
-5.47019
-5.4972
-5.53125
-5.57735
-5.54175
-5.54084
-5.54818
-5.60662
-5.5262
-5.53361
-5.47651
-5.50313
-5.46461
-5.58413
-5.52215
-5.52635
-5.47412
-5.47727
-5.45616
-5.50125
-5.52856
-5.54723
-5.44802
-5.49298
-5.52398
-5.46617
-5.47079
-5.4177
-5.48782
-5.3781
-5.40402
-5.34629
-5.36833
-5.3647
-5.37262
-5.3655
-5.51387
-5.56773
-5.53711
-5.36406
-5.3782
-5.44031
-5.54937
-5.51084
-5.38241
-5.46779
-5.49658
-5.54095
-5.50914
-5.57853
-5.65025
-5.67686
-5.71467
-5.68111
-5.66099
-5.5851
-5.62934
-5.59481
-5.62011
-5.7253
-5.61619
-5.61396
-5.61566
-5.6422
-5.70321
-5.61951
-5.56851
-5.54153
-5.61606
-5.65901
-5.53156
-5.57434
-5.59251
-5.56287
-5.6132
-5.60709
-5.64654
-5.69519
-5.66768
-5.69953
-5.72194
-5.68177
-5.60405
-5.57629
-5.56084
-5.56426
-5.51394
-5.56005
-5.65811
-5.6985
-5.64907
-5.64738
-5.43635
-5.37453
-5.3665
-5.39745
-5.43126
-5.33962
-5.44579
-5.49515
-5.50248
-5.43451
-5.38989
-5.50684
-5.45847
-5.47684
-5.61037
-5.54348
-5.51344
-5.48743
-5.41385
-5.47363
-5.45215
-5.38777
-5.4852
-5.40391
-5.42852
-5.49495
-5.53129
-5.5041
-5.47716
-5.54002
-5.54483
-5.55652
-5.52874
-5.42881
-5.42933
-5.40898
-5.43114
-5.41043
-5.53183
-5.55212
-5.63003
-5.51862
-5.4394
-5.45631
-5.46142
-5.51168
-5.49579
-5.49054
-5.53955
-5.55588
-5.44868
-5.4887
-5.46585
-5.46638
-5.51078
-5.51529
-5.55285
-5.48147
-5.60291
-5.60981
-5.57767
-5.54783
-5.57071
-5.5629
-5.59735
-5.62037
-5.57315
-5.65683
-5.5164
-5.61396
-5.49299
-5.47387
-5.56826
-5.50366
-5.52705
-5.45869
-5.53236
-5.50132
-5.58607
-5.57008
-5.55396
-5.57593
-5.46193
-5.45843
-5.4301
-5.43804
-5.47635
-5.53159
-5.58112
-5.53107
-5.43024
-5.4833
-5.48017
-5.5465
-5.46448
-5.35456
-5.51507
-5.58421
-5.58348
-5.48914
-5.55303
-5.53713
-5.57547
-5.56878
-5.50961
-5.61817
-5.56435
-5.50684
-5.45697
-5.51958
-5.5293
-5.54515
-5.57185
-5.47884
-5.52154
-5.55497
-5.55761
-5.54953
-5.61639
-5.63277
-5.5837
-5.59284
-5.56052
-5.55744
-5.59968
-5.59185
-5.62047
-5.61935
-5.48243
-5.49199
-5.55613
-5.5449
-5.53483
-5.5337
-5.40475
-5.57429
-5.64914
-5.57446
-5.59049
-5.52569
-5.40357
-5.34486
-5.28487
-5.29364
-5.36064
-5.41619
-5.4625
-5.42482
-5.44761
-5.44688
-5.46979
-5.53506
-5.4736
-5.47304
-5.46262
-5.57998
-5.57132
-5.53727
-5.5631
-5.56454
-5.57448
-5.56087
-5.5304
-5.42232
-5.38049
-5.49274
-5.52758
-5.55104
-5.59905
-5.50563
-5.51474
-5.55842
-5.47352
-5.46367
-5.45455
-5.39959
-5.36181
-5.46185
-5.53548
-5.52292
-5.38776
-5.33125
-5.40398
-5.3611
-5.33884
-5.31753
-5.42213
-5.50556
-5.54788
-5.54689
-5.44859
-5.58218
-5.54922
-5.65292
-5.63905
-5.56111
-5.6158
-5.51815
-5.56074
-5.55295
-5.55407
-5.4048
-5.47614
-5.52044
-5.52013
-5.58079
-5.43139
-5.51328
-5.48288
-5.41196
-5.35836
-5.33512
-5.48618
-5.52735
-5.53216
-5.42826
-5.39474
-5.49384
-5.50192
-5.5512
-5.5936
-5.5804
-5.48713
