           1     7.66433     7.66433           0
           2     7.56208     7.61321   0.0511219
           3     7.57763     7.60135   0.0318078
           4     7.49738     7.57536   0.0343715
           5     7.57562     7.57541   0.0266241
           6     7.64812     7.58753   0.0248885
           7     7.56185     7.58386   0.0213521
           8     7.59985     7.58586   0.0185991
           9     7.57343     7.58448   0.0164609
          10      7.5271     7.57874   0.0158017
          11     7.51189     7.57266   0.0155316
          12     7.60527     7.57538   0.0144363
          13     7.59891     7.57719   0.0134023
          14     7.60465     7.57915   0.0125621
          15     7.53702     7.57634   0.0120273
          16     7.50605     7.57195   0.0120779
          17     7.59766     7.57346   0.0114456
          18     7.59825     7.57484   0.0108785
          19     7.58123     7.57517   0.0102956
          20      7.6264     7.57774   0.0100974
          21     7.65231     7.58129   0.0102401
          22     7.55878     7.58026  0.00981699
          23      7.5392     7.57848  0.00954881
          24     7.63114     7.58067   0.0094019
          25     7.59772     7.58135  0.00904374
          26     7.68522     7.58535  0.00956329
          27      7.6536     7.58788  0.00954312
          28     7.59038     7.58797  0.00919642
          29     7.53255     7.58606  0.00907707
          30     7.56901     7.58549  0.00878767
          31     7.62073     7.58662  0.00857517
          32     7.57112     7.58614  0.00831699
          33     7.59613     7.58644   0.0080667
          34     7.59674     7.58675  0.00783171
          35     7.57441     7.58639  0.00761281
          36      7.5966     7.58668  0.00740375
          37     7.64365     7.58822  0.00736366
          38     7.55296     7.58729  0.00722707
          39     7.69297        7.59  0.00754287
          40     7.64206      7.5913  0.00746621
          41     7.59832     7.59147  0.00728385
          42     7.57116     7.59099  0.00712474
          43     7.67693     7.59299  0.00723845
          44     7.61478     7.59348  0.00708934
          45     7.59252     7.59346  0.00693004
          46     7.61379      7.5939  0.00679211
          47     7.66945     7.59551  0.00683763
          48     7.57111       7.595  0.00671294
          49     7.49254     7.59291  0.00689906
          50     7.62652     7.59358  0.00679301
          51     7.72639     7.59619  0.00714962
          52     7.62603     7.59676  0.00703424
          53     7.67638     7.59826  0.00706189
          54      7.4771     7.59602  0.00728406
          55     7.56389     7.59543  0.00717423
          56      7.6147     7.59578  0.00705334
          57     7.62034     7.59621  0.00694188
          58     7.69453      7.5979  0.00702864
          59     7.62727      7.5984  0.00692639
          60     7.57804     7.59806  0.00681842
          61     7.56789     7.59757  0.00672393
          62     7.59964      7.5976  0.00661468
          63     7.66432     7.59866  0.00659443
          64     7.61824     7.59897  0.00649778
          65     7.61789     7.59926  0.00640366
          66     7.53397     7.59827  0.00638301
          67     7.62791     7.59871  0.00630257
          68     7.58704     7.59854  0.00621156
          69     7.59932     7.59855  0.00612089
          70     7.59014     7.59843  0.00603401
          71     7.64976     7.59915   0.0059922
          72     7.65533     7.59993  0.00595968
          73     7.53645     7.59906  0.00594146
          74      7.6427     7.59965  0.00589021
          75     7.57267     7.59929  0.00582227
          76     7.58269     7.59908   0.0057493
          77     7.57582     7.59877  0.00568217
          78     7.63755     7.59927  0.00563084
          79      7.5544      7.5987  0.00558805
          80     7.58466     7.59853  0.00552055
          81     7.52417     7.59761  0.00552872
          82     7.57612     7.59735  0.00546716
          83     7.70911     7.59869  0.00556622
          84     7.61604      7.5989  0.00550343
          85     7.59545     7.59886  0.00543845
          86     7.61756     7.59908  0.00537924
          87     7.61568     7.59927  0.00532048
          88     7.59831     7.59926  0.00525968
          89      7.6264     7.59956  0.00520918
          90     7.46569     7.59807  0.00536144
          91     7.58249      7.5979  0.00530496
          92     7.59242     7.59784  0.00524732
          93      7.6854     7.59879  0.00527528
          94     7.64227     7.59925  0.00523932
          95     7.63114     7.59958  0.00519474
          96     7.61523     7.59975  0.00514292
          97     7.60919     7.59984  0.00509056
          98     7.51807     7.59901  0.00510697
          99     7.54513     7.59847  0.00508434
         100     7.52882     7.59777   0.0050812
