100 0 0 0
100 0.02306642879 0 0
100 0.04613285759 0 0
100 0.06919928638 0 0
100 0.09226571518 0 0
100 0.115332144 0 0
100 0.1383985728 0 0
100 0.1614650016 0 0
100 0.1845314304 0 0
100 0.2075978592 0 0
100 0.2306642879 0 0
100 0.2537307167 0 0
100 0.2767971455 0 0
100 0.2998635743 0 0
100 0.3229300031 0 0
100 0.3459964319 0 0
100 0.3690628607 0 0
100 0.3921292895 0 0
100 0.4151957183 0 0
100 0.4382621471 0 0
100 0.4613285759 0 0
100 0.4843950047 0 0
100 0.5074614335 0 0
100 0.5305278623 0 0
100 0.5535942911 0 0
100 0.5766607199 0 0
100 0.5997271487 0 0
100 0.6227935775 0 0
100 0.6458600063 0 0
100 0.6689264351 0 0
100 0.6919928638 0 0
100 0.7150592926 0 0
100 0.7381257214 0 0
100 0.7611921502 0 0
100 0.784258579 0 0
100 0.8073250078 0 0
100 0.8303914366 0 0
100 0.8534578654 0 0
100 0.8765242942 7.953174079e-05 8.64256455e-06
100 0.899590723 0.003482921873 5.630921725e-05
100 0.9226571518 0.04747518286 0.0002179323379
100 0.9457235806 0.2942861386 0.0007752705742
100 0.9687900094 1.007780552 0.001655210426
100 0.9918564382 2.239563891 0.00173711273
100 1.014922867 3.626636537 0.001777230929
100 1.037989296 4.619599943 0.001522125289
100 1.061055725 4.894686345 0.002604946321
100 1.084122153 4.491858131 0.002752266303
100 1.107188582 3.65687144 0.002195200991
100 1.130255011 2.691360015 0.001698414549
100 1.15332144 1.816482045 0.0009159958082
100 1.176387869 1.131643493 0.0008403811782
100 1.199454297 0.6539354635 0.0009439222004
100 1.222520726 0.3537487761 0.000820119205
100 1.245587155 0.1802900188 0.0006030476479
100 1.268653584 0.08922384744 0.0004773964464
100 1.291720013 0.04933321711 0.0003428351575
100 1.314786441 0.04215648148 0.0003184789167
100 1.33785287 0.06065894702 0.0003616549248
100 1.360919299 0.1057063489 0.0003936309075
100 1.383985728 0.1841451541 0.0004597273411
100 1.407052156 0.3009344928 0.0004977933311
100 1.430118585 0.453456424 0.0004287057281
100 1.453185014 0.6283655721 0.0004024042048
100 1.476251443 0.7969753767 0.0006231849122
100 1.499317872 0.9218276604 0.0009219212118
100 1.5223843 0.9705323308 0.0009870955019
100 1.545450729 0.9290711795 0.001000462626
100 1.568517158 0.8079510275 0.0007161878961
100 1.591583587 0.6408140205 0.0004281774681
100 1.614650016 0.4656263348 0.0004339509834
100 1.637716444 0.3171384169 0.0004772599473
100 1.660782873 0.2195399965 0.0006267314645
100 1.683849302 0.1921603593 0.0007342567127
100 1.706915731 0.2551835936 0.0008641938912
100 1.72998216 0.4342412758 0.000962883016
100 1.753048588 0.7499776008 0.001062005273
100 1.776115017 1.197662649 0.0008462095748
100 1.799181446 1.726945659 0.0005806500404
100 1.822247875 2.234473297 0.0009931873369
100 1.845314304 2.597136454 0.001513984898
100 1.868380732 2.713698188 0.0019746909
100 1.891447161 2.557915862 0.001906097368
100 1.91451359 2.180313528 0.001261574237
100 1.937580019 1.689418825 0.0006039820745
100 1.960646448 1.20077789 0.0006838234809
100 1.983712876 0.802032011 0.0009201035869
100 2.006779305 0.5430434266 0.001062456989
100 2.029845734 0.4345886077 0.0009632066333
100 2.052912163 0.461641505 0.0008587115675
100 2.075978592 0.5869600431 0.0006195071999
100 2.09904502 0.7581660959 0.0003603821542
100 2.122111449 0.9171260261 0.0003856468364
100 2.145177878 1.014059146 0.0006882025883
100 2.168244307 1.021510342 0.0007433954309
100 2.191310736 0.9188890893 0.0006025565864
100 2.214377164 0.7807019579 0.0004179278478
100 2.237443593 0.6540942423 0.0005212342021
100 2.260510022 0.5720631568 0.0007745734522
100 2.283576451 0.5731062077 0.00101193661
