           1    -7.53351    -7.53351           0
           2    -7.55249      -7.543  0.00948898
           3    -7.54932    -7.54511  0.00586909
           4    -7.56346     -7.5497  0.00618663
           5    -7.54949    -7.54965  0.00479233
           6    -7.53639    -7.54744  0.00449457
           7    -7.55303    -7.54824  0.00388159
           8    -7.54511    -7.54785  0.00338429
           9    -7.54931    -7.54801  0.00298908
          10    -7.55883    -7.54909  0.00288398
          11    -7.56118    -7.55019  0.00283077
          12     -7.5444    -7.54971  0.00262885
          13    -7.54595    -7.54942  0.00243543
          14    -7.54462    -7.54908  0.00228072
          15    -7.55684    -7.54959  0.00218543
          16    -7.56209    -7.55038  0.00218828
          17    -7.54648    -7.55015  0.00206829
          18    -7.54549    -7.54989  0.00196707
          19    -7.54945    -7.54986  0.00186081
          20    -7.54065     -7.5494  0.00182446
          21    -7.53673     -7.5488  0.00183736
          22    -7.55243    -7.54897   0.0017596
          23    -7.55692    -7.54931   0.0017166
          24    -7.53955     -7.5489  0.00169313
          25    -7.54569    -7.54878  0.00162908
          26     -7.5302    -7.54806  0.00172052
          27    -7.53558     -7.5476  0.00171886
          28    -7.54749     -7.5476  0.00165634
          29    -7.55719    -7.54793   0.0016321
          30    -7.55126    -7.54804  0.00158067
          31    -7.54179    -7.54784  0.00154205
          32    -7.55109    -7.54794  0.00149654
          33     -7.5464    -7.54789  0.00145123
          34    -7.54611    -7.54784  0.00140887
          35    -7.55035    -7.54791   0.0013699
          36    -7.54601    -7.54786  0.00133235
          37    -7.53786    -7.54759  0.00132373
          38    -7.55433    -7.54776   0.0013006
          39    -7.52832    -7.54727  0.00136144
          40    -7.53756    -7.54702  0.00134899
          41    -7.54631    -7.54701  0.00131579
          42      -7.551     -7.5471  0.00128759
          43    -7.53084    -7.54672  0.00131291
          44    -7.54281    -7.54663   0.0012858
          45      -7.547    -7.54664  0.00125693
          46    -7.54232    -7.54655  0.00123288
          47    -7.53246    -7.54625  0.00124304
          48    -7.55013    -7.54633  0.00121955
          49     -7.5648    -7.54671  0.00125248
          50    -7.54069    -7.54659  0.00123306
          51    -7.52213    -7.54611  0.00130027
          52    -7.54078      -7.546  0.00127912
          53    -7.53125    -7.54573  0.00128525
          54    -7.56769    -7.54613  0.00132521
          55    -7.55172    -7.54623  0.00130485
          56    -7.54176    -7.54615  0.00128383
          57    -7.54217    -7.54608  0.00126304
          58    -7.52822    -7.54578  0.00127874
          59    -7.54044    -7.54569  0.00126013
          60     -7.5492    -7.54574  0.00124033
          61    -7.55098    -7.54583  0.00122284
          62    -7.54472    -7.54581  0.00120309
          63    -7.53331    -7.54561  0.00120036
          64    -7.54265    -7.54557  0.00118236
          65    -7.54205    -7.54551  0.00116529
          66    -7.55764     -7.5457  0.00116211
          67    -7.54003    -7.54561  0.00114775
          68     -7.5479    -7.54565  0.00113125
          69    -7.54504    -7.54564  0.00111477
          70    -7.54751    -7.54566  0.00109905
          71    -7.53628    -7.54553  0.00109149
          72    -7.53524    -7.54539  0.00108568
          73    -7.55734    -7.54555  0.00108315
          74    -7.53755    -7.54544  0.00107387
          75    -7.55049    -7.54551  0.00106158
          76    -7.54876    -7.54555  0.00104839
          77    -7.54953    -7.54561  0.00103598
          78    -7.53813    -7.54551  0.00102709
          79    -7.55375    -7.54561  0.00101935
          80    -7.54873    -7.54565  0.00100728
          81    -7.55966    -7.54583  0.00100969
          82    -7.55002    -7.54588 0.000998615
          83    -7.52527    -7.54563  0.00101726
          84    -7.54294     -7.5456  0.00100559
          85    -7.54651    -7.54561 0.000993744
          86    -7.54223    -7.54557 0.000982907
          87    -7.54257    -7.54553 0.000972154
          88    -7.54567    -7.54554 0.000961045
          89    -7.54075    -7.54548 0.000951705
          90       -7.57    -7.54575 0.000979712
          91    -7.54907    -7.54579 0.000969573
          92    -7.54752    -7.54581  0.00095916
          93    -7.52978    -7.54564 0.000964313
          94    -7.53745    -7.54555 0.000957963
          95    -7.53923    -7.54548 0.000950158
          96    -7.54261    -7.54545 0.000940684
          97    -7.54367    -7.54544 0.000931119
          98    -7.56001    -7.54558 0.000933499
          99    -7.55562    -7.54569 0.000929571
         100    -7.55862    -7.54582 0.000929267
