           1     1.36264     1.36264           0
           2     1.39479     1.37871    0.011366
           3     1.35216     1.36986   0.0104705
           4     1.35668     1.36657  0.00835526
           5     1.40251     1.37376  0.00927417
           6     1.33785     1.36777  0.00946454
           7     1.38091     1.36965  0.00829653
           8     1.30022     1.36097   0.0108905
           9      1.3162       1.356   0.0107569
          10     1.35604       1.356  0.00968124
          11     1.35066     1.35551  0.00881331
          12     1.34701     1.35481  0.00810733
          13     1.38472     1.35711  0.00780334
          14     1.34183     1.35602  0.00732183
          15     1.39836     1.35884  0.00735772
          16     1.34381      1.3579  0.00695757
          17     1.38884     1.35972  0.00678219
          18     1.38491     1.36112  0.00654818
          19     1.36318     1.36123  0.00620443
          20     1.35958     1.36114  0.00589476
          21      1.3274     1.35954    0.005829
          22     1.41256     1.36195  0.00604179
          23     1.39474     1.36337  0.00594496
          24      1.3478     1.36272  0.00573253
          25       1.344     1.36198  0.00555195
          26     1.32428     1.36053  0.00552443
          27     1.40089     1.36202  0.00551841
          28     1.34372     1.36137  0.00535989
          29     1.34772      1.3609   0.0051957
          30      1.3653     1.36104  0.00502458
          31     1.34352     1.36048  0.00489417
          32     1.42444     1.36248  0.00513324
          33     1.36806     1.36265  0.00498048
          34     1.38833      1.3634  0.00489095
          35     1.46347     1.36626    0.005524
          36     1.34439     1.36565  0.00540385
          37      1.2865     1.36351  0.00566549
          38      1.4108     1.36476  0.00565142
          39     1.38448     1.36526   0.0055291
          40     1.33264     1.36445  0.00545071
          41     1.36036     1.36435  0.00531868
          42     1.31937     1.36328  0.00529875
          43      1.3157     1.36217  0.00528977
          44     1.39176     1.36284  0.00521213
          45     1.44307     1.36463  0.00539261
          46     1.36668     1.36467  0.00527556
          47     1.30352     1.36337  0.00532136
          48      1.4259     1.36467  0.00536758
          49     1.42788     1.36596   0.0054108
          50     1.36884     1.36602  0.00530289
