           1    0.035952    0.035952           0
           2    0.024756    0.030354  0.00395838
           3    0.020964    0.027224  0.00367358
           4    0.039548    0.030305  0.00383542
           5    0.037396   0.0317232   0.0033202
           6    0.020512   0.0298547  0.00325037
           7    0.018424   0.0282217  0.00316979
           8    0.034788   0.0290425  0.00287787
           9    0.022564   0.0283227   0.0026466
          10    0.022156    0.027706  0.00245273
          11    0.015224   0.0265713  0.00247838
          12    0.020568    0.026071  0.00232179
          13    0.019612   0.0255742  0.00219571
          14    0.032208    0.026048  0.00208938
          15    0.044364   0.0272691  0.00227913
          16    0.022888   0.0269953  0.00215307
          17    0.034424   0.0274322  0.00207029
          18    0.034516   0.0278258  0.00199233
          19    0.031768   0.0280333  0.00189824
          20    0.029976   0.0281304  0.00180581
          21     0.01766   0.0276318  0.00178733
          22    0.026096    0.027562  0.00170745
          23    0.023132   0.0273694  0.00164404
          24    0.018988   0.0270202   0.0016122
          25    0.037136   0.0274248  0.00159768
          26    0.029404   0.0275009  0.00153805
          27    0.033052   0.0277065  0.00149476
          28    0.032104   0.0278636   0.0014496
          29    0.024196   0.0277371  0.00140512
          30    0.018112   0.0274163  0.00139443
          31    0.039516   0.0278066  0.00140301
          32    0.032836   0.0279638  0.00136795
          33    0.024736   0.0278659  0.00132998
          34    0.031076   0.0279604  0.00129421
          35    0.031548   0.0280629  0.00126129
          36       0.022   0.0278944  0.00123745
          37    0.021128   0.0277116  0.00121744
          38     0.02826    0.027726  0.00118549
          39    0.031172   0.0278144  0.00115838
          40      0.0151   0.0274965  0.00117222
          41    0.024692   0.0274281  0.00114562
          42      0.0207   0.0272679  0.00112949
          43    0.022568   0.0271586   0.0011085
          44    0.011404   0.0268005  0.00113967
          45      0.0364   0.0270139  0.00113413
          46     0.02422   0.0269531   0.0011111
          47    0.030836   0.0270357  0.00109053
          48    0.027004   0.0270351  0.00106781
          49    0.028988   0.0270749  0.00104676
          50    0.021868   0.0269708  0.00103099
