           1   -0.463447   -0.463447           0
           2   -0.462727   -0.463087  0.00025453
           3   -0.460275    -0.46215 0.000783862
           4   -0.459199   -0.461412  0.00086821
           5    -0.46178   -0.461486 0.000697677
           6    -0.46525   -0.462113 0.000816137
           7   -0.463328   -0.462287 0.000717777
           8    -0.46352   -0.462441 0.000644391
           9   -0.463595   -0.462569 0.000585419
          10   -0.465499   -0.462862 0.000595705
          11   -0.461392   -0.462729  0.00055633
          12   -0.462643   -0.462721 0.000510014
          13   -0.461664    -0.46264 0.000477222
          14   -0.463012   -0.462667 0.000443874
          15   -0.463423   -0.462717 0.000417138
          16   -0.462722   -0.462717 0.000391067
          17    -0.46272   -0.462718 0.000368064
          18   -0.463882   -0.462782 0.000353258
          19   -0.464099   -0.462852 0.000341399
          20   -0.460008   -0.462709 0.000352704
          21   -0.460569   -0.462607 0.000350324
          22   -0.462874    -0.46262 0.000334609
          23   -0.465807   -0.462758  0.00034757
          24   -0.463716   -0.462798  0.00033537
          25   -0.465159   -0.462892 0.000334985
          26   -0.465956    -0.46301 0.000342197
          27   -0.461533   -0.462956 0.000333869
          28   -0.461562   -0.462906 0.000325633
          29    -0.46154   -0.462859 0.000317793
          30   -0.461874   -0.462826 0.000308889
          31   -0.462886   -0.462828 0.000298931
          32   -0.465865   -0.462923 0.000304281
          33   -0.462751   -0.462918 0.000295105
          34   -0.461598   -0.462879 0.000288968
          35   -0.463471   -0.462896 0.000281207
          36   -0.461768   -0.462864 0.000275135
          37   -0.462775   -0.462862 0.000267709
          38   -0.464621   -0.462908 0.000264637
          39   -0.463527   -0.462924 0.000258328
          40   -0.461022   -0.462877 0.000256209
          41   -0.461534   -0.462844 0.000252044
          42   -0.463598   -0.462862 0.000246682
          43   -0.465827   -0.462931 0.000250401
          44    -0.45838   -0.462827  0.00026521
          45   -0.461296   -0.462793  0.00026149
          46   -0.464116   -0.462822 0.000257383
          47   -0.463313   -0.462832 0.000252118
          48   -0.462052   -0.462816 0.000247389
          49   -0.462092   -0.462801 0.000242782
          50   -0.465293   -0.462851 0.000242988
