           1    0.205227    0.205227           0
           2    0.200878    0.203052  0.00153786
           3    0.201783    0.202629  0.00108188
           4    0.201498    0.202346 0.000847602
           5    0.201823    0.202242 0.000684514
           6    0.193857    0.200844  0.00139744
           7    0.193211    0.199754  0.00156649
           8    0.198013    0.199536  0.00138571
           9    0.193001     0.19881  0.00140919
          10    0.195238    0.198453  0.00131276
          11    0.196109     0.19824  0.00121058
          12    0.202238    0.198573  0.00115463
          13    0.199144    0.198617  0.00106665
          14    0.191367    0.198099  0.00110908
          15    0.198356    0.198116  0.00103527
          16    0.203367    0.198444  0.00102126
          17    0.200059    0.198539 0.000965592
          18    0.198605    0.198543 0.000911955
          19    0.199725    0.198605 0.000866077
          20     0.19933    0.198642 0.000823532
          21    0.196921     0.19856 0.000788382
          22    0.191609    0.198244 0.000813391
          23    0.198571    0.198258 0.000778151
          24    0.195943    0.198161 0.000751682
          25    0.194259    0.198005 0.000737648
          26     0.19804    0.198007 0.000709278
          27    0.194273    0.197868 0.000696359
          28    0.194769    0.197758 0.000680229
          29    0.194883    0.197659 0.000663955
          30    0.201985    0.197803 0.000657296
          31    0.196335    0.197755 0.000637796
          32    0.202727    0.197911 0.000636503
          33    0.199274    0.197952 0.000618554
          34    0.201348    0.198052 0.000608373
          35    0.202656    0.198184 0.000605043
          36    0.201828    0.198285 0.000596646
          37    0.201009    0.198358 0.000585044
          38    0.197433    0.198334 0.000570154
          39    0.196837    0.198296 0.000556825
          40    0.190234    0.198094 0.000578227
          41    0.195694    0.198036 0.000567078
          42    0.200072    0.198084 0.000555646
          43    0.197516    0.198071 0.000542881
          44    0.202378    0.198169 0.000539297
          45    0.196455    0.198131 0.000528655
          46    0.198281    0.198134 0.000517173
          47    0.193373    0.198033 0.000515993
          48    0.194953    0.197969 0.000509217
          49    0.194768    0.197903 0.000502996
          50    0.197427    0.197894 0.000493026
