1.75983
1.75984
1.75985
1.75985
1.75985
1.75984
1.75983
1.75984
1.75984
1.75984
1.75983
1.75984
1.75985
1.75985
1.75985
1.75984
1.75985
1.75985
1.75985
1.75985
1.75985
1.75984
1.75985
1.75984
1.75984
1.75982
1.75981
1.75983
1.75983
1.75984
1.75983
1.75981
1.75981
1.7598
1.7598
1.7598
1.7598
1.75981
1.75981
1.75981
1.75982
1.75981
1.75981
1.75982
1.75981
1.75982
1.75981
1.75981
1.75981
1.75981
1.7598
1.75979
1.75979
1.75978
1.75978
1.75977
1.75977
1.75978
1.75978
1.75978
1.75978
1.75977
1.75977
1.75978
1.75978
1.75978
1.75978
1.75978
1.75978
1.75976
1.75977
1.75976
1.75976
1.75975
1.75975
1.75976
1.75976
1.75976
1.75977
1.75978
1.75977
1.75978
1.75979
1.75979
1.75978
1.75978
1.75977
1.75977
1.75976
1.75976
1.75976
1.75976
1.75977
1.75976
1.75976
1.75975
1.75975
1.75974
1.75975
1.75974
1.65894
1.65894
1.65895
1.65894
1.65894
1.65893
1.65893
1.65893
1.65893
1.65893
1.65892
1.65892
1.65892
1.65891
1.65891
1.6589
1.6589
1.65891
1.6589
1.6589
1.6589
1.6589
1.6589
1.6589
1.65891
1.65891
1.65891
1.65891
1.65892
1.65891
1.65891
1.65891
1.6589
1.6589
1.6589
1.6589
1.6589
1.6589
1.6589
1.6589
1.6589
1.6589
1.65891
1.6589
1.6589
1.6589
1.6589
1.6589
1.65889
1.65888
1.65888
1.65889
1.65889
1.65889
1.65888
1.65887
1.65887
1.65887
1.65887
1.65886
1.65886
1.65887
1.65887
1.65887
1.65887
1.65886
1.65886
1.65886
1.65886
1.65886
1.65886
1.65886
1.65887
1.65888
1.65887
1.65886
1.65886
1.65887
1.65887
1.65887
1.65886
1.65885
1.65885
1.65885
1.65884
1.65886
1.65885
1.65885
1.65886
1.65886
1.65886
1.65886
1.65887
1.65887
1.65888
1.65887
1.65887
1.65887
1.65888
1.65889
1.51772
1.51771
1.51771
1.51772
1.51772
1.51772
1.51773
1.51773
1.51773
1.51773
1.51773
1.51773
1.51774
1.51774
1.51774
1.51774
1.51774
1.51774
1.51774
1.51775
1.51776
1.51775
1.51775
1.51775
1.51774
1.51774
1.51774
1.51774
1.51774
1.51774
1.51774
1.51774
1.51774
1.51774
1.51774
1.51773
1.51773
1.51774
1.51774
1.51774
1.51774
1.51773
1.51773
1.51773
1.51773
1.51773
1.51772
1.51772
1.51773
1.51772
1.51771
1.51771
1.51771
1.5177
1.51771
1.51771
1.5177
1.51771
1.51771
1.51771
1.51771
1.51771
1.51771
1.51771
1.5177
1.51769
1.51769
1.51769
1.5177
1.51771
1.5177
1.5177
1.5177
1.5177
1.51771
1.51771
1.51771
1.51771
1.5177
1.5177
1.51769
1.5177
1.5177
1.51769
1.51769
1.51769
1.51769
1.51769
1.51769
1.51769
1.5177
1.51769
1.51769
1.5177
1.51769
1.51768
1.51768
1.51769
1.51769
1.51768
1.4661
1.4661
1.4661
1.4661
1.4661
1.4661
1.46611
1.46611
1.4661
1.4661
1.46611
1.46611
1.46611
1.4661
1.4661
1.4661
1.4661
1.4661
1.4661
1.4661
1.4661
1.4661
1.4661
1.4661
1.46608
1.46608
1.46607
1.46608
1.46608
1.46608
1.46607
1.46606
1.46606
1.46606
1.46606
1.46606
1.46607
1.46606
1.46607
1.46607
1.46607
1.46607
1.46607
1.46607
1.46608
1.46607
1.46607
1.46607
1.46606
1.46606
1.46606
1.46606
1.46607
1.46607
1.46608
1.46607
1.46608
1.46606
1.46606
1.46606
1.46607
1.46609
1.46609
1.46609
1.46609
1.4661
1.4661
1.4661
1.4661
1.4661
1.4661
1.46609
1.4661
1.4661
1.4661
1.4661
1.4661
1.46611
1.46611
1.46611
1.46611
1.46611
1.46611
1.46611
1.46611
1.46611
1.46611
1.46612
1.46612
1.46613
1.46613
1.46613
1.46613
1.46613
1.46613
1.46612
1.46611
1.46611
1.46611
1.4661
1.53597
1.53597
1.53597
1.53598
1.53598
1.53598
1.53597
1.53598
1.53598
1.53598
1.53598
1.53598
1.53598
1.53598
1.53596
1.53596
1.53596
1.53597
1.53596
1.53597
1.53596
1.53595
1.53596
1.53596
1.53596
1.53596
1.53595
1.53596
1.53596
1.53596
1.53596
1.53597
1.53597
1.53597
1.53597
1.53596
1.53596
1.53597
1.53597
1.53597
1.53597
1.53596
1.53596
1.53596
1.53597
1.53596
1.53597
1.53597
1.53598
1.53598
1.53598
1.53598
1.53598
1.53599
1.53599
1.53598
1.53598
1.53597
1.53598
1.53598
1.53598
1.53599
1.53598
1.53598
1.53598
1.53597
1.53597
1.53597
1.53595
1.53595
1.53595
1.53595
1.53596
1.53597
1.53598
1.53598
1.53599
1.53598
1.53597
1.53597
1.53597
1.53598
1.53599
1.53599
1.53599
1.53599
1.53598
1.53598
1.53598
1.53598
1.53597
1.53597
1.53597
1.53597
1.53597
1.53598
1.53599
1.536
1.536
1.536
1.41759
1.41759
1.41759
1.4176
1.4176
1.41759
1.41759
1.41759
1.4176
1.41759
1.4176
1.41759
1.41759
1.41759
1.41758
1.41758
1.41758
1.41759
1.41758
1.41757
1.41757
1.41758
1.41757
1.41757
1.41757
1.41756
1.41755
1.41755
1.41755
1.41756
1.41755
1.41755
1.41755
1.41755
1.41755
1.41755
1.41755
1.41755
1.41755
1.41755
1.41755
1.41755
1.41754
1.41754
1.41755
1.41754
1.41754
1.41754
1.41754
1.41755
1.41754
1.41754
1.41754
1.41753
1.41754
1.41754
1.41753
1.41752
1.41753
1.41752
1.41751
1.41751
1.41752
1.41752
1.41752
1.41752
1.41751
1.41751
1.41751
1.41751
1.41752
1.41752
1.41752
1.41752
1.41752
1.41751
1.41751
1.41751
1.41751
1.41751
1.41751
1.4175
1.41751
1.4175
1.41749
1.41749
1.41749
1.41748
1.41748
1.41749
1.4175
1.41749
1.41749
1.4175
1.41749
1.41749
1.41748
1.41748
1.41748
1.41748
1.46335
1.46335
1.46334
1.46335
1.46334
1.46334
1.46334
1.46335
1.46335
1.46334
1.46334
1.46334
1.46334
1.46334
1.46334
1.46335
1.46335
1.46335
1.46335
1.46335
1.46336
1.46335
1.46335
1.46335
1.46336
1.46336
1.46336
1.46335
1.46335
1.46336
1.46336
1.46336
1.46335
1.46335
1.46334
1.46335
1.46335
1.46335
1.46334
1.46334
1.46334
1.46334
1.46333
1.46333
1.46332
1.46333
1.46332
1.46332
1.46332
1.46333
1.46333
1.46333
1.46333
1.46332
1.46332
1.46332
1.46331
1.46331
1.46332
1.46332
1.46331
1.46331
1.4633
1.46331
1.46331
1.46331
1.4633
1.46331
1.46332
1.4633
1.4633
1.4633
1.4633
1.46331
1.46331
1.46331
1.46332
1.46333
1.46333
1.46333
1.46333
1.46332
1.46332
1.46333
1.46334
1.46334
1.46335
1.46335
1.46336
1.46336
1.46337
1.46337
1.46337
1.46337
1.46337
1.46336
1.46336
1.46335
1.46336
1.46337
1.4742
1.4742
1.4742
1.4742
1.4742
1.4742
1.4742
1.4742
1.47419
1.47419
1.47419
1.47419
1.47419
1.4742
1.47419
1.47419
1.47419
1.4742
1.47419
1.47419
1.47418
1.47418
1.47418
1.47418
1.47418
1.47418
1.47418
1.47418
1.47418
1.47417
1.47417
1.47417
1.47417
1.47418
1.47418
1.47418
1.47418
1.47419
1.47418
1.47419
1.47419
1.47419
1.47419
1.47418
1.47418
1.47417
1.47418
1.47418
1.47418
1.47419
1.47418
1.47418
1.47418
1.47418
1.47418
1.47418
1.47418
1.47418
1.47418
1.47417
1.47416
1.47416
1.47416
1.47416
1.47416
1.47417
1.47417
1.47416
1.47416
1.47415
1.47415
1.47414
1.47415
1.47415
1.47416
1.47417
1.47417
1.47418
1.47418
1.47417
1.47416
1.47416
1.47416
1.47416
1.47416
1.47416
1.47417
1.47418
1.47418
1.47418
1.47418
1.47419
1.4742
1.47419
1.4742
1.4742
1.47419
1.4742
1.4742
1.47419
1.48671
1.4867
1.4867
1.4867
1.48669
1.48669
1.48669
1.48669
1.48669
1.4867
1.48669
1.48668
1.48666
1.48667
1.48667
1.48667
1.48668
1.48667
1.48667
1.48667
1.48668
1.48668
1.48668
1.48667
1.48669
1.48669
1.48669
1.48668
1.48668
1.48669
1.48667
1.48668
1.48667
1.48667
1.48669
1.48669
1.48668
1.48668
1.48668
1.48668
1.48668
1.48669
1.48669
1.48667
1.48668
1.48668
1.48669
1.48669
1.48668
1.48669
1.48668
1.48668
1.48669
1.48669
1.48668
1.48668
1.48667
1.48667
1.48667
1.48666
1.48666
1.48666
1.48665
1.48665
1.48665
1.48665
1.48664
1.48664
1.48664
1.48664
1.48664
1.48664
1.48664
1.48663
1.48662
1.48662
1.48663
1.48663
1.48662
1.48662
1.48663
1.48663
1.48662
1.48663
1.48664
1.48664
1.48664
1.48665
1.48664
1.48664
1.48664
1.48664
1.48664
1.48663
1.48663
1.48664
1.48663
1.48663
1.48662
1.48662
1.39101
1.39101
1.39101
1.39101
1.391
1.39101
1.39101
1.391
1.39102
1.39101
1.39101
1.39101
1.39101
1.391
1.39099
1.391
1.391
1.39099
1.391
1.39101
1.39101
1.39101
1.391
1.39101
1.39101
1.39102
1.39102
1.39103
1.39103
1.39103
1.39104
1.39104
1.39106
1.39105
1.39106
1.39106
1.39106
1.39107
1.39107
1.39107
1.39107
1.39108
1.39108
1.39108
1.39107
1.39107
1.39107
1.39107
1.39107
1.39108
1.39107
1.39108
1.39108
1.39107
1.39108
1.39108
1.39109
1.39108
1.39108
1.39108
1.39108
1.39108
1.39107
1.39107
1.39106
1.39106
1.39105
1.39106
1.39106
1.39107
1.39107
1.39108
1.39108
1.39109
1.39109
1.3911
1.39109
1.39109
1.39109
1.39109
1.39108
1.39107
1.39107
1.39108
1.39107
1.39107
1.39107
1.39106
1.39106
1.39106
1.39105
1.39105
1.39106
1.39106
1.39107
1.39106
1.39106
1.39105
1.39105
1.39105
1.35082
1.3508
1.35081
1.35081
1.35082
1.35083
1.35082
1.35083
1.35083
1.35083
1.35083
1.35084
1.35085
1.35085
1.35085
1.35084
1.35084
1.35084
1.35083
1.35083
1.35082
1.35082
1.35083
1.35082
1.35082
1.35081
1.35081
1.35081
1.35081
1.35081
1.3508
1.3508
1.3508
1.35081
1.35081
1.35081
1.35081
1.35081
1.35081
1.3508
1.3508
1.3508
1.3508
1.35081
1.35081
1.35081
1.35082
1.35081
1.3508
1.35081
1.35083
1.35084
1.35083
1.35083
1.35084
1.35084
1.35084
1.35084
1.35084
1.35084
1.35084
1.35084
1.35084
1.35085
1.35086
1.35086
1.35086
1.35088
1.35088
1.35088
1.35088
1.35088
1.35088
1.35088
1.35089
1.35089
1.35088
1.35087
1.35086
1.35086
1.35086
1.35087
1.35087
1.35087
1.35086
1.35086
1.35086
1.35086
1.35086
1.35086
1.35086
1.35086
1.35086
1.35085
1.35085
1.35085
1.35085
1.35085
1.35085
1.35086
1.51954
1.51955
1.51955
1.51956
1.51956
1.51956
1.51956
1.51957
1.51956
1.51956
1.51957
1.51957
1.51956
1.51955
1.51955
1.51955
1.51955
1.51955
1.51956
1.51956
1.51957
1.51957
1.51957
1.51957
1.51957
1.51958
1.51957
1.51958
1.51957
1.51957
1.51958
1.51957
1.51957
1.51957
1.51957
1.51957
1.51956
1.51956
1.51957
1.51956
1.51955
1.51955
1.51954
1.51955
1.51955
1.51954
1.51954
1.51954
1.51953
1.51953
1.51954
1.51954
1.51953
1.51952
1.51952
1.51953
1.51953
1.51954
1.51954
1.51954
1.51954
1.51954
1.51954
1.51953
1.51953
1.51954
1.51954
1.51954
1.51954
1.51954
1.51953
1.51954
1.51954
1.51954
1.51954
1.51955
1.51955
1.51955
1.51955
1.51955
1.51954
1.51954
1.51954
1.51954
1.51954
1.51955
1.51956
1.51955
1.51954
1.51955
1.51956
1.51955
1.51956
1.51955
1.51955
1.51955
1.51955
1.51956
1.51956
1.51956
1.45028
1.45029
1.45029
1.45029
1.45029
1.45028
1.45028
1.45027
1.45027
1.45028
1.45028
1.45027
1.45027
1.45027
1.45027
1.45026
1.45026
1.45026
1.45026
1.45026
1.45027
1.45027
1.45027
1.45027
1.45026
1.45026
1.45027
1.45026
1.45027
1.45027
1.45027
1.45027
1.45027
1.45028
1.45029
1.45029
1.45029
1.45029
1.45029
1.4503
1.4503
1.4503
1.4503
1.4503
1.45029
1.45029
1.45029
1.45029
1.45029
1.45029
1.45029
1.45029
1.45029
1.4503
1.4503
1.4503
1.45029
1.45029
1.45029
1.45029
1.45028
1.45027
1.45027
1.45028
1.45028
1.45028
1.45027
1.45027
1.45027
1.45028
1.45029
1.45029
1.45029
1.45029
1.4503
1.4503
1.4503
1.4503
1.4503
1.4503
1.45028
1.45027
1.45027
1.45028
1.45028
1.45028
1.45027
1.45027
1.45027
1.45025
1.45026
1.45026
1.45025
1.45025
1.45025
1.45025
1.45026
1.45026
1.45025
1.45026
1.36631
1.36631
1.36631
1.36631
1.3663
1.3663
1.3663
1.3663
1.36629
1.36629
1.36629
1.36629
1.36629
1.36629
1.36628
1.36628
1.36628
1.36628
1.36628
1.36628
1.36628
1.36628
1.36628
1.36628
1.36628
1.36627
1.36627
1.36627
1.36627
1.36627
1.36627
1.36628
1.36629
1.36629
1.3663
1.3663
1.36631
1.36631
1.36632
1.36631
1.36632
1.36631
1.36632
1.36632
1.36632
1.36632
1.36632
1.36632
1.36631
1.36632
1.36632
1.36632
1.36632
1.36632
1.36631
1.36632
1.36632
1.36631
1.36631
1.36632
1.36632
1.36632
1.36632
1.36631
1.36631
1.36631
1.36631
1.3663
1.36628
1.36628
1.36629
1.36629
1.36629
1.36628
1.36628
1.36628
1.36628
1.36628
1.36628
1.36629
1.36629
1.3663
1.36631
1.36631
1.36632
1.36631
1.3663
1.3663
1.36631
1.36631
1.36631
1.36631
1.36632
1.36632
1.36632
1.36632
1.36632
1.36631
1.36631
1.36632
1.33856
1.33855
1.33854
1.33854
1.33854
1.33854
1.33853
1.33853
1.33853
1.33854
1.33854
1.33853
1.33853
1.33854
1.33854
1.33854
1.33854
1.33855
1.33854
1.33854
1.33852
1.33853
1.33853
1.33853
1.33852
1.33852
1.33852
1.33851
1.33852
1.33852
1.33852
1.33851
1.33851
1.33851
1.3385
1.33851
1.33851
1.33851
1.3385
1.33849
1.3385
1.33849
1.33849
1.33849
1.3385
1.3385
1.33851
1.3385
1.3385
1.33851
1.3385
1.33851
1.3385
1.3385
1.33851
1.33851
1.33851
1.33851
1.3385
1.3385
1.3385
1.33852
1.33851
1.33851
1.33851
1.33851
1.33851
1.33853
1.33853
1.33852
1.33851
1.33851
1.3385
1.3385
1.3385
1.33849
1.33848
1.33848
1.33848
1.33849
1.3385
1.3385
1.3385
1.3385
1.3385
1.33851
1.3385
1.33851
1.3385
1.33851
1.33851
1.3385
1.3385
1.33851
1.33851
1.3385
1.33851
1.33851
1.33852
1.33852
1.32349
1.32349
1.32347
1.32347
1.32347
1.32346
1.32347
1.32346
1.32346
1.32346
1.32345
1.32344
1.32344
1.32344
1.32344
1.32344
1.32344
1.32344
1.32345
1.32345
1.32344
1.32345
1.32346
1.32347
1.32346
1.32347
1.32347
1.32347
1.32347
1.32347
1.32347
1.32347
1.32348
1.32348
1.32346
1.32346
1.32345
1.32346
1.32345
1.32345
1.32345
1.32345
1.32345
1.32345
1.32344
1.32345
1.32346
1.32347
1.32347
1.32347
1.32347
1.32346
1.32346
1.32346
1.32346
1.32346
1.32345
1.32346
1.32346
1.32345
1.32345
1.32345
1.32345
1.32344
1.32345
1.32345
1.32346
1.32346
1.32346
1.32346
1.32345
1.32344
1.32344
1.32344
1.32345
1.32345
1.32345
1.32344
1.32344
1.32344
1.32344
1.32344
1.32343
1.32343
1.32343
1.32342
1.32342
1.32342
1.32342
1.32342
1.32341
1.32341
1.32341
1.32342
1.32342
1.32343
1.32344
1.32344
1.32344
1.32344
1.34238
1.34238
1.34237
1.34237
1.34238
1.34238
1.34238
1.34239
1.34239
1.34239
1.34239
1.34239
1.34239
1.3424
1.34239
1.34239
1.34239
1.34239
1.34239
1.3424
1.3424
1.3424
1.3424
1.3424
1.3424
1.34241
1.34241
1.34241
1.34241
1.3424
1.3424
1.34239
1.34239
1.34239
1.34238
1.34238
1.34239
1.34239
1.34239
1.34239
1.34239
1.3424
1.3424
1.34241
1.3424
1.34241
1.3424
1.3424
1.34241
1.34242
1.34242
1.34243
1.34243
1.34243
1.34242
1.34242
1.34242
1.34242
1.34243
1.34243
1.34244
1.34244
1.34244
1.34244
1.34243
1.34243
1.34243
1.34243
1.34243
1.34243
1.34241
1.34242
1.34243
1.34242
1.34242
1.34242
1.34242
1.34241
1.34242
1.34242
1.34241
1.34241
1.34241
1.34241
1.34241
1.34241
1.34242
1.34241
1.34241
1.3424
1.34241
1.34241
1.34241
1.34241
1.3424
1.3424
1.3424
1.3424
1.3424
1.3424
1.41966
1.41966
1.41967
1.41967
1.41967
1.41967
1.41967
1.41967
1.41968
1.41966
1.41965
1.41966
1.41967
1.41967
1.41967
1.41967
1.41967
1.41967
1.41968
1.41968
1.41969
1.41969
1.41969
1.4197
1.41969
1.41969
1.41969
1.41969
1.41968
1.41969
1.41969
1.41969
1.4197
1.41969
1.41969
1.41969
1.4197
1.4197
1.41971
1.41971
1.4197
1.4197
1.41971
1.41973
1.41973
1.41973
1.41973
1.41972
1.41973
1.41974
1.41974
1.41974
1.41975
1.41975
1.41974
1.41974
1.41974
1.41975
1.41974
1.41974
1.41974
1.41974
1.41974
1.41974
1.41975
1.41974
1.41974
1.41973
1.41972
1.41972
1.41971
1.41971
1.41971
1.4197
1.4197
1.41971
1.41971
1.41973
1.41974
1.41974
1.41975
1.41974
1.41975
1.41975
1.41975
1.41975
1.41977
1.41976
1.41976
1.41976
1.41975
1.41975
1.41976
1.41977
1.41976
1.41978
1.41978
1.41978
1.41978
1.41977
