1.20001
1.20003
1.20006
1.20009
1.20013
1.20018
1.20023
1.20029
1.20036
1.20044
1.20053
1.20062
1.20073
1.20084
1.20096
1.20109
1.20123
1.20138
1.20154
1.20171
1.20189
1.20208
1.20229
1.2025
1.20273
1.20297
1.20323
1.2035
1.20379
1.20409
1.20441
1.20475
1.20511
1.20549
1.20589
1.20631
1.20676
1.20723
1.20773
1.20826
1.20882
1.20941
1.21004
1.2107
1.2114
1.21213
1.21291
1.21372
1.21456
1.21543
1.21632
1.21721
1.21809
1.2189
1.2196
1.22012
1.22035
1.22015
1.21934
1.21772
1.21512
1.21146
1.20696
1.2022
1.19826
1.19635
1.19735
1.20126
1.20722
1.21401
1.22056
1.22628
1.23097
1.23468
1.23761
1.23995
1.24188
1.24354
1.24504
1.24645
1.24782
1.24918
1.25055
1.25194
1.25333
1.25473
1.25611
1.25745
1.25872
1.25988
1.2609
1.26175
1.26242
1.2629
1.26324
1.26353
1.26388
1.26447
1.26544
1.26693
1.20196
1.20451
1.20742
1.2105
1.21359
1.21651
1.21917
1.22153
1.2236
1.22541
1.22703
1.22849
1.22979
1.23091
1.23179
1.23235
1.23255
1.23241
1.23202
1.23157
1.23124
1.23118
1.2314
1.23179
1.2322
1.23251
1.23272
1.233
1.23361
1.23481
1.23677
1.2395
1.24287
1.24662
1.25047
1.25412
1.25736
1.26004
1.26214
1.26373
1.26501
1.26621
1.26752
1.26903
1.27066
1.27223
1.2735
1.27429
1.27453
1.27427
1.27365
1.27291
1.27231
1.27209
1.27238
1.27315
1.27421
1.27528
1.27612
1.27659
1.27671
1.27664
1.2766
1.2768
1.27737
1.27833
1.27959
1.28101
1.28238
1.28355
1.28438
1.28482
1.28486
1.28458
1.2841
1.28357
1.28314
1.28291
1.28293
1.28317
1.28357
1.28405
1.28454
1.28503
1.28552
1.28605
1.28667
1.28741
1.28828
1.28926
1.29032
1.29141
1.29245
1.29338
1.29412
1.29463
1.29488
1.29485
1.29459
1.29418
1.1996
1.1993
1.19926
1.19953
1.20016
1.20109
1.20223
1.20345
1.20462
1.2056
1.20628
1.20654
1.2063
1.20545
1.2039
1.20156
1.19833
1.19418
1.18914
1.18347
1.17771
1.17273
1.16958
1.16909
1.17141
1.17589
1.1814
1.18682
1.19136
1.19466
1.19671
1.19769
1.19787
1.19751
1.1969
1.19624
1.19569
1.19533
1.19523
1.1954
1.19582
1.19647
1.19731
1.19828
1.19931
1.20032
1.20122
1.20193
1.2024
1.20255
1.20235
1.20176
1.20079
1.19943
1.1977
1.19564
1.19336
1.191
1.18882
1.18716
1.18643
1.18695
1.18885
1.19198
1.19593
1.2002
1.20428
1.20781
1.21059
1.21257
1.21385
1.2147
1.21545
1.21647
1.21806
1.22034
1.22322
1.22643
1.22959
1.2323
1.23426
1.23522
1.23504
1.23364
1.23101
1.22724
1.22256
1.21737
1.21227
1.20795
1.2051
1.20417
1.20528
1.20815
1.21227
1.21704
1.2219
1.22647
1.2305
1.23393
1.2025
1.2046
1.20617
1.2072
1.20761
1.20735
1.20636
1.2046
1.20206
1.19874
1.19468
1.18995
1.18471
1.17933
1.17439
1.17067
1.16895
1.16968
1.17277
1.1776
1.1833
1.18908
1.19435
1.19883
1.20239
1.20502
1.20675
1.20761
1.20761
1.20675
1.20504
1.20248
1.19919
1.19534
1.19125
1.18732
1.18397
1.18151
1.18008
1.17958
1.17974
1.18023
1.18077
1.18112
1.1811
1.18059
1.17947
1.17768
1.1752
1.17216
1.16886
1.16582
1.16367
1.16297
1.16393
1.16636
1.16974
1.17341
1.17685
1.17972
1.18188
1.18334
1.18415
1.18441
1.18423
1.18368
1.18283
1.18172
1.18039
1.17888
1.17719
1.17535
1.17339
1.17134
1.16924
1.16716
1.16517
1.16336
1.16183
1.16064
1.15985
1.15947
1.15949
1.15983
1.16041
1.1611
1.1618
1.16239
1.16277
1.16286
1.1626
1.16197
1.16097
1.15966
1.15817
1.15664
1.15525
1.15418
1.15355
1.1534
1.2003
1.20094
1.20181
1.20279
1.20381
1.20484
1.20588
1.20695
1.20806
1.20924
1.21048
1.21179
1.21314
1.21449
1.21581
1.21707
1.21823
1.21927
1.22015
1.22085
1.22135
1.22164
1.22174
1.22167
1.22144
1.22102
1.22027
1.219
1.21693
1.21387
1.20978
1.205
1.20025
1.19642
1.19426
1.19401
1.19543
1.19811
1.20172
1.20604
1.21083
1.21578
1.22054
1.22481
1.22846
1.23152
1.23411
1.23639
1.23853
1.24065
1.24281
1.24502
1.24724
1.24943
1.25154
1.25353
1.25536
1.25703
1.25853
1.25987
1.26104
1.26206
1.26291
1.26359
1.26406
1.26432
1.2643
1.264
1.26335
1.26236
1.26101
1.25936
1.25749
1.25557
1.25386
1.25262
1.25216
1.25268
1.25423
1.25669
1.25978
1.26312
1.26634
1.26915
1.27137
1.27292
1.27382
1.27418
1.27411
1.27377
1.27332
1.2729
1.27264
1.27265
1.273
1.27369
1.27471
1.27599
1.27739
1.27875
1.201
1.20168
1.20177
1.20113
1.19965
1.19732
1.19423
1.19062
1.18689
1.18351
1.18092
1.17945
1.17916
1.1799
1.18136
1.18318
1.18499
1.18653
1.18757
1.18799
1.18774
1.18692
1.18576
1.18457
1.18375
1.1836
1.18431
1.18586
1.18809
1.19073
1.19353
1.19624
1.1987
1.2008
1.20248
1.20374
1.2046
1.20507
1.20518
1.20493
1.20433
1.20339
1.20215
1.20068
1.1991
1.19756
1.19625
1.1953
1.19482
1.19481
1.19521
1.19587
1.19663
1.19731
1.19779
1.19796
1.1978
1.19729
1.19648
1.19543
1.19423
1.19296
1.19166
1.19035
1.18902
1.1876
1.18602
1.18423
1.18223
1.18007
1.1779
1.17594
1.17442
1.17357
1.17347
1.17402
1.17498
1.17597
1.17663
1.17667
1.17598
1.17462
1.1728
1.17084
1.16909
1.16781
1.16707
1.16683
1.16687
1.16697
1.16693
1.16663
1.16607
1.16536
1.1647
1.16432
1.16448
1.16533
1.1669
1.16906
1.20239
1.20496
1.20732
1.20928
1.21068
1.21147
1.21161
1.21114
1.21012
1.20867
1.20696
1.20519
1.20358
1.20233
1.20155
1.20127
1.20142
1.20181
1.20226
1.20255
1.20252
1.20205
1.2011
1.19969
1.19794
1.19604
1.19422
1.19275
1.19184
1.19156
1.19187
1.19259
1.19345
1.19423
1.19477
1.19501
1.19503
1.19502
1.19519
1.19572
1.19671
1.19814
1.19986
1.20163
1.20321
1.20441
1.20509
1.2052
1.20476
1.20384
1.20255
1.20101
1.19932
1.19758
1.19582
1.19412
1.19253
1.19115
1.19009
1.18943
1.1892
1.18932
1.18968
1.19019
1.19088
1.19191
1.19356
1.19607
1.19948
1.20361
1.20808
1.21248
1.21643
1.21973
1.2223
1.22417
1.22543
1.22619
1.22659
1.22673
1.22671
1.22659
1.22641
1.22616
1.22582
1.22533
1.22459
1.2235
1.22195
1.21986
1.2172
1.21404
1.21057
1.20705
1.20376
1.20093
1.19858
1.19661
1.19481
1.19303
1.19828
1.19666
1.19549
1.19506
1.19552
1.19687
1.19896
1.20157
1.20444
1.20736
1.21018
1.21278
1.21515
1.21728
1.21918
1.2209
1.22249
1.22397
1.2254
1.22678
1.22814
1.22947
1.23077
1.23201
1.23317
1.23421
1.23506
1.23565
1.23589
1.23566
1.23482
1.23318
1.23057
1.22683
1.22188
1.21583
1.20902
1.2021
1.1959
1.19121
1.18852
1.18787
1.18896
1.19127
1.19428
1.19756
1.20087
1.20408
1.2072
1.2103
1.21339
1.21646
1.21943
1.22218
1.22459
1.22654
1.22794
1.22875
1.22896
1.2286
1.22777
1.22663
1.2254
1.22433
1.22369
1.22368
1.2244
1.2258
1.22777
1.2301
1.23258
1.23508
1.23746
1.23969
1.24174
1.24362
1.24537
1.24699
1.24852
1.24997
1.25136
1.25267
1.25389
1.25498
1.25589
1.25652
1.25678
1.25652
1.25558
1.25377
1.25089
1.24678
1.24132
1.23449
1.22651
1.21785
1.20923
1.20157
1.19566
1.19199
1.1988
1.1997
1.20273
1.20769
1.21413
1.22132
1.22845
1.23492
1.24042
1.24494
1.24863
1.25172
1.25443
1.25693
1.25933
1.26172
1.26415
1.26662
1.26914
1.27168
1.27419
1.2766
1.27885
1.28088
1.28263
1.28409
1.28523
1.28608
1.28665
1.28696
1.28705
1.28696
1.28675
1.2865
1.28629
1.2862
1.28629
1.28657
1.28699
1.28742
1.28767
1.28751
1.28671
1.28509
1.28254
1.27909
1.2749
1.27028
1.2656
1.26124
1.2575
1.25458
1.25259
1.25156
1.25144
1.25212
1.25346
1.25535
1.25771
1.26048
1.26362
1.267
1.27049
1.2739
1.27705
1.27979
1.28202
1.28366
1.28473
1.28526
1.28536
1.28513
1.28469
1.28415
1.28359
1.28308
1.2826
1.28212
1.28156
1.28082
1.27981
1.27848
1.27684
1.27498
1.27308
1.27134
1.27001
1.26926
1.26915
1.26962
1.27048
1.27146
1.27228
1.27268
1.27249
1.27165
1.27021
1.26832
1.26619
1.26405
1.19814
1.19646
1.19512
1.19421
1.19386
1.19424
1.19541
1.19728
1.19963
1.20213
1.20446
1.20632
1.20748
1.20776
1.20706
1.20534
1.20268
1.1993
1.19556
1.19196
1.18905
1.18726
1.1868
1.18759
1.18936
1.19172
1.19435
1.19701
1.19957
1.20198
1.20423
1.20629
1.20816
1.20982
1.21125
1.21244
1.21336
1.21401
1.21439
1.2145
1.21434
1.21392
1.21324
1.21232
1.21115
1.20977
1.2082
1.20649
1.20468
1.20285
1.2011
1.19952
1.19823
1.19734
1.19691
1.19701
1.19763
1.19873
1.20024
1.20204
1.20402
1.20607
1.20808
1.20997
1.21167
1.21315
1.21438
1.21532
1.21597
1.2163
1.21628
1.21588
1.21505
1.21376
1.21197
1.2097
1.20704
1.20419
1.20149
1.19938
1.19831
1.19856
1.20011
1.20266
1.20565
1.20845
1.2105
1.21141
1.211
1.20937
1.20694
1.20444
1.20279
1.20279
1.20476
1.20844
1.21316
1.21811
1.22264
1.22635
1.20238
1.2038
1.20407
1.20319
1.20116
1.19797
1.19359
1.18799
1.18121
1.17354
1.1658
1.15934
1.15567
1.15555
1.15837
1.16242
1.16587
1.16753
1.16714
1.16514
1.16239
1.15978
1.15793
1.15699
1.15669
1.15661
1.1564
1.1559
1.15511
1.15406
1.1528
1.15136
1.14996
1.14901
1.14908
1.15061
1.15367
1.15782
1.16235
1.16654
1.16988
1.17216
1.17336
1.17362
1.1731
1.17197
1.17037
1.16837
1.16606
1.16349
1.16075
1.15794
1.15524
1.15285
1.15096
1.14971
1.14913
1.14912
1.14945
1.14984
1.14994
1.14945
1.14809
1.14571
1.14228
1.13805
1.13361
1.12982
1.12758
1.12746
1.12937
1.13268
1.13648
1.14
1.14273
1.14448
1.14522
1.14502
1.14393
1.14198
1.13914
1.13532
1.13041
1.12435
1.11726
1.10956
1.10205
1.09582
1.09182
1.09041
1.09107
1.09278
1.09444
1.0953
1.0951
1.09392
1.0921
1.0901
1.08845
1.08757
1.20026
1.20167
1.20411
1.20722
1.21056
1.21369
1.21629
1.21816
1.2192
1.21941
1.21883
1.21751
1.21554
1.21301
1.21008
1.20698
1.20403
1.20162
1.20014
1.19985
1.20079
1.20273
1.20533
1.20817
1.21091
1.21332
1.21529
1.2168
1.21788
1.21859
1.21898
1.21912
1.21905
1.21881
1.21842
1.21791
1.21729
1.21656
1.21573
1.2148
1.21376
1.21263
1.2114
1.21011
1.2088
1.20753
1.20639
1.20548
1.20491
1.20476
1.20506
1.20576
1.20678
1.20796
1.20917
1.21026
1.21113
1.21171
1.21201
1.21206
1.21193
1.21169
1.2114
1.21111
1.2108
1.21046
1.21009
1.20979
1.20976
1.2103
1.21169
1.21411
1.21749
1.22155
1.22586
1.23
1.23363
1.23655
1.23867
1.23995
1.24043
1.24015
1.23917
1.23755
1.23538
1.23277
1.22992
1.22709
1.2246
1.2228
1.22199
1.22233
1.22385
1.22636
1.2296
1.23322
1.23688
1.24033
1.24336
1.24586
1.20171
1.20302
1.20388
1.20438
1.20463
1.20474
1.20479
1.20485
1.20496
1.20511
1.20528
1.20545
1.2056
1.20574
1.20595
1.20632
1.20698
1.20807
1.20966
1.2118
1.21442
1.21739
1.22055
1.22372
1.22672
1.22942
1.23171
1.23353
1.23484
1.23562
1.23586
1.23557
1.23481
1.23361
1.23208
1.23034
1.22856
1.22694
1.22571
1.22507
1.22518
1.22608
1.22772
1.2299
1.23232
1.23467
1.23663
1.23791
1.23827
1.23753
1.23556
1.23235
1.22809
1.2233
1.21887
1.2159
1.21532
1.21743
1.22173
1.22717
1.23262
1.23715
1.2402
1.24154
1.24118
1.23937
1.23659
1.23349
1.23077
1.2291
1.22887
1.23017
1.23286
1.23665
1.24119
1.24611
1.25106
1.25566
1.2596
1.26267
1.26476
1.26588
1.26614
1.26574
1.26487
1.2637
1.26238
1.26096
1.25949
1.25797
1.25646
1.25503
1.25379
1.25287
1.25235
1.25229
1.25267
1.25344
1.2545
1.25576
1.20132
1.20281
1.20435
1.20592
1.20747
1.20894
1.2103
1.2115
1.2125
1.21331
1.21391
1.21434
1.21461
1.21476
1.21482
1.21481
1.21476
1.21467
1.21456
1.21441
1.21422
1.21396
1.21361
1.21315
1.21254
1.21177
1.21082
1.20969
1.20838
1.2069
1.20529
1.20358
1.20184
1.20013
1.19854
1.19715
1.19605
1.19529
1.19494
1.19499
1.19543
1.19623
1.19734
1.19869
1.20024
1.20193
1.2037
1.20548
1.20722
1.20884
1.21026
1.21141
1.21221
1.21258
1.21244
1.2117
1.21028
1.20811
1.20515
1.20143
1.19706
1.1923
1.18746
1.1829
1.17899
1.17604
1.17431
1.17404
1.17539
1.17831
1.18255
1.18768
1.19315
1.19844
1.20311
1.20682
1.20941
1.21079
1.21102
1.2102
1.20853
1.2063
1.20394
1.202
1.20111
1.20171
1.20389
1.20727
1.21118
1.2149
1.21788
1.21987
1.22086
1.221
1.22056
1.21981
1.21903
1.21845
1.21822
1.21843
1.20063
1.20165
1.2029
1.2042
1.20537
1.20625
1.20672
1.20671
1.20617
1.20508
1.20344
1.2012
1.19834
1.19482
1.19061
1.18582
1.18066
1.1755
1.17092
1.16752
1.16588
1.16633
1.16886
1.17318
1.17875
1.18493
1.19109
1.19662
1.201
1.2038
1.20473
1.20381
1.20145
1.19854
1.1963
1.19582
1.19745
1.20068
1.20441
1.20758
1.20955
1.21022
1.20981
1.20872
1.20722
1.20541
1.20327
1.20083
1.19836
1.19639
1.19552
1.196
1.19753
1.19943
1.20099
1.20183
1.20201
1.2019
1.20202
1.20276
1.20425
1.20637
1.2088
1.2112
1.21328
1.21486
1.21585
1.21624
1.21609
1.21549
1.21454
1.21337
1.2121
1.2108
1.20947
1.20801
1.20617
1.20355
1.19965
1.19398
1.18633
1.17717
1.16793
1.16085
1.15795
1.15978
1.16523
1.17244
1.17991
1.18681
1.19283
1.1979
1.20204
1.20529
1.20774
1.20944
1.21048
1.2109
1.21077
1.21015
1.19895
1.19757
1.19603
1.19446
1.19302
1.19182
1.19097
1.19052
1.19048
1.19084
1.19152
1.19245
1.19353
1.19468
1.19582
1.19688
1.19783
1.19863
1.19929
1.19981
1.20019
1.20047
1.20067
1.20082
1.20096
1.20112
1.20132
1.20158
1.20191
1.20229
1.2027
1.2031
1.20346
1.20374
1.20392
1.20398
1.20393
1.20379
1.2036
1.20338
1.20316
1.20295
1.20274
1.20249
1.20214
1.20162
1.20085
1.19974
1.19825
1.19639
1.19422
1.19192
1.18973
1.18795
1.18684
1.18663
1.18736
1.18892
1.19107
1.19348
1.19583
1.19785
1.19937
1.20031
1.20066
1.20049
1.19994
1.19915
1.19829
1.19753
1.19699
1.19679
1.19698
1.19757
1.19852
1.19977
1.20124
1.20282
1.20443
1.20601
1.20749
1.20887
1.21012
1.21127
1.21232
1.21327
1.21407
1.21465
1.21492
1.21473
1.21395
1.21245
1.21019
1.20719
1.20362
1.19973
1.19588
1.19241
1.18959
1.1876
1.19901
1.19897
1.20002
1.20218
1.20537
1.20936
1.21384
1.21839
1.22263
1.22618
1.22876
1.23017
1.23031
1.22915
1.22677
1.22334
1.21915
1.21458
1.21005
1.20599
1.20274
1.20051
1.19934
1.19912
1.19966
1.20076
1.20224
1.20396
1.20581
1.20768
1.20944
1.21094
1.212
1.21247
1.21222
1.21118
1.20932
1.20674
1.20366
1.20042
1.19747
1.19524
1.19395
1.19352
1.1936
1.19366
1.19318
1.19184
1.1896
1.18676
1.18393
1.18183
1.18104
1.18178
1.18381
1.18659
1.18951
1.1921
1.19408
1.19535
1.19595
1.19595
1.19547
1.19459
1.19339
1.19191
1.19022
1.18832
1.18626
1.18407
1.18179
1.17948
1.1772
1.17503
1.17304
1.17132
1.16993
1.16895
1.16838
1.16825
1.1685
1.16906
1.16985
1.17074
1.17161
1.17235
1.17284
1.173
1.17273
1.172
1.17076
1.169
1.16676
1.16408
1.16109
1.15794
1.15486
1.15211
1.14995
1.14862
1.19966
1.20025
1.20166
1.20368
1.20604
1.20847
1.21078
1.21283
1.21454
1.21592
1.21698
1.21777
1.21837
1.21881
1.21917
1.21949
1.2198
1.22013
1.22048
1.22086
1.22126
1.22164
1.22199
1.22226
1.22244
1.22248
1.22238
1.22213
1.22174
1.22123
1.22063
1.21999
1.21935
1.21874
1.21821
1.21776
1.2174
1.2171
1.21687
1.21669
1.21655
1.21646
1.21639
1.21631
1.21615
1.21586
1.21536
1.21461
1.21364
1.21253
1.2114
1.2104
1.20967
1.20926
1.20919
1.2094
1.20984
1.21044
1.21118
1.21206
1.21314
1.21448
1.21612
1.21812
1.22045
1.22304
1.22573
1.22834
1.23063
1.23236
1.23332
1.23329
1.23211
1.22964
1.22584
1.22073
1.21451
1.20758
1.20051
1.19402
1.18871
1.1849
1.18249
1.18109
1.18028
1.17983
1.17982
1.18061
1.18259
1.18608
1.19109
1.19732
1.20424
1.21124
1.2178
1.22352
1.2282
1.23179
1.23433
1.23592
