1.80002
1.80005
1.80008
1.80013
1.80019
1.80026
1.80035
1.80044
1.80055
1.80067
1.80079
1.80094
1.80109
1.80126
1.80144
1.80164
1.80184
1.80207
1.80231
1.80256
1.80283
1.80312
1.80343
1.80375
1.8041
1.80446
1.80485
1.80525
1.80568
1.80614
1.80662
1.80713
1.80767
1.80823
1.80883
1.80947
1.81014
1.81085
1.8116
1.81239
1.81323
1.81412
1.81506
1.81605
1.8171
1.8182
1.81936
1.82058
1.82184
1.82315
1.82448
1.82582
1.82713
1.82835
1.8294
1.83018
1.83053
1.83022
1.82901
1.82658
1.82267
1.8172
1.81044
1.80331
1.79739
1.79453
1.79602
1.80189
1.81083
1.82101
1.83084
1.83942
1.84645
1.85202
1.85642
1.85993
1.86282
1.86531
1.86756
1.86967
1.87173
1.87377
1.87583
1.8779
1.88
1.8821
1.88417
1.88618
1.88808
1.88982
1.89135
1.89263
1.89362
1.89435
1.89487
1.89529
1.89583
1.8967
1.89816
1.90039
1.80294
1.80676
1.81112
1.81576
1.82038
1.82476
1.82875
1.83229
1.83539
1.83812
1.84055
1.84273
1.84469
1.84637
1.84768
1.84853
1.84883
1.84862
1.84804
1.84735
1.84686
1.84677
1.8471
1.84769
1.84831
1.84876
1.84908
1.8495
1.85041
1.85221
1.85516
1.85926
1.8643
1.86993
1.8757
1.88118
1.88604
1.89007
1.89321
1.8956
1.89752
1.89932
1.90128
1.90355
1.906
1.90835
1.91025
1.91144
1.9118
1.9114
1.91047
1.90936
1.90847
1.90814
1.90857
1.90972
1.91131
1.91292
1.91417
1.91488
1.91507
1.91497
1.9149
1.9152
1.91605
1.91749
1.91939
1.92151
1.92358
1.92533
1.92657
1.92722
1.92729
1.92687
1.92615
1.92536
1.92471
1.92437
1.92439
1.92475
1.92535
1.92607
1.92681
1.92754
1.92827
1.92907
1.93
1.93111
1.93242
1.93389
1.93549
1.93711
1.93867
1.94006
1.94118
1.94195
1.94232
1.94228
1.94189
1.94128
1.7994
1.79896
1.79888
1.7993
1.80023
1.80163
1.80334
1.80518
1.80693
1.80841
1.80942
1.80982
1.80945
1.80818
1.80586
1.80234
1.7975
1.79126
1.78371
1.7752
1.76656
1.75909
1.75438
1.75364
1.75711
1.76383
1.7721
1.78023
1.78703
1.79199
1.79507
1.79654
1.7968
1.79627
1.79535
1.79436
1.79353
1.793
1.79285
1.7931
1.79373
1.79471
1.79597
1.79743
1.79897
1.80048
1.80183
1.8029
1.8036
1.80382
1.80352
1.80264
1.80118
1.79914
1.79654
1.79347
1.79004
1.7865
1.78322
1.78074
1.77965
1.78043
1.78328
1.78796
1.79389
1.80029
1.80642
1.81172
1.81588
1.81885
1.82078
1.82205
1.82318
1.8247
1.82709
1.83051
1.83484
1.83965
1.84438
1.84845
1.85138
1.85283
1.85256
1.85046
1.84652
1.84087
1.83385
1.82606
1.8184
1.81192
1.80764
1.80626
1.80792
1.81223
1.81841
1.82556
1.83285
1.8397
1.84576
1.85089
1.80374
1.8069
1.80926
1.8108
1.81142
1.81103
1.80954
1.8069
1.80309
1.79811
1.79202
1.78492
1.77707
1.769
1.76159
1.75601
1.75343
1.75453
1.75916
1.7664
1.77496
1.78361
1.79153
1.79824
1.80358
1.80753
1.81012
1.81141
1.81142
1.81013
1.80755
1.80373
1.79878
1.79301
1.78688
1.78098
1.77595
1.77227
1.77012
1.76937
1.7696
1.77035
1.77115
1.77167
1.77165
1.77088
1.76921
1.76652
1.7628
1.75824
1.75329
1.74873
1.74551
1.74445
1.7459
1.74955
1.7546
1.76011
1.76527
1.76958
1.77282
1.775
1.77622
1.77662
1.77635
1.77552
1.77424
1.77258
1.77059
1.76832
1.76579
1.76303
1.76009
1.75701
1.75386
1.75074
1.74776
1.74505
1.74274
1.74096
1.73977
1.73921
1.73923
1.73975
1.74061
1.74165
1.7427
1.74359
1.74416
1.74429
1.7439
1.74295
1.74145
1.7395
1.73725
1.73496
1.73288
1.73127
1.73032
1.7301
1.80045
1.80141
1.80271
1.80418
1.80571
1.80726
1.80883
1.81042
1.81209
1.81386
1.81573
1.81769
1.8197
1.82173
1.82371
1.8256
1.82735
1.82891
1.83023
1.83128
1.83203
1.83246
1.83261
1.83251
1.83217
1.83152
1.8304
1.82849
1.8254
1.8208
1.81467
1.80751
1.80037
1.79464
1.7914
1.79102
1.79315
1.79717
1.80259
1.80906
1.81625
1.82367
1.8308
1.83721
1.8427
1.84728
1.85116
1.85459
1.8578
1.86098
1.86422
1.86753
1.87086
1.87415
1.87731
1.88029
1.88305
1.88555
1.8878
1.8898
1.89157
1.89309
1.89437
1.89538
1.8961
1.89647
1.89646
1.89599
1.89503
1.89354
1.89152
1.88903
1.88623
1.88336
1.88078
1.87893
1.87824
1.87901
1.88134
1.88504
1.88967
1.89468
1.89951
1.90373
1.90705
1.90938
1.91074
1.91127
1.91117
1.91066
1.90998
1.90935
1.90897
1.90898
1.90949
1.91054
1.91207
1.91398
1.91608
1.91812
1.80151
1.80251
1.80266
1.8017
1.79948
1.79598
1.79134
1.78594
1.78034
1.77526
1.77139
1.76917
1.76874
1.76985
1.77204
1.77476
1.77749
1.7798
1.78136
1.78198
1.78161
1.78039
1.77864
1.77686
1.77562
1.7754
1.77647
1.7788
1.78213
1.7861
1.79029
1.79436
1.79805
1.8012
1.80372
1.80561
1.8069
1.80761
1.80777
1.80739
1.80649
1.80508
1.80322
1.80102
1.79865
1.79635
1.79437
1.79295
1.79223
1.79222
1.79282
1.79381
1.79495
1.79597
1.79668
1.79695
1.79669
1.79593
1.79471
1.79315
1.79135
1.78944
1.78749
1.78553
1.78353
1.78139
1.77903
1.77634
1.77334
1.7701
1.76685
1.7639
1.76163
1.76036
1.7602
1.76103
1.76247
1.76395
1.76494
1.76501
1.76397
1.76193
1.7592
1.75626
1.75364
1.75171
1.75061
1.75024
1.75031
1.75046
1.75039
1.74994
1.74911
1.74805
1.74705
1.74649
1.74672
1.748
1.75035
1.75359
1.80359
1.80744
1.81099
1.81392
1.81603
1.81721
1.81742
1.81671
1.81518
1.81301
1.81044
1.80779
1.80538
1.80349
1.80232
1.80191
1.80212
1.80272
1.80339
1.80383
1.80378
1.80308
1.80164
1.79953
1.79691
1.79406
1.79133
1.78913
1.78775
1.78734
1.78781
1.78888
1.79018
1.79135
1.79215
1.79251
1.79255
1.79253
1.79278
1.79357
1.79507
1.79721
1.79978
1.80244
1.80482
1.80662
1.80764
1.8078
1.80714
1.80576
1.80382
1.80151
1.79899
1.79636
1.79373
1.79117
1.78879
1.78672
1.78513
1.78415
1.7838
1.78398
1.78452
1.78528
1.78631
1.78787
1.79034
1.7941
1.79921
1.80541
1.81212
1.81871
1.82465
1.8296
1.83346
1.83625
1.83814
1.83928
1.83988
1.8401
1.84007
1.83989
1.83961
1.83924
1.83874
1.838
1.83689
1.83525
1.83292
1.82979
1.8258
1.82106
1.81585
1.81057
1.80564
1.80139
1.79788
1.79492
1.79222
1.78955
1.79742
1.79498
1.79324
1.79259
1.79328
1.7953
1.79844
1.80236
1.80667
1.81105
1.81526
1.81918
1.82273
1.82591
1.82877
1.83135
1.83373
1.83596
1.8381
1.84017
1.8422
1.8442
1.84615
1.84802
1.84976
1.85131
1.85258
1.85348
1.85384
1.8535
1.85223
1.84977
1.84586
1.84024
1.83282
1.82374
1.81353
1.80315
1.79385
1.78681
1.78278
1.78181
1.78344
1.78691
1.79142
1.79635
1.8013
1.80612
1.81081
1.81544
1.82008
1.82469
1.82914
1.83328
1.83689
1.83981
1.84192
1.84313
1.84344
1.8429
1.84165
1.83994
1.8381
1.8365
1.83554
1.83552
1.83659
1.83871
1.84165
1.84514
1.84888
1.85261
1.85619
1.85953
1.86261
1.86544
1.86805
1.87048
1.87278
1.87496
1.87704
1.879
1.88083
1.88247
1.88383
1.88478
1.88517
1.88478
1.88337
1.88065
1.87634
1.87017
1.86197
1.85174
1.83977
1.82677
1.81385
1.80236
1.7935
1.78799
1.7982
1.79955
1.80409
1.81153
1.82119
1.83197
1.84268
1.85238
1.86063
1.8674
1.87294
1.87758
1.88164
1.88539
1.889
1.89259
1.89622
1.89994
1.90372
1.90752
1.91128
1.9149
1.91827
1.92131
1.92395
1.92613
1.92785
1.92912
1.92997
1.93044
1.93057
1.93044
1.93013
1.92975
1.92943
1.9293
1.92943
1.92985
1.93049
1.93113
1.93151
1.93127
1.93007
1.92764
1.92381
1.91863
1.91235
1.90542
1.8984
1.89186
1.88625
1.88187
1.87889
1.87734
1.87716
1.87818
1.88019
1.88302
1.88656
1.89073
1.89542
1.9005
1.90573
1.91085
1.91558
1.91969
1.92302
1.92549
1.92709
1.9279
1.92805
1.9277
1.92704
1.92623
1.92539
1.92461
1.92389
1.92318
1.92234
1.92123
1.91972
1.91773
1.91527
1.91248
1.90961
1.90701
1.90502
1.90389
1.90373
1.90443
1.90572
1.90719
1.90842
1.90901
1.90873
1.90747
1.90531
1.90247
1.89929
1.89607
1.7972
1.79469
1.79268
1.79131
1.79079
1.79136
1.79311
1.79592
1.79944
1.8032
1.80669
1.80948
1.81122
1.81164
1.81059
1.80801
1.80402
1.79895
1.79334
1.78794
1.78357
1.78089
1.7802
1.78139
1.78404
1.78759
1.79153
1.79552
1.79936
1.80298
1.80634
1.80943
1.81224
1.81473
1.81688
1.81865
1.82003
1.82101
1.82158
1.82175
1.82151
1.82088
1.81986
1.81847
1.81673
1.81466
1.81231
1.80973
1.80702
1.80428
1.80165
1.79929
1.79735
1.79601
1.79537
1.79551
1.79645
1.7981
1.80036
1.80306
1.80604
1.8091
1.81212
1.81495
1.81751
1.81973
1.82157
1.82298
1.82395
1.82445
1.82442
1.82382
1.82258
1.82064
1.81796
1.81455
1.81055
1.80628
1.80223
1.79908
1.79747
1.79783
1.80017
1.804
1.80848
1.81267
1.81575
1.81711
1.8165
1.81406
1.81041
1.80666
1.80419
1.80418
1.80714
1.81267
1.81974
1.82716
1.83397
1.83952
1.80357
1.8057
1.80611
1.80479
1.80174
1.79695
1.79039
1.78199
1.77182
1.76032
1.7487
1.73901
1.7335
1.73332
1.73755
1.74363
1.7488
1.7513
1.75071
1.74771
1.74358
1.73967
1.7369
1.73548
1.73504
1.73492
1.7346
1.73385
1.73266
1.7311
1.72919
1.72704
1.72494
1.72351
1.72362
1.72592
1.7305
1.73673
1.74353
1.74981
1.75483
1.75824
1.76004
1.76042
1.75965
1.75796
1.75555
1.75256
1.74909
1.74524
1.74112
1.73691
1.73286
1.72927
1.72644
1.72457
1.7237
1.72368
1.72418
1.72475
1.72491
1.72417
1.72214
1.71856
1.71341
1.70708
1.70042
1.69473
1.69138
1.69119
1.69406
1.69902
1.70473
1.71
1.7141
1.71672
1.71783
1.71752
1.71589
1.71297
1.70871
1.70298
1.69561
1.68653
1.6759
1.66434
1.65307
1.64373
1.63774
1.63561
1.63661
1.63917
1.64165
1.64296
1.64265
1.64088
1.63814
1.63516
1.63267
1.63136
1.80038
1.8025
1.80616
1.81083
1.81583
1.82053
1.82444
1.82723
1.8288
1.82911
1.82824
1.82627
1.82331
1.81952
1.81512
1.81047
1.80604
1.80243
1.80022
1.79978
1.80118
1.8041
1.80799
1.81225
1.81636
1.81998
1.82294
1.8252
1.82683
1.82788
1.82847
1.82868
1.82857
1.82821
1.82763
1.82687
1.82593
1.82484
1.82359
1.82219
1.82064
1.81894
1.81711
1.81517
1.8132
1.81129
1.80958
1.80822
1.80737
1.80715
1.80759
1.80864
1.81016
1.81194
1.81376
1.81539
1.81669
1.81757
1.81802
1.8181
1.81789
1.81753
1.81711
1.81667
1.81621
1.81569
1.81514
1.81469
1.81464
1.81544
1.81754
1.82117
1.82624
1.83233
1.83879
1.845
1.85045
1.85483
1.858
1.85992
1.86064
1.86023
1.85876
1.85633
1.85306
1.84915
1.84488
1.84063
1.8369
1.83421
1.83298
1.8335
1.83577
1.83955
1.8444
1.84983
1.85532
1.86049
1.86503
1.86879
1.80257
1.80453
1.80582
1.80658
1.80695
1.80711
1.80719
1.80728
1.80744
1.80767
1.80793
1.80818
1.8084
1.80862
1.80893
1.80948
1.81048
1.8121
1.8145
1.8177
1.82162
1.82609
1.83083
1.83558
1.84008
1.84413
1.84757
1.8503
1.85226
1.85342
1.85378
1.85336
1.85221
1.85042
1.84812
1.84551
1.84284
1.84042
1.83857
1.83761
1.83776
1.83913
1.84158
1.84484
1.84848
1.85201
1.85494
1.85686
1.85741
1.8563
1.85334
1.84852
1.84213
1.83495
1.8283
1.82384
1.82298
1.82614
1.83259
1.84076
1.84892
1.85572
1.8603
1.86231
1.86177
1.85906
1.85489
1.85023
1.84616
1.84365
1.8433
1.84525
1.84929
1.85497
1.86178
1.86917
1.87658
1.88348
1.8894
1.89401
1.89714
1.89882
1.89922
1.89861
1.8973
1.89556
1.89357
1.89145
1.88923
1.88695
1.88469
1.88254
1.88069
1.8793
1.87852
1.87843
1.879
1.88015
1.88175
1.88365
1.80198
1.80421
1.80653
1.80888
1.8112
1.81342
1.81545
1.81725
1.81875
1.81996
1.82087
1.82151
1.82192
1.82215
1.82223
1.82222
1.82214
1.82201
1.82184
1.82161
1.82133
1.82094
1.82042
1.81972
1.81881
1.81766
1.81624
1.81454
1.81257
1.81035
1.80793
1.80537
1.80276
1.80019
1.79781
1.79572
1.79407
1.79294
1.7924
1.79248
1.79314
1.79435
1.79601
1.79804
1.80037
1.8029
1.80555
1.80822
1.81083
1.81326
1.81539
1.81712
1.81832
1.81888
1.81866
1.81756
1.81543
1.81217
1.80773
1.80214
1.79559
1.78844
1.78118
1.77436
1.76849
1.76405
1.76146
1.76106
1.76308
1.76746
1.77383
1.78152
1.78973
1.79766
1.80466
1.81023
1.81411
1.81619
1.81653
1.8153
1.81279
1.80945
1.80591
1.80301
1.80166
1.80256
1.80583
1.81091
1.81677
1.82234
1.82682
1.8298
1.83129
1.83151
1.83084
1.82972
1.82855
1.82767
1.82732
1.82764
1.80095
1.80248
1.80435
1.8063
1.80806
1.80938
1.81009
1.81006
1.80925
1.80762
1.80516
1.80181
1.79752
1.79222
1.78592
1.77873
1.77098
1.76326
1.75638
1.75129
1.74883
1.74949
1.7533
1.75977
1.76812
1.77739
1.78663
1.79493
1.8015
1.80569
1.8071
1.80572
1.80217
1.79781
1.79446
1.79373
1.79618
1.80102
1.80662
1.81137
1.81433
1.81532
1.81472
1.81308
1.81082
1.80812
1.80491
1.80125
1.79753
1.79458
1.79328
1.79399
1.79629
1.79914
1.80149
1.80275
1.80301
1.80285
1.80303
1.80413
1.80637
1.80955
1.8132
1.8168
1.81992
1.82229
1.82377
1.82436
1.82414
1.82323
1.82181
1.82005
1.81815
1.8162
1.81421
1.81202
1.80926
1.80532
1.79947
1.79096
1.7795
1.76575
1.7519
1.74128
1.73693
1.73968
1.74785
1.75867
1.76987
1.78022
1.78925
1.79685
1.80306
1.80794
1.81161
1.81417
1.81572
1.81636
1.81616
1.81523
1.79843
1.79636
1.79404
1.79169
1.78953
1.78773
1.78645
1.78578
1.78572
1.78625
1.78728
1.78867
1.7903
1.79202
1.79373
1.79532
1.79674
1.79795
1.79894
1.79971
1.80029
1.8007
1.801
1.80123
1.80144
1.80168
1.80198
1.80238
1.80287
1.80344
1.80405
1.80465
1.80519
1.80561
1.80588
1.80597
1.80589
1.80569
1.8054
1.80507
1.80474
1.80442
1.8041
1.80373
1.80321
1.80244
1.80127
1.79961
1.79738
1.79458
1.79134
1.78789
1.7846
1.78192
1.78027
1.77995
1.78104
1.78339
1.78661
1.79022
1.79374
1.79678
1.79906
1.80046
1.80099
1.80074
1.79991
1.79872
1.79743
1.79629
1.79549
1.79519
1.79547
1.79635
1.79778
1.79966
1.80186
1.80423
1.80665
1.80901
1.81124
1.8133
1.81518
1.81691
1.81848
1.8199
1.8211
1.82198
1.82238
1.8221
1.82092
1.81868
1.81528
1.81079
1.80542
1.7996
1.79382
1.78861
1.78438
1.7814
1.79852
1.79846
1.80004
1.80328
1.80805
1.81404
1.82076
1.82759
1.83394
1.83926
1.84314
1.84526
1.84546
1.84372
1.84015
1.83501
1.82872
1.82186
1.81507
1.80898
1.80411
1.80077
1.799
1.79867
1.79949
1.80114
1.80336
1.80594
1.80871
1.81152
1.81416
1.8164
1.818
1.8187
1.81834
1.81677
1.81399
1.81011
1.80548
1.80063
1.79621
1.79286
1.79092
1.79028
1.79041
1.79049
1.78978
1.78776
1.7844
1.78014
1.77589
1.77274
1.77156
1.77267
1.77572
1.77989
1.78427
1.78815
1.79112
1.79303
1.79392
1.79393
1.7932
1.79188
1.79008
1.78787
1.78532
1.78248
1.77939
1.77611
1.77269
1.76922
1.7658
1.76254
1.75956
1.75698
1.7549
1.75342
1.75258
1.75237
1.75274
1.75359
1.75477
1.75611
1.75742
1.75853
1.75927
1.7595
1.7591
1.758
1.75614
1.7535
1.75014
1.74612
1.74163
1.73691
1.73229
1.72817
1.72493
1.72292
1.7995
1.80037
1.80249
1.80552
1.80905
1.81271
1.81617
1.81924
1.82181
1.82387
1.82546
1.82666
1.82755
1.82822
1.82876
1.82924
1.8297
1.83019
1.83072
1.83129
1.83188
1.83246
1.83298
1.8334
1.83366
1.83372
1.83357
1.8332
1.83261
1.83184
1.83094
1.82998
1.82902
1.82812
1.82732
1.82664
1.82609
1.82565
1.8253
1.82503
1.82483
1.82469
1.82458
1.82446
1.82423
1.82379
1.82304
1.82192
1.82046
1.81879
1.8171
1.8156
1.8145
1.81389
1.81378
1.8141
1.81476
1.81566
1.81676
1.81809
1.81971
1.82172
1.82419
1.82718
1.83068
1.83456
1.8386
1.84251
1.84594
1.84854
1.84998
1.84993
1.84816
1.84447
1.83876
1.8311
1.82177
1.81137
1.80077
1.79103
1.78307
1.77735
1.77373
1.77164
1.77042
1.76974
1.76974
1.77091
1.77389
1.77912
1.78664
1.79598
1.80636
1.81686
1.82669
1.83528
1.8423
1.84769
1.8515
1.85387
