-0.0401883
-0.0402093
-0.0402338
-0.0402832
-0.0403459
-0.040422
-0.0405142
-0.0406012
-0.0407046
-0.0408293
-0.0409637
-0.0410986
-0.0412439
-0.0414093
-0.0415928
-0.0417949
-0.041997
-0.0422233
-0.0424577
-0.0427126
-0.0429839
-0.0432817
-0.043583
-0.0439123
-0.0442608
-0.0446389
-0.0450311
-0.0454266
-0.0458502
-0.0463031
-0.0467915
-0.0473166
-0.0478563
-0.048436
-0.0490337
-0.0496703
-0.0503433
-0.0510431
-0.0517839
-0.0525775
-0.0534124
-0.0543052
-0.0552442
-0.0562342
-0.0572864
-0.0583854
-0.0595528
-0.0607652
-0.0620279
-0.0633442
-0.0646878
-0.0660284
-0.0673395
-0.0685674
-0.0696284
-0.0704162
-0.070759
-0.0704433
-0.0692252
-0.0667965
-0.0628973
-0.0574262
-0.0506654
-0.0435278
-0.0376043
-0.0347458
-0.0362428
-0.0421105
-0.0510524
-0.0612442
-0.071078
-0.0796606
-0.0866879
-0.0922698
-0.0966613
-0.100166
-0.103058
-0.105548
-0.107787
-0.109896
-0.111953
-0.11399
-0.116039
-0.118118
-0.120216
-0.122318
-0.124396
-0.126406
-0.128311
-0.130052
-0.131586
-0.132868
-0.133854
-0.134586
-0.13511
-0.135541
-0.136074
-0.136959
-0.138411
-0.140649
-0.143998
-0.147815
-0.152171
-0.156819
-0.16144
-0.165827
-0.169818
-0.173359
-0.176468
-0.179194
-0.181627
-0.183809
-0.185764
-0.187456
-0.188778
-0.189624
-0.189926
-0.189708
-0.189133
-0.188453
-0.187959
-0.187872
-0.188195
-0.188788
-0.189397
-0.189853
-0.19017
-0.190589
-0.191492
-0.193309
-0.196244
-0.200341
-0.205401
-0.211027
-0.216799
-0.222281
-0.227138
-0.231163
-0.234306
-0.236697
-0.238618
-0.24041
-0.242374
-0.244641
-0.247095
-0.249451
-0.251352
-0.252541
-0.252909
-0.252518
-0.251592
-0.250476
-0.249578
-0.24925
-0.249694
-0.250852
-0.252436
-0.254048
-0.255304
-0.256023
-0.256208
-0.256097
-0.256036
-0.25633
-0.257181
-0.258624
-0.260531
-0.262648
-0.264716
-0.266465
-0.267713
-0.26836
-0.268419
-0.267989
-0.267277
-0.266494
-0.265845
-0.265494
-0.265517
-0.265886
-0.266494
-0.267218
-0.267962
-0.268693
-0.269429
-0.270215
-0.271149
-0.272259
-0.27356
-0.275036
-0.276627
-0.278254
-0.279805
-0.28119
-0.282309
-0.283081
-0.283448
-0.283408
-0.283009
-0.282391
-0.28168
-0.281246
-0.28117
-0.281583
-0.282516
-0.283909
-0.285613
-0.287447
-0.289203
-0.290681
-0.29169
-0.292081
-0.291711
-0.290432
-0.288119
-0.284602
-0.279763
-0.273529
-0.265966
-0.257456
-0.248803
-0.241344
-0.236623
-0.235889
-0.239368
-0.246095
-0.254363
-0.262486
-0.269299
-0.274253
-0.277332
-0.278801
-0.279061
-0.278535
-0.277618
-0.276631
-0.275797
-0.275264
-0.275107
-0.275358
-0.275992
-0.276977
-0.27824
-0.279695
-0.281238
-0.282749
-0.284107
-0.285179
-0.28587
-0.286101
-0.285805
-0.284932
-0.283475
-0.281436
-0.278834
-0.27576
-0.272335
-0.268792
-0.265515
-0.26303
-0.261935
-0.262717
-0.265567
-0.270253
-0.276193
-0.282601
-0.288729
-0.294028
-0.298181
-0.301143
-0.303081
-0.304349
-0.305474
-0.307
-0.309376
-0.312796
-0.317122
-0.321943
-0.32668
-0.330754
-0.33369
-0.335134
-0.334864
-0.332773
-0.328826
-0.323174
-0.316159
-0.308375
-0.300714
-0.294228
-0.289948
-0.288564
-0.290228
-0.294534
-0.300719
-0.307871
-0.315165
-0.322007
-0.32807
-0.333206
-0.33764
-0.340799
-0.34316
-0.344696
-0.345317
-0.344934
-0.343434
-0.34079
-0.336984
-0.332011
-0.325917
-0.318816
-0.310962
-0.302893
-0.295485
-0.289905
-0.287331
-0.288424
-0.293062
-0.300304
-0.308859
-0.317515
-0.32543
-0.332141
-0.337495
-0.341449
-0.344051
-0.345337
-0.345343
-0.344057
-0.341484
-0.337666
-0.332723
-0.326955
-0.320815
-0.314919
-0.309883
-0.306204
-0.304053
-0.303294
-0.30353
-0.304282
-0.305086
-0.305604
-0.305571
-0.304806
-0.303144
-0.300454
-0.296748
-0.29218
-0.287228
-0.282661
-0.279442
-0.278378
-0.279817
-0.283472
-0.288527
-0.294048
-0.299207
-0.303514
-0.30675
-0.308913
-0.310131
-0.310531
-0.310253
-0.309424
-0.308141
-0.30648
-0.304495
-0.302218
-0.299686
-0.296938
-0.293992
-0.290908
-0.287762
-0.284633
-0.281654
-0.278937
-0.276631
-0.274842
-0.273656
-0.273096
-0.273125
-0.273632
-0.2745
-0.275543
-0.276595
-0.277473
-0.278044
-0.278164
-0.277778
-0.27682
-0.275318
-0.273364
-0.271123
-0.268836
-0.266768
-0.265166
-0.264217
-0.263996
-0.264475
-0.265439
-0.266735
-0.268198
-0.269733
-0.271288
-0.272851
-0.274439
-0.276107
-0.277877
-0.279744
-0.281707
-0.283727
-0.285752
-0.28775
-0.289643
-0.291388
-0.292943
-0.294268
-0.295314
-0.296062
-0.29651
-0.296658
-0.296551
-0.296205
-0.295562
-0.294449
-0.292535
-0.289442
-0.284839
-0.278713
-0.27154
-0.264406
-0.258665
-0.255422
-0.255052
-0.257188
-0.261203
-0.266615
-0.273089
-0.280279
-0.287713
-0.294845
-0.301252
-0.306724
-0.311323
-0.315188
-0.318614
-0.321821
-0.324996
-0.328234
-0.331547
-0.334882
-0.338158
-0.341324
-0.344311
-0.347064
-0.349577
-0.351819
-0.353821
-0.355585
-0.3571
-0.358387
-0.359398
-0.360117
-0.360501
-0.360488
-0.360025
-0.359082
-0.357594
-0.35557
-0.353082
-0.350267
-0.347395
-0.344808
-0.342958
-0.342254
-0.343035
-0.345368
-0.34907
-0.353699
-0.358694
-0.363524
-0.367736
-0.371063
-0.373391
-0.374757
-0.375292
-0.375185
-0.374676
-0.374006
-0.373375
-0.372994
-0.37301
-0.373522
-0.374559
-0.376079
-0.377986
-0.380077
-0.38212
-0.38392
-0.384922
-0.38506
-0.384099
-0.381881
-0.378388
-0.373753
-0.368342
-0.36274
-0.35767
-0.353788
-0.351581
-0.351147
-0.35226
-0.354467
-0.357182
-0.35991
-0.362211
-0.363779
-0.364408
-0.364039
-0.362811
-0.361068
-0.359291
-0.358055
-0.357847
-0.35892
-0.361247
-0.364586
-0.368544
-0.372749
-0.376814
-0.380499
-0.383644
-0.386173
-0.388063
-0.389349
-0.390055
-0.390211
-0.389841
-0.388935
-0.387529
-0.385677
-0.383474
-0.381099
-0.378803
-0.376832
-0.375406
-0.37469
-0.374671
-0.375277
-0.376271
-0.377408
-0.378437
-0.379147
-0.379405
-0.379165
-0.378406
-0.377182
-0.375626
-0.373836
-0.371921
-0.369972
-0.368008
-0.366007
-0.363875
-0.361511
-0.358834
-0.355829
-0.352594
-0.349332
-0.346385
-0.344109
-0.342836
-0.342682
-0.343518
-0.344955
-0.346443
-0.347429
-0.347499
-0.346468
-0.344427
-0.34169
-0.338769
-0.33615
-0.334216
-0.333123
-0.332765
-0.332828
-0.332967
-0.332898
-0.332453
-0.33162
-0.33055
-0.329561
-0.328998
-0.329241
-0.33052
-0.332865
-0.336109
-0.340244
-0.344097
-0.347643
-0.350566
-0.352681
-0.353861
-0.354076
-0.353366
-0.35183
-0.349669
-0.347104
-0.34445
-0.342033
-0.340147
-0.338981
-0.338559
-0.33877
-0.339369
-0.340049
-0.340484
-0.340425
-0.33972
-0.338294
-0.336182
-0.333554
-0.330696
-0.327975
-0.325776
-0.324399
-0.323984
-0.324449
-0.32552
-0.326823
-0.328003
-0.328808
-0.329164
-0.329203
-0.329186
-0.329434
-0.330234
-0.331733
-0.333876
-0.336453
-0.339105
-0.341493
-0.34329
-0.344317
-0.344482
-0.343814
-0.342427
-0.340492
-0.338185
-0.335657
-0.33304
-0.330413
-0.327852
-0.325473
-0.323404
-0.321806
-0.320828
-0.32048
-0.320661
-0.321215
-0.321976
-0.323009
-0.324557
-0.327046
-0.330788
-0.335899
-0.342106
-0.348825
-0.355411
-0.361344
-0.366294
-0.370148
-0.372941
-0.374819
-0.375956
-0.37655
-0.376767
-0.376739
-0.376567
-0.376292
-0.37591
-0.375395
-0.374655
-0.373537
-0.371896
-0.369563
-0.366424
-0.362431
-0.357695
-0.352481
-0.347199
-0.342275
-0.338026
-0.334516
-0.331565
-0.328863
-0.326181
-0.323221
-0.320784
-0.319037
-0.318392
-0.319078
-0.3211
-0.324244
-0.328158
-0.332474
-0.336854
-0.341071
-0.344987
-0.348535
-0.351718
-0.354579
-0.357164
-0.35954
-0.361766
-0.363907
-0.365982
-0.368021
-0.370024
-0.371969
-0.373834
-0.375575
-0.377125
-0.378404
-0.379299
-0.379661
-0.379323
-0.378056
-0.3756
-0.371684
-0.366068
-0.358648
-0.349565
-0.339351
-0.328958
-0.319666
-0.312622
-0.308586
-0.307622
-0.309254
-0.312729
-0.31724
-0.322173
-0.327121
-0.331935
-0.336623
-0.341257
-0.345898
-0.35051
-0.354965
-0.359095
-0.362711
-0.36563
-0.367734
-0.368949
-0.369256
-0.368731
-0.36749
-0.36578
-0.363938
-0.362341
-0.361378
-0.361355
-0.362424
-0.364547
-0.367494
-0.37099
-0.374726
-0.37847
-0.382043
-0.385379
-0.388446
-0.391261
-0.393874
-0.396305
-0.398603
-0.40079
-0.402881
-0.404846
-0.406676
-0.408309
-0.40967
-0.410623
-0.411
-0.410602
-0.409188
-0.406468
-0.402156
-0.395986
-0.387775
-0.377546
-0.365574
-0.352571
-0.339657
-0.32816
-0.3193
-0.313795
-0.311492
-0.31285
-0.31739
-0.324834
-0.334495
-0.345282
-0.35599
-0.365695
-0.373942
-0.380706
-0.386255
-0.3909
-0.394983
-0.398722
-0.402325
-0.405919
-0.409547
-0.413264
-0.417046
-0.420846
-0.424595
-0.428213
-0.431589
-0.434639
-0.437257
-0.439438
-0.441162
-0.442443
-0.443289
-0.443749
-0.4439
-0.443763
-0.443458
-0.443078
-0.442744
-0.442609
-0.442748
-0.443174
-0.443804
-0.444453
-0.444824
-0.444583
-0.443381
-0.440963
-0.43713
-0.431947
-0.425662
-0.418722
-0.411717
-0.405173
-0.399571
-0.395191
-0.392204
-0.390655
-0.390477
-0.391499
-0.393517
-0.396353
-0.399895
-0.404069
-0.408764
-0.413837
-0.419081
-0.424195
-0.428929
-0.433046
-0.43638
-0.438845
-0.440445
-0.441259
-0.441409
-0.441061
-0.440402
-0.439591
-0.438767
-0.437995
-0.437263
-0.436547
-0.435713
-0.434606
-0.433091
-0.431097
-0.428646
-0.425847
-0.422977
-0.420375
-0.418378
-0.417246
-0.417094
-0.417796
-0.419081
-0.420554
-0.421779
-0.422384
-0.4221
-0.420837
-0.418683
-0.415845
-0.412665
-0.409457
-0.406196
-0.403675
-0.401671
-0.400302
-0.39979
-0.400354
-0.402099
-0.404915
-0.408423
-0.412185
-0.415685
-0.418475
-0.420211
-0.420636
-0.419593
-0.417007
-0.413027
-0.407952
-0.402336
-0.396932
-0.392565
-0.389876
-0.389195
-0.39038
-0.393027
-0.396569
-0.400506
-0.404493
-0.40833
-0.411941
-0.415298
-0.41839
-0.421184
-0.423684
-0.425822
-0.427591
-0.428974
-0.429939
-0.430512
-0.430677
-0.430439
-0.429801
-0.428787
-0.427398
-0.425656
-0.423592
-0.421235
-0.41866
-0.415954
-0.413203
-0.410577
-0.408207
-0.406273
-0.404931
-0.404293
-0.404436
-0.405359
-0.407019
-0.409277
-0.41198
-0.414955
-0.418024
-0.421044
-0.423883
-0.426449
-0.428671
-0.430511
-0.431919
-0.432891
-0.433378
-0.433352
-0.432744
-0.431502
-0.429551
-0.426864
-0.423452
-0.419463
-0.415193
-0.41114
-0.40799
-0.406383
-0.406759
-0.409098
-0.41292
-0.417401
-0.421597
-0.424681
-0.426052
-0.425441
-0.422996
-0.419354
-0.415606
-0.413128
-0.413118
-0.416064
-0.421603
-0.42868
-0.436113
-0.442914
-0.448471
-0.45275
-0.454893
-0.455298
-0.453975
-0.450915
-0.446128
-0.439569
-0.431165
-0.420986
-0.409489
-0.397867
-0.38817
-0.382655
-0.382471
-0.386704
-0.392793
-0.39796
-0.400459
-0.399879
-0.396886
-0.392759
-0.388846
-0.386067
-0.384663
-0.384219
-0.384106
-0.383792
-0.383041
-0.381855
-0.380287
-0.378389
-0.376235
-0.374135
-0.372703
-0.372809
-0.375105
-0.379687
-0.385921
-0.39272
-0.39901
-0.404025
-0.407432
-0.409234
-0.409614
-0.408834
-0.407145
-0.404728
-0.40175
-0.398289
-0.394426
-0.390285
-0.386075
-0.382028
-0.378442
-0.3756
-0.373726
-0.372858
-0.372838
-0.373344
-0.373918
-0.374066
-0.373326
-0.371297
-0.367708
-0.362555
-0.35622
-0.349557
-0.343854
-0.340497
-0.340303
-0.343174
-0.348137
-0.353843
-0.359114
-0.363212
-0.36583
-0.366949
-0.366654
-0.365028
-0.362109
-0.35785
-0.352113
-0.344749
-0.335665
-0.325031
-0.313478
-0.302213
-0.292867
-0.28688
-0.284753
-0.285754
-0.288308
-0.29079
-0.292106
-0.291799
-0.290026
-0.287292
-0.28431
-0.281823
-0.280505
-0.28084
-0.282952
-0.286608
-0.291264
-0.296269
-0.300974
-0.304876
-0.307669
-0.309239
-0.309552
-0.308674
-0.306702
-0.303754
-0.299966
-0.295575
-0.290914
-0.286486
-0.282881
-0.280661
-0.280216
-0.281606
-0.284525
-0.288428
-0.292685
-0.296788
-0.300402
-0.303363
-0.305628
-0.307252
-0.308313
-0.308898
-0.309113
-0.309004
-0.308643
-0.308065
-0.307295
-0.306368
-0.305276
-0.304027
-0.302632
-0.301087
-0.29939
-0.297562
-0.295623
-0.293655
-0.291756
-0.290043
-0.288685
-0.28784
-0.287616
-0.288051
-0.289103
-0.290633
-0.292424
-0.294237
-0.295861
-0.29716
-0.298029
-0.298485
-0.298554
-0.298352
-0.297997
-0.297569
-0.297136
-0.296673
-0.29615
-0.295597
-0.295146
-0.295098
-0.295903
-0.298004
-0.30163
-0.306702
-0.312783
-0.319246
-0.325444
-0.330901
-0.335282
-0.338446
-0.340376
-0.341103
-0.340689
-0.339216
-0.336787
-0.333523
-0.329599
-0.32532
-0.321082
-0.31736
-0.314657
-0.313426
-0.313949
-0.316215
-0.319998
-0.324852
-0.330274
-0.335775
-0.340935
-0.345478
-0.349231
-0.352292
-0.354244
-0.355535
-0.356285
-0.356663
-0.356828
-0.356908
-0.357007
-0.357168
-0.357387
-0.357651
-0.357904
-0.358125
-0.358346
-0.35866
-0.359219
-0.36022
-0.361846
-0.36424
-0.367432
-0.371355
-0.375821
-0.380566
-0.385316
-0.389824
-0.393868
-0.397298
-0.400037
-0.401992
-0.403156
-0.403511
-0.403089
-0.401938
-0.400141
-0.397837
-0.395222
-0.392552
-0.39013
-0.388273
-0.387305
-0.387464
-0.38882
-0.391285
-0.394547
-0.39819
-0.401714
-0.404656
-0.406571
-0.40712
-0.40601
-0.403058
-0.398236
-0.391846
-0.384649
-0.378002
-0.373546
-0.372684
-0.375852
-0.382299
-0.390472
-0.398645
-0.405449
-0.410028
-0.412025
-0.411487
-0.40878
-0.404616
-0.399957
-0.395893
-0.393375
-0.393012
-0.394967
-0.399
-0.404686
-0.411486
-0.41887
-0.426289
-0.433189
-0.439106
-0.443712
-0.446857
-0.448548
-0.448946
-0.448331
-0.447019
-0.445279
-0.443302
-0.441177
-0.43896
-0.4367
-0.434422
-0.432285
-0.430436
-0.429057
-0.428277
-0.428175
-0.428744
-0.429898
-0.431495
-0.433384
-0.435672
-0.437902
-0.440218
-0.442572
-0.4449
-0.447119
-0.449153
-0.450946
-0.452465
-0.45367
-0.454579
-0.455218
-0.455634
-0.45586
-0.455954
-0.45594
-0.455858
-0.455726
-0.455554
-0.455338
-0.455049
-0.45466
-0.45414
-0.453442
-0.452533
-0.451383
-0.449968
-0.448272
-0.446298
-0.444079
-0.441658
-0.439093
-0.436469
-0.433905
-0.431509
-0.429421
-0.427758
-0.426634
-0.426088
-0.426166
-0.426829
-0.428033
-0.429686
-0.431722
-0.434045
-0.436575
-0.439227
-0.441906
-0.444514
-0.446935
-0.44907
-0.450799
-0.452003
-0.452558
-0.452351
-0.451239
-0.449108
-0.445861
-0.441416
-0.435823
-0.429277
-0.422126
-0.414863
-0.408042
-0.40218
-0.397744
-0.39515
-0.394763
-0.396796
-0.401179
-0.407541
-0.415231
-0.423445
-0.431387
-0.438374
-0.443949
-0.447829
-0.449911
-0.45025
-0.449009
-0.446498
-0.443149
-0.439601
-0.436698
-0.435345
-0.436255
-0.43953
-0.444608
-0.450466
-0.45603
-0.460508
-0.463493
-0.464969
-0.465191
-0.46452
-0.463403
-0.462232
-0.461358
-0.461011
-0.461323
-0.462389
-0.46393
-0.465812
-0.467762
-0.469515
-0.47084
-0.471556
-0.471529
-0.470718
-0.469082
-0.466619
-0.463275
-0.458986
-0.453684
-0.447385
-0.440194
-0.43244
-0.42471
-0.417837
-0.41275
-0.410301
-0.410966
-0.414768
-0.421242
-0.429594
-0.438869
-0.448113
-0.45642
-0.462986
-0.467175
-0.468579
-0.467206
-0.463667
-0.459304
-0.455955
-0.455221
-0.45767
-0.462516
-0.468116
-0.472876
-0.47583
-0.476831
-0.476231
-0.474583
-0.472327
-0.469614
-0.466405
-0.462749
-0.459034
-0.456078
-0.454774
-0.455484
-0.457789
-0.46064
-0.46298
-0.464238
-0.464503
-0.464341
-0.464522
-0.465638
-0.467873
-0.47103
-0.474685
-0.47829
-0.481418
-0.483778
-0.485257
-0.485834
-0.485609
-0.484706
-0.483295
-0.481541
-0.479644
-0.477694
-0.475707
-0.473526
-0.470773
-0.466848
-0.460986
-0.452477
-0.440998
-0.427258
-0.413402
-0.402779
-0.398421
-0.401164
-0.409342
-0.420162
-0.431363
-0.441708
-0.450736
-0.458352
-0.464558
-0.469433
-0.473097
-0.475665
-0.477212
-0.477846
-0.47764
-0.476707
-0.474938
-0.472871
-0.470569
-0.468221
-0.466054
-0.464268
-0.462985
-0.462313
-0.462262
-0.462796
-0.463828
-0.465224
-0.466853
-0.468581
-0.470287
-0.471882
-0.4733
-0.474515
-0.475493
-0.476262
-0.476843
-0.477249
-0.47754
-0.477761
-0.477974
-0.478207
-0.478514
-0.478905
-0.479397
-0.479972
-0.480582
-0.481182
-0.481715
-0.482137
-0.482413
-0.482509
-0.482443
-0.482234
-0.481949
-0.481616
-0.481285
-0.480972
-0.480658
-0.480285
-0.47977
-0.478988
-0.477817
-0.47614
-0.473904
-0.471115
-0.467868
-0.464426
-0.46114
-0.458457
-0.456803
-0.456488
-0.457588
-0.459923
-0.463146
-0.466771
-0.470292
-0.473333
-0.47561
-0.477021
-0.477533
-0.477288
-0.476451
-0.475258
-0.473975
-0.472824
-0.472034
-0.471744
-0.472028
-0.472916
-0.474334
-0.476213
-0.478408
-0.480791
-0.483206
-0.485565
-0.487801
-0.489859
-0.491752
-0.493479
-0.495058
-0.496478
-0.497682
-0.49856
-0.498963
-0.498685
-0.497517
-0.495271
-0.491875
-0.487372
-0.482007
-0.476169
-0.470382
-0.46517
-0.460933
-0.457951
-0.45614
-0.456077
-0.457663
-0.460904
-0.465675
-0.471662
-0.478373
-0.485204
-0.491551
-0.496878
-0.500745
-0.502865
-0.503074
-0.501329
-0.497757
-0.492617
-0.486332
-0.479473
-0.472676
-0.46658
-0.461708
-0.458364
-0.456605
-0.456274
-0.457088
-0.458735
-0.460951
-0.46353
-0.466304
-0.469118
-0.471768
-0.474011
-0.475607
-0.47631
-0.475954
-0.47439
-0.471599
-0.467724
-0.463093
-0.458235
-0.45382
-0.450463
-0.448524
-0.447877
-0.448004
-0.448085
-0.447371
-0.445356
-0.441992
-0.437725
-0.433476
-0.430311
-0.429133
-0.430244
-0.433297
-0.437471
-0.44185
-0.445731
-0.44869
-0.450597
-0.451482
-0.451487
-0.450767
-0.449446
-0.447645
-0.445441
-0.442891
-0.440049
-0.436963
-0.433677
-0.430276
-0.426803
-0.423379
-0.420123
-0.417142
-0.414555
-0.412483
-0.411005
-0.410158
-0.409953
-0.410332
-0.411181
-0.41236
-0.413699
-0.415007
-0.416117
-0.416851
-0.417085
-0.416692
-0.415594
-0.41373
-0.411094
-0.40773
-0.403719
-0.399231
-0.39451
-0.389893
-0.385765
-0.382533
-0.380524
-0.379842
-0.380708
-0.382821
-0.385849
-0.389384
-0.393041
-0.396502
-0.399568
-0.402138
-0.40421
-0.40581
-0.406996
-0.407876
-0.408554
-0.409093
-0.409566
-0.410027
-0.410517
-0.411045
-0.411609
-0.412198
-0.412776
-0.413289
-0.413698
-0.413964
-0.414035
-0.413889
-0.413513
-0.412925
-0.412153
-0.41125
-0.410291
-0.409321
-0.408423
-0.407629
-0.406952
-0.406396
-0.405952
-0.405596
-0.405323
-0.405127
-0.404986
-0.404871
-0.404734
-0.404504
-0.40406
-0.403308
-0.402194
-0.400739
-0.399055
-0.39736
-0.395862
-0.394751
-0.394143
-0.394037
-0.394366
-0.395019
-0.395905
-0.397022
-0.39835
-0.399975
-0.401975
-0.404443
-0.407438
-0.410931
-0.414818
-0.418856
-0.422775
-0.426219
-0.428826
-0.430266
-0.430223
-0.428451
-0.424769
-0.419056
-0.41139
-0.402056
-0.391637
-0.381025
-0.371285
-0.363319
-0.357601
-0.353978
-0.351884
-0.350667
-0.349991
-0.349969
-0.351148
-0.354126
-0.359363
-0.366882
-0.376225
-0.386599
-0.397097
-0.406929
-0.415497
-0.422526
-0.427912
-0.431719
-0.434099
