1.20061
1.20056
1.19988
1.19865
1.19693
1.19478
1.19231
1.18967
1.18707
1.18476
1.18301
1.18205
1.18198
1.18277
1.18424
1.18615
1.18823
1.19028
1.19215
1.19375
1.19506
1.19607
1.19682
1.19733
1.19763
1.19773
1.19766
1.19743
1.19706
1.19654
1.19588
1.1951
1.19419
1.19317
1.19203
1.19076
1.18938
1.18788
1.18627
1.18458
1.18288
1.18124
1.17976
1.17857
1.17777
1.17747
1.17772
1.17855
1.17993
1.18182
1.18412
1.18675
1.1896
1.19256
1.19553
1.19843
1.20115
1.20363
1.20576
1.20749
1.20875
1.20951
1.20978
1.20962
1.20912
1.20842
1.20767
1.207
1.20649
1.20612
1.20584
1.20555
1.20518
1.2047
1.20418
1.20371
1.20344
1.20349
1.20391
1.2047
1.20576
1.20694
1.20809
1.20902
1.2096
1.20972
1.2093
1.20831
1.20674
1.20463
1.202
1.19895
1.19556
1.19193
1.18819
1.18447
1.18091
1.17766
1.17486
1.17267
1.17125
1.17077
1.17135
1.17309
1.17594
1.17977
1.1843
1.18915
1.19393
1.19827
1.20184
1.20441
1.20582
1.20596
1.20478
1.20223
1.19834
1.19321
1.1871
1.18051
1.17415
1.16886
1.16539
1.16412
1.16497
1.16742
1.1707
1.17401
1.17668
1.17829
1.17871
1.17811
1.17693
1.17571
1.17492
1.17476
1.17511
1.17558
1.17567
1.17493
1.17308
1.17004
1.16591
1.161
1.15582
1.15102
1.14734
1.14542
1.14549
1.14732
1.15024
1.15343
1.15616
1.15803
1.15892
1.15899
1.1585
1.15777
1.15705
1.15647
1.15608
1.15585
1.1557
1.1556
1.15551
1.15547
1.15552
1.15572
1.15609
1.15662
1.15724
1.15784
1.15827
1.15841
1.15816
1.15747
1.15635
1.15491
1.15334
1.15188
1.15078
1.15024
1.15035
1.15103
1.15209
1.15326
1.15429
1.15494
1.15506
1.15457
1.15345
1.15173
1.14949
1.14682
1.14387
1.14076
1.13764
1.13462
1.1318
1.12926
1.12705
1.12523
1.12384
1.1229
1.12245
1.12253
1.12318
1.12443
1.12631
1.12877
1.13171
1.13492
1.13815
1.14117
1.14379
1.14588
1.14741
1.14836
1.14878
1.1487
1.14816
1.14721
1.14586
1.14413
1.14203
1.13957
1.13679
1.13378
1.13068
1.12769
1.12507
1.12304
1.12175
1.12125
1.12143
1.1221
1.12309
1.12424
1.12544
1.12663
1.12775
1.12876
1.12958
1.13017
1.1305
1.13055
1.13038
1.13007
1.12972
1.12943
1.12929
1.12933
1.12949
1.12971
1.12984
1.12979
1.12947
1.1289
1.12814
1.12734
1.12667
1.12629
1.12632
1.1268
1.12766
1.12879
1.13
1.13112
1.13202
1.13264
1.13298
1.13311
1.13313
1.13321
1.13345
1.13394
1.13472
1.13573
1.13688
1.13805
1.1391
1.13988
1.14029
1.14022
1.13957
1.13827
1.13627
1.13354
1.13017
1.12631
1.12231
1.11861
1.11573
1.11408
1.11389
1.11512
1.11751
1.12073
1.12443
1.12831
1.13214
1.13572
1.13892
1.14162
1.14374
1.14525
1.14609
1.14624
1.14566
1.14432
1.14215
1.13914
1.1353
1.13074
1.12565
1.12036
1.11524
1.11069
1.10707
1.10466
1.10374
1.1045
1.10705
1.11121
1.11651
1.12228
1.12778
1.13244
1.13594
1.13821
1.13937
1.13966
1.13935
1.13867
1.13778
1.13675
1.13566
1.13455
1.13358
1.13293
1.13283
1.13344
1.13482
1.1369
1.1395
1.14236
1.14522
1.14788
1.1502
1.15209
1.15357
1.15463
1.15534
1.15574
1.1559
1.15585
1.15565
1.15532
1.15489
1.15439
1.15383
1.15324
1.15264
1.15205
1.1515
1.15102
1.15063
1.15035
1.15018
1.15013
1.15016
1.15026
1.15036
1.15041
1.15034
1.15008
1.14961
1.1489
1.148
1.14697
1.14592
1.14501
1.14436
1.14411
1.1443
1.14495
1.14598
1.14727
1.14868
1.15005
1.15126
1.15221
1.1528
1.15298
1.15271
1.15196
1.15073
1.14903
1.14695
1.14462
1.14225
1.14008
1.13832
1.13707
1.13629
1.13585
1.13562
1.13559
1.13592
1.13688
1.13866
1.1413
1.14453
1.14794
1.15102
1.15339
1.15482
1.15523
1.15467
1.15332
1.1514
1.14918
1.1469
1.1448
1.14303
1.14169
1.14076
1.14021
1.13995
1.13988
1.13994
1.14008
1.1403
1.14062
1.14108
1.14171
1.14251
1.14344
1.14443
1.14538
1.14619
1.1468
1.14715
1.14724
1.1471
1.14681
1.14642
1.14602
1.14566
1.14539
1.14523
1.14518
1.14522
1.14533
1.14548
1.14563
1.14573
1.14573
1.1456
1.14536
1.14506
1.14483
1.1448
1.14508
1.14567
1.14649
1.1473
1.14787
1.14794
1.14734
1.14598
1.1439
1.14125
1.13829
1.13537
1.13289
1.13115
1.13034
1.13049
1.13155
1.13339
1.1359
1.13895
1.14241
1.14611
1.14988
1.15357
1.15705
1.16023
1.16306
1.16551
1.16758
1.16926
1.17054
1.17142
1.17189
1.17197
1.17168
1.17106
1.1702
1.16924
1.16835
1.16772
1.16753
1.16788
1.16882
1.17025
1.17202
1.17393
1.17578
1.17739
1.17864
1.17948
1.17988
1.1799
1.17958
1.17901
1.17826
1.17738
1.1764
1.17531
1.17406
1.17263
1.17097
1.1691
1.16706
1.16492
1.16278
1.16072
1.15875
1.15685
1.15494
1.15291
1.15073
1.14846
1.14636
1.14482
1.14429
1.14505
1.14716
1.15045
1.15458
1.15922
1.16403
1.16875
1.17314
1.177
1.1802
1.18269
1.18446
1.18555
1.18603
1.18599
1.18551
1.18468
1.18359
1.18236
1.18107
1.17984
1.17877
1.17794
1.17741
1.17721
1.17735
1.1778
1.17851
1.17939
1.18037
1.18137
1.1823
1.18309
1.1837
1.18407
1.18418
1.18403
1.18361
1.18294
1.18205
1.18098
1.1798
1.17855
1.17732
1.17616
1.17515
1.17433
1.17373
1.17338
1.17327
1.17337
1.17365
1.17407
1.17458
1.17513
1.17567
1.17617
1.17657
1.17682
1.17688
1.17666
1.17605
1.1749
1.17301
1.17008
1.16576
1.15964
1.15145
1.14129
1.12998
1.11937
1.11188
1.10946
1.11249
1.11969
1.12912
1.13902
1.14824
1.15619
1.16264
1.1676
1.1712
1.17363
1.17505
1.17558
1.17534
1.17437
1.17272
1.17041
1.16751
1.16412
1.16041
1.15668
1.15328
1.1506
1.14899
1.14863
1.14946
1.15124
1.15356
1.15597
1.15808
1.15961
1.16042
1.1605
1.15999
1.15913
1.15822
1.15753
1.15726
1.15743
1.15795
1.15859
1.1591
1.15921
1.15873
1.15751
1.15549
1.15267
1.14914
1.14514
1.14102
1.13727
1.13444
1.13303
1.13326
1.13507
1.13809
1.1418
1.14569
1.14932
1.15242
1.15481
1.15636
1.15704
1.15681
1.15571
1.15379
1.15115
1.14796
1.14436
1.14053
1.13668
1.13304
1.12992
1.12769
1.12668
1.12711
1.12894
1.13186
1.13538
1.13894
1.14205
1.14437
1.1457
1.14596
1.1452
1.14352
1.1411
1.13816
1.13496
1.13177
1.12888
1.12649
1.12475
1.12366
1.12316
1.12306
1.12313
1.12315
1.1229
1.12224
1.12108
1.11946
1.11747
1.11532
1.1133
1.1117
1.11076
1.11058
1.11112
1.11222
1.11362
1.1151
1.11646
1.11759
1.11843
1.11899
1.11931
1.11943
1.11942
1.11932
1.11917
1.11902
1.11887
1.11876
1.11867
1.11861
1.11858
1.11856
1.11854
1.11853
1.11851
1.1185
1.11848
1.11847
1.11848
1.1185
1.11854
1.1186
1.11867
1.11876
1.11884
1.11892
1.11898
1.119
1.11898
1.11892
1.11881
1.11866
1.11848
1.11827
1.11808
1.11792
1.11782
1.11782
1.11795
1.11823
1.1187
1.11936
1.12022
1.12128
1.1225
1.12387
1.12534
1.12685
1.12835
1.12973
1.1309
1.13174
1.13206
1.13166
1.13029
1.12763
1.12329
1.11692
1.10827
1.09756
1.08586
1.07538
1.06897
1.0686
1.07389
1.08244
1.0914
1.09882
1.10391
1.10667
1.10747
1.10687
1.10544
1.10379
1.10246
1.1018
1.10198
1.10296
1.10457
1.10658
1.10882
1.11117
1.11357
1.11597
1.11836
1.1207
1.12294
1.12505
1.12698
1.12871
1.1302
1.13145
1.13245
1.13322
1.1338
1.13423
1.13457
1.13487
1.13521
1.13563
1.13616
1.13683
1.13762
1.13849
1.13938
1.14022
1.14092
1.14142
1.14166
1.14158
1.14118
1.14048
1.13954
1.13846
1.13741
1.13656
1.13612
1.13624
1.13706
1.1386
1.14079
1.14347
1.14646
1.14954
1.1525
1.15519
1.15749
1.15935
1.16073
1.16164
1.16208
1.16209
1.1617
1.16095
1.15987
1.15847
1.15679
1.15482
1.15262
1.15027
1.14797
1.14598
1.14463
1.14421
1.14486
1.14653
1.14898
1.15192
1.15505
1.15812
1.16097
1.16346
1.16545
1.16683
1.16749
1.16731
1.16622
1.16419
1.16121
1.15736
1.15275
1.14753
1.14183
1.13575
1.12933
1.12278
1.11682
1.11284
1.1126
1.11711
1.12571
1.13637
1.14692
1.15593
1.16294
1.16805
1.17163
1.17404
1.17555
1.17636
1.17658
1.17629
1.17553
1.17437
1.17284
1.17102
1.169
1.16687
1.16473
1.16269
1.16084
1.15923
1.15785
1.15666
1.15553
1.15432
1.15287
1.15105
1.14882
1.14623
1.14349
1.14086
1.13868
1.13718
1.13647
1.13649
1.13707
1.13802
1.13918
1.14047
1.14188
1.14347
1.14532
1.14747
1.14994
1.15267
1.15557
1.15847
1.16119
1.16354
1.16535
1.16647
1.1668
1.16632
1.16506
1.16321
1.16105
1.15898
1.15745
1.15678
1.15708
1.15818
1.15967
1.1611
1.16207
1.16237
1.16197
1.161
1.15974
1.1585
1.15756
1.15714
1.1573
1.15801
1.15914
1.16053
1.16202
1.1635
1.1649
1.16618
1.1673
1.16827
1.16908
1.16973
1.17024
1.17061
1.17086
1.17101
1.17106
1.17103
1.17095
1.17082
1.17068
1.17052
1.17039
1.17031
1.17031
1.17042
1.17068
1.1711
1.17167
1.17237
1.17314
1.17392
1.17462
1.17515
1.17542
1.17537
1.17493
1.17407
1.1728
1.17115
1.16925
1.16723
1.16529
1.16362
1.16237
1.16165
1.16147
1.16175
1.16238
1.16323
1.16419
1.1652
1.16622
1.16723
1.16824
1.16921
1.17011
1.17091
1.17157
1.17206
1.17236
1.17249
1.17243
1.17222
1.17186
1.17138
1.1708
1.17013
1.16936
1.16847
1.16745
1.16625
1.16483
1.16314
1.16117
1.1589
1.15635
1.15358
1.15067
1.14773
1.14487
1.14222
1.13987
1.1379
1.13635
1.13524
1.13459
1.13437
1.13456
1.13507
1.13579
1.13658
1.13731
1.13783
1.13802
1.13779
1.13708
1.13587
1.13419
1.13213
1.12981
1.12742
1.12515
1.12316
1.12157
1.1204
1.11958
1.11899
1.11854
1.11814
1.11779
1.11753
1.11745
1.1176
1.11802
1.11866
1.11948
1.12037
1.12125
1.12203
1.12266
1.12313
1.12343
1.12359
1.12361
1.12354
1.12341
1.12323
1.12303
1.12282
1.12263
1.12246
1.12233
1.12222
1.12215
1.12212
1.12212
1.12215
1.1222
1.12227
1.12237
1.12247
1.1226
1.12274
1.12291
1.12311
1.12336
1.12366
1.12403
1.12449
1.12502
1.12563
1.12631
1.12704
1.1278
1.12858
1.12934
1.13007
1.13075
1.13134
1.13182
1.13213
1.13224
1.13207
1.13158
1.13075
1.12958
1.12812
1.12652
1.12497
1.12371
1.123
1.12303
1.12394
1.12568
1.12814
1.13111
1.13434
1.13763
1.14084
1.14387
1.1467
1.14934
1.15183
1.1542
1.15651
1.15877
1.161
1.16319
1.1653
1.16731
1.16914
1.17074
1.17201
1.17285
1.17314
1.17274
1.17153
1.16941
1.16639
1.16256
1.1582
1.15371
1.14956
1.14617
1.14389
1.14298
1.14365
1.14597
1.14989
1.15508
1.161
1.16699
1.17236
1.17652
1.17905
1.17974
1.17861
1.17595
1.17227
1.16832
1.16485
1.16244
1.16134
1.16138
1.16216
1.16323
1.16423
1.16495
1.16533
1.16552
1.16575
1.16634
1.1675
1.16923
1.17132
1.17337
1.17499
1.17588
1.17588
1.17502
1.17345
1.17146
1.16941
1.1677
1.16663
1.16643
1.16711
1.16854
1.17044
1.17251
1.17445
1.17603
1.17713
1.17768
1.17772
1.17734
1.17668
1.17593
1.17529
1.17496
1.17509
1.17575
1.17695
1.17857
1.18046
1.1824
1.18415
1.18548
1.18619
1.18609
1.18502
1.18288
1.17966
1.17552
1.17086
1.1663
1.16262
1.16046
1.16006
1.16118
1.16324
1.16562
1.16789
1.16986
1.17154
1.17305
1.17452
1.17601
1.17753
1.17904
1.18046
1.18173
1.18279
1.18358
1.18408
1.18428
1.18417
1.18377
1.18306
1.18205
1.18075
1.17915
1.17729
1.17522
1.17304
1.17089
1.16898
1.16754
1.16673
1.16667
1.16733
1.16855
1.1701
1.1717
1.17307
1.17401
1.17435
1.17402
1.17302
1.17142
1.16943
1.16729
1.16533
1.16384
1.16302
1.16294
1.16355
1.1647
1.16622
1.16793
1.16972
1.17151
1.17322
1.17479
1.17615
1.17723
1.17796
1.1783
1.1782
1.17766
1.17669
1.17538
1.17382
1.17218
1.17065
1.16941
1.16857
1.16818
1.16815
1.16831
1.16842
1.16826
1.16762
1.1664
1.16458
1.16225
1.15958
1.15689
1.15452
1.15283
1.15209
1.15241
1.15364
1.15547
1.15752
1.15944
1.16099
1.16213
1.16297
1.16369
1.1645
1.16553
1.16677
1.16815
1.16949
1.1706
1.17131
1.17151
1.17114
1.17019
1.16873
1.16689
1.16484
1.16278
1.16092
1.15944
1.15844
1.15794
1.15789
1.15817
1.15867
1.15923
1.15973
1.16009
1.16028
1.16031
1.16028
1.16034
1.16064
1.1613
1.16238
1.16383
1.16554
1.16736
1.16911
1.17062
1.17174
1.17237
1.17239
1.17178
1.17056
1.16889
1.16702
1.16529
1.16401
1.16339
1.16341
1.16387
1.16442
1.16477
1.16474
1.16434
1.16375
1.16327
1.16324
1.16392
1.16544
1.16771
1.17048
1.1734
1.17612
1.17833
1.17981
1.18049
1.18037
1.17961
1.17843
1.17715
1.17612
1.17567
1.17602
1.17729
1.17942
1.18224
1.18549
1.18889
1.19222
1.19529
1.19796
1.20015
1.20184
1.203
1.20363
1.20374
1.20335
1.20247
1.20112
1.19938
1.19735
1.19515
1.19298
1.19105
1.1896
1.1888
1.18878
1.18957
1.1911
1.19324
1.19582
1.19866
1.20159
1.20447
1.20718
1.20966
1.21188
1.21386
1.21564
1.21729
1.21888
1.22048
1.22213
1.22385
1.2256
1.22733
1.22897
1.23048
1.23182
1.23305
1.23424
1.23553
1.23704
1.23885
1.24092
1.24311
1.24515
1.2467
1.24741
1.24699
1.24532
1.24257
1.23934
1.23659
1.23548
1.23676
1.24044
1.24573
1.25148
1.25668
1.26063
1.26305
1.26384
1.26306
1.26081
1.25725
1.2526
1.24722
1.24161
1.23638
1.2322
1.22961
1.22886
1.22989
1.23236
1.23585
1.23995
1.24423
1.24805
1.25056
1.251
1.24914
1.24576
1.24251
1.24105
1.24191
1.24421
1.24638
1.24728
1.24662
1.24481
1.24262
1.24085
1.24002
1.24025
1.2413
1.24274
1.24422
1.24561
1.247
1.24857
1.25042
1.25249
1.25453
1.25621
1.25732
1.25784
1.25797
1.25803
1.25833
1.25904
1.2602
1.26169
1.26338
1.26508
1.26663
1.26787
1.26867
1.26892
1.26855
1.26753
1.26586
1.26359
1.2608
1.25759
1.25411
1.25055
1.24706
1.24383
1.24099
1.2386
1.23667
1.2351
1.23375
1.23244
1.23097
1.22914
1.22681
1.22389
1.22037
1.2163
1.21184
1.20722
1.20278
1.19892
1.19606
1.19453
1.19447
1.19575
1.19805
1.20091
1.20389
1.20658
1.20874
1.21022
1.21103
1.2113
1.21121
1.21098
1.21082
1.21083
1.21108
1.2115
1.212
1.21247
1.21282
1.21296
1.21288
1.21256
1.21204
1.21134
1.21052
1.20961
1.20866
1.2077
1.20675
1.20584
1.20497
1.20414
1.20336
1.20261
1.20187
1.20113
1.20036
1.19954
1.19864
1.19764
1.19649
1.19518
1.19366
1.19191
1.18991
1.18766
1.18517
1.18252
1.1798
1.17713
1.17455
1.17202
1.16937
1.16634
1.1627
1.15851
1.1543
1.15108
1.14999
1.1517
1.156
1.16186
1.16806
1.17364
1.17813
1.18147
1.18381
1.18539
1.18648
1.18727
1.18795
1.18863
1.1894
1.19029
1.19131
1.19245
1.19365
1.19486
1.19601
1.19704
1.19788
1.19847
1.19878
1.19876
1.19838
1.19762
1.19645
1.19489
1.19291
1.19054
1.18775
1.18453
1.18085
1.17671
1.17214
1.16735
1.16276
1.159
1.15679
1.15665
1.1587
1.16259
1.16765
1.17319
1.17863
1.18363
1.18802
1.19175
1.19486
1.1974
1.19944
1.20107
1.20235
1.20334
1.20408
1.20461
1.20493
1.20506
1.20496
1.20461
1.20396
1.20295
1.20152
1.19963
1.19729
1.19457
1.19165
1.18882
1.18639
1.18466
1.18376
1.18364
1.18403
1.18456
1.18491
1.18483
1.18422
1.18313
1.18166
1.17999
1.17834
1.17688
1.17579
1.17517
1.17511
1.17561
1.17665
1.17817
1.18007
1.18224
1.18455
1.18689
1.18917
1.19129
1.19319
1.19484
1.19622
1.19733
1.19822
1.19893
1.1995
1.19999
1.20045
1.20092
1.20142
1.20193
1.20243
1.20287
1.20318
1.20329
1.20312
1.20258
1.20162
1.20016
1.19818
1.19566
1.19263
1.18913
1.18527
1.1812
1.1771
1.17319
1.16972
1.16689
1.1649
1.16385
1.16375
1.16452
1.166
1.16803
1.17044
1.1731
1.17592
1.17886
1.18185
1.18482
1.18768
1.1903
1.19258
1.19441
1.19574
1.19654
1.19682
1.19664
1.19608
1.19523
1.19419
1.19308
1.19196
1.19088
1.18983
1.18878
1.18763
1.18627
1.1846
1.18259
1.1803
1.17793
1.17581
1.17429
1.17368
1.17413
1.17559
1.17785
1.18064
1.18369
1.18677
1.1897
1.19236
1.19467
1.1966
1.19815
1.19935
1.20024
1.20089
1.20134
1.20165
1.20185
1.20197
1.20202
1.20199
1.20189
1.2017
1.20146
1.2012
1.20096
1.20081
1.2008
1.20099
1.20137
1.20192
1.20255
1.20318
1.20371
1.20407
1.20424
1.20423
1.20406
1.20379
1.20342
1.20295
1.20233
1.20153
1.20053
1.19933
1.19796
1.19646
1.19493
1.19355
1.19258
1.19234
1.19311
1.195
1.19792
1.20155
1.2055
1.20941
1.21305
1.21629
1.21911
1.22155
1.22364
1.22542
1.22692
1.22811
1.22898
1.22948
1.22956
1.22915
1.22822
1.22674
1.22472
1.22226
1.21951
1.21671
1.21413
1.21207
1.21075
1.21028
1.21066
1.21172
1.21323
1.21492
1.21651
1.21779
1.21859
1.2188
1.21838
1.21731
1.21563
1.21342
1.21085
1.20818
1.20577
1.20398
1.20314
1.20337
1.20454
1.20634
1.20836
1.21024
1.21171
1.21264
1.21299
1.21279
1.2121
1.21098
1.20952
1.20778
1.20581
1.2037
1.20149
1.19928
1.19714
1.19517
1.19345
1.19207
1.19111
1.1906
1.19055
1.19096
1.19174
1.19284
1.19415
1.19557
1.19702
1.19842
1.19969
1.2008
1.20169
1.20234
1.20271
1.20277
1.20249
1.20185
1.2008
1.19933
1.19741
1.19505
1.19228
1.1892
1.18594
1.18269
1.1797
1.17722
1.1755
1.17469
1.17487
1.17596
1.17779
1.18007
1.1825
1.18473
1.18643
1.18727
1.18697
1.18527
1.18205
1.17742
1.17194
1.16664
1.16292
1.16192
1.16396
1.16836
1.17382
1.17917
1.18366
1.18704
1.18938
1.19087
1.19174
1.1922
1.19238
1.19238
1.19226
1.19203
1.19169
1.19123
1.19063
1.18989
1.189
1.18794
1.1867
1.18524
1.18349
1.18135
1.17868
1.17531
1.17108
1.16598
1.16032
1.15483
1.1507
1.14913
1.15079
1.1554
1.16197
1.1693
1.17652
1.18315
1.18901
1.19405
1.19829
1.20171
1.20431
1.20608
1.20701
1.2071
1.20637
1.20482
1.20249
1.19944
1.19575
1.1916
1.18719
1.18281
1.17877
1.17536
1.17276
1.17099
1.16994
1.16943
1.16931
1.16962
1.17051
1.17223
1.1749
1.17847
1.18267
1.18712
1.19143
1.19534
1.19866
1.20131
1.20327
1.20457
1.20527
1.20549
1.20539
1.20515
1.20494
1.2049
1.20507
1.20539
1.20573
1.2059
1.20569
1.20493
1.20346
1.20118
1.19807
1.19415
1.18953
1.1844
1.17905
1.17385
1.16922
1.16559
1.16327
1.16242
1.16295
1.16457
1.1668
1.16916
1.17124
1.17282
1.17386
1.17446
1.17482
1.17512
1.17556
1.1763
1.17741
1.17895
1.18089
1.18315
1.1856
1.18806
1.19037
1.19239
1.19401
1.19518
1.19587
1.19608
1.19585
1.19523
1.19428
1.19306
1.19165
1.19014
1.18859
1.18708
1.18567
1.1844
1.18331
1.18247
1.18194
1.18178
1.18209
1.1829
1.18424
1.18605
1.18825
1.19069
1.19322
1.19567
1.19789
1.19973
1.20106
1.20176
1.20171
1.20081
1.199
1.19625
1.1926
1.18819
1.18328
1.17826
1.17362
1.16987
1.1674
1.16634
1.16647
1.16738
1.16862
1.16996
1.17137
1.17296
1.17479
1.17682
1.17886
1.18072
1.18222
1.18324
1.18375
1.18379
1.18345
1.18286
1.1822
1.18165
1.18139
1.18156
1.18226
1.18354
1.18535
1.18759
1.19009
1.19261
1.19487
1.19658
1.1974
1.19704
1.19531
1.19224
1.18827
1.18432
1.18159
1.1811
1.1831
1.18695
1.19154
1.19587
1.19942
1.20211
1.20414
1.2058
1.20729
1.20874
1.21015
1.21144
1.21253
1.21332
1.2137
1.21361
1.21295
1.21166
1.20965
1.20685
1.20325
1.19888
1.19391
1.18867
1.18362
1.17933
1.17633
1.17504
1.17564
1.17805
1.18193
1.18677
1.19196
1.197
1.20151
1.20529
1.20827
1.21049
1.21204
1.21299
1.21345
1.21345
1.21305
1.21224
1.21106
1.20955
1.2078
1.20597
1.20425
1.20285
1.20191
1.20147
1.20142
1.20156
1.20159
1.20119
1.20007
1.19802
1.19495
1.191
1.18655
1.18231
1.17916
1.17788
1.17884
1.18183
1.18625
1.19129
1.19627
1.20072
1.20435
1.20702
1.20869
1.20931
1.20888
1.2074
1.20488
1.2014
1.1971
1.19221
1.1871
1.18216
1.17781
1.17435
1.17196
1.17063
1.17024
1.17063
1.17167
1.17322
1.17518
1.17745
1.17991
1.18246
1.18497
1.18734
1.18947
1.19127
1.19267
1.19363
1.19412
1.19413
1.19369
1.19285
1.19165
1.19016
1.18843
1.18652
1.18448
1.18234
1.18012
1.17783
1.17546
1.17305
1.1706
1.16821
1.16598
1.16408
1.16271
1.16201
1.16208
1.16289
1.16432
1.16615
1.16817
1.17017
1.172
1.17359
1.1749
1.17593
1.17671
1.17725
1.1776
1.17777
1.17779
1.17765
1.17735
1.17688
1.17621
1.17532
1.17415
1.17266
1.17078
1.16847
1.16566
1.16229
1.15829
1.15364
1.14833
1.14248
1.13645
1.13101
1.12728
1.12649
1.12938
1.13566
1.14416
1.15337
1.16207
1.16956
1.17562
1.18033
1.18387
1.18647
1.18834
1.18962
1.19047
1.19096
1.19116
1.19113
1.19088
1.19046
1.18986
1.18911
1.1882
1.18715
1.18594
1.18454
1.1829
1.18097
1.17865
1.17587
1.17261
1.16894
1.16501
1.16113
1.15767
1.15498
1.15333
1.15285
1.15354
1.15529
1.15796
1.16135
1.16527
1.16944
1.17358
1.1774
1.18061
1.18294
1.18418
1.18413
1.18266
1.17971
1.17533
1.16975
1.16345
1.15712
1.15166
1.14791
1.1465
1.14759
1.15092
1.15583
1.16156
1.16736
1.17264
1.17706
1.18045
1.18281
1.18422
1.18482
1.18475
1.18413
1.1831
1.18174
1.18014
1.17835
1.17643
1.1744
1.1723
1.17014
1.16793
1.16571
1.16347
1.16124
1.15903
1.15688
1.15478
1.15276
1.15082
1.14897
1.14725
1.14571
1.14447
1.14365
1.14342
1.14388
1.14508
1.14695
1.14933
1.15201
1.15475
1.15735
1.15966
1.16157
1.16305
1.1641
1.16473
1.16498
1.1649
1.16455
1.16395
1.16316
1.1622
1.16107
1.15977
1.15829
1.15661
1.15474
1.1527
1.15055
1.14837
1.14627
1.14438
1.14283
1.14177
1.1413
1.14147
1.14227
1.14359
1.14526
1.14708
1.14889
1.15059
1.15212
1.15349
1.15473
1.15588
1.15699
1.15806
1.15913
1.16019
1.16125
1.16232
1.16338
1.16446
1.16553
1.1666
1.16764
1.16865
1.16957
1.17039
1.17108
1.1716
1.17193
1.17208
1.17206
1.17189
1.17164
1.17138
1.1712
1.17121
1.17146
1.172
1.17279
1.17374
1.17471
1.17552
1.17596
1.17584
1.17499
1.1733
1.17075
1.1675
1.1639
1.1605
1.15792
1.15666
1.15689
1.15841
1.16071
1.16324
1.16557
1.16744
1.16879
1.16968
1.17021
1.17055
1.17087
1.17135
1.17213
1.1733
1.17489
1.17681
1.17892
1.18104
1.18298
1.18457
1.18573
1.18638
1.18653
1.18621
1.18551
1.18453
1.18338
1.18221
1.18114
1.18027
1.17966
1.17932
1.17923
1.17931
1.17948
1.17965
1.17973
1.17966
1.17941
1.17894
1.17829
1.17752
1.17672
1.17601
1.17553
1.17539
1.17566
1.17635
1.17741
1.17876
1.1803
1.18192
1.18356
1.18515
1.18665
1.18805
1.18933
1.19045
1.19142
1.1922
1.19281
1.19322
1.19344
1.19349
1.19335
1.19303
1.19253
1.19184
1.19094
1.18986
1.18863
1.18732
1.18601
1.18483
1.18386
1.1832
1.18287
1.18287
1.18315
1.18364
1.18427
1.18493
1.18554
1.18602
1.18624
1.1861
1.18544
1.18412
1.182
1.17894
1.17487
1.16977
1.16374
1.157
1.14992
1.14302
1.13692
1.13223
1.12952
1.12911
1.13109
1.13523
1.14105
1.14788
1.15498
1.16164
1.16728
1.17146
1.17391
1.17451
1.1733
1.17043
1.16617
1.16094
1.15524
1.14965
1.14475
1.14101
1.13876
1.13818
1.1392
1.14163
1.14511
1.14923
1.15357
1.15779
1.16164
1.16497
1.16775
1.16996
1.17165
1.17289
1.17373
1.17422
1.17442
1.17436
1.17406
1.17357
1.17288
1.17203
1.17102
1.16986
1.16856
1.16712
1.1655
1.16366
1.16152
1.15898
1.15592
1.15225
1.14797
1.14322
1.13837
1.13398
1.13068
1.12888
1.12865
1.1296
1.13113
1.13261
1.13363
1.13397
1.13366
1.13286
1.13183
1.13088
1.13032
1.1304
1.13128
1.13297
1.13532
1.13805
1.14079
1.14318
1.14488
1.14564
1.14535
1.144
1.14179
1.13907
1.13635
1.13419
1.13306
1.13319
1.13449
1.13665
1.1392
1.14171
1.14379
1.14512
1.14545
1.14454
1.14218
1.13825
1.13287
1.12658
1.12049
1.1161
1.11469
1.11665
1.12119
1.12691
1.13247
1.13707
1.14043
1.1426
1.1438
1.14424
1.14415
1.14368
1.14295
1.14205
1.14104
1.13997
1.13886
1.13775
1.13667
1.13563
1.13468
1.13383
1.13311
1.13256
1.13218
1.13202
1.13212
1.13252
1.13325
1.1343
1.13556
1.13683
1.13778
1.13798
1.13706
1.13478
1.13129
1.12732
1.12416
1.12325
1.12538
1.13021
1.13649
1.14273
1.14782
1.15121
1.15279
1.15267
1.15105
1.14815
1.14423
1.13961
1.13474
1.13021
1.12674
1.125
1.1254
1.12795
1.13219
1.13742
1.14293
1.14814
1.15271
1.15647
1.15941
1.16161
1.16321
1.16435
1.16517
1.16578
1.16627
1.16663
1.16683
1.16677
1.16631
1.1653
1.16361
1.16119
1.1581
1.15461
1.15116
1.14828
1.14644
1.14587
1.14647
1.14789
1.14979
1.15191
1.15415
1.15654
1.15913
1.16196
1.16498
1.16805
1.171
1.17364
1.17584
1.17747
1.17851
1.17898
1.17898
1.17867
1.1782
1.17773
1.1774
1.17725
1.17728
1.17744
1.17767
1.17795
1.17828
1.17875
1.17943
1.18041
1.1817
1.18322
1.18479
1.1862
1.18718
1.18749
1.18693
1.18542
1.18302
1.17993
1.17653
1.17334
1.17087
1.16947
1.16909
1.16929
1.16935
1.16863
1.16687
1.16425
1.16137
1.15887
1.15715
1.15618
1.15565
1.1552
1.15467
1.15411
1.15378
1.154
1.15504
1.15703
1.15987
1.16328
1.16692
1.17041
1.17349
1.17597
1.1778
1.17898
1.17956
1.17959
1.17913
1.17821
1.17683
1.17494
1.1725
1.16941
1.16558
1.16098
1.15561
1.14959
1.14321
1.13691
1.13127
1.12691
1.12431
1.12367
1.12484
1.1274
1.13082
1.13463
1.13844
1.14201
1.14521
1.14795
1.1502
1.15196
1.15326
1.15413
1.15462
1.15475
1.15457
1.1541
1.15337
1.15236
1.15108
1.14951
1.14762
1.14538
1.14278
1.13981
1.13653
1.13303
1.1295
1.12619
1.12337
1.12132
1.12017
1.11993
1.12045
1.12147
1.12269
1.12386
1.12479
1.12536
1.12553
1.12528
1.12463
1.12363
1.12234
1.12089
1.11942
1.11816
1.11731
1.11709
1.11762
1.11889
1.12078
1.12309
1.12558
1.12801
1.13024
1.13214
1.13368
1.13484
1.13564
1.13607
1.13618
1.13595
1.1354
1.13453
1.13333
1.1318
1.12994
1.12777
1.12533
1.12267
1.11987
1.11703
1.1143
1.11188
1.11005
1.1091
1.10925
1.11061
1.11304
1.11621
1.1197
1.1231
1.12611
1.12854
1.13036
1.13162
1.1324
1.13285
1.13309
1.13327
1.13347
1.13379
1.13426
1.13488
1.13562
1.13644
1.13728
1.13808
1.1388
1.13938
1.1398
1.14005
1.14012
1.14004
1.13983
1.13953
1.13918
1.13885
1.13857
1.13839
1.13833
1.13839
1.13858
1.13885
1.13918
1.13951
1.13982
1.14006
1.14019
1.14021
1.14008
1.1398
1.13938
1.13883
1.13819
1.1375
1.13682
1.13623
1.13583
1.13571
1.13595
1.13663
1.13777
1.13936
1.14134
1.1436
1.14603
1.14849
1.15084
1.15295
1.15471
1.15602
1.1568
1.15699
1.15654
1.15544
1.15373
1.1515
1.14893
1.14628
1.14383
1.1419
1.14067
1.14022
1.14046
1.1412
1.14218
1.14319
1.14406
1.14469
1.14503
1.14508
1.14489
1.14451
1.14403
1.14356
1.14319
1.14304
1.14315
1.14356
1.14424
1.1451
1.14602
1.14686
1.14748
1.14774
1.14757
1.14694
1.14593
1.14469
1.14342
1.14236
1.14169
1.14148
1.14166
1.14206
1.14248
1.14276
1.14284
1.14276
1.14269
1.1428
1.14327
1.14421
1.14564
1.1475
1.14965
1.15196
1.15428
1.1565
1.15852
1.16029
1.16176
1.1629
1.16368
1.16408
1.16404
1.16352
1.16249
1.16092
1.15883
1.15634
1.15368
1.1512
1.14931
1.14836
1.14849
1.14953
1.15101
1.15232
1.15281
1.15197
1.14961
1.14599
1.14198
1.13891
1.13815
1.14043
1.14543
1.152
1.15879
1.16481
1.16952
1.17276
1.17457
1.17511
1.17455
1.17308
1.17088
1.16813
1.165
1.16161
1.15804
1.15437
1.15071
1.14723
1.14422
1.14198
1.1408
1.14077
1.14179
1.14356
1.14571
1.1479
1.1499
1.15164
1.15315
1.15453
1.15591
1.1574
1.15903
1.16079
1.16263
1.16446
1.16619
1.16773
1.16904
1.1701
1.17091
1.17149
1.17185
1.17199
1.17191
1.17155
1.17085
1.16974
1.16812
1.16593
1.16319
1.15999
1.15658
1.15337
1.15084
1.14944
1.14939
1.15058
1.15266
1.15513
1.15751
1.15946
1.1608
1.16147
1.16151
1.16097
1.15995
1.15856
1.15689
1.15504
1.1531
1.15116
1.14928
1.14753
1.14596
1.14461
1.14353
1.14275
1.14232
1.1423
1.14274
1.14369
1.14516
1.1471
1.1494
1.1519
1.15439
1.1567
1.1587
1.16031
1.16155
1.16245
1.16309
1.16351
1.16366
1.16347
1.16277
1.1614
1.15927
1.1564
1.15303
1.14964
1.14685
1.14526
1.14528
1.14696
1.14998
1.15383
1.15798
1.16195
1.16543
1.16823
1.17027
1.1715
1.17193
1.17157
1.17042
1.16851
1.16588
1.16258
1.15873
1.15446
1.15002
1.14569
1.14179
1.13867
1.13661
1.13579
1.13626
1.13787
1.14038
1.14346
1.14679
1.15009
1.15317
1.15591
1.15825
1.16019
1.16176
1.16298
1.16389
1.16454
1.16493
1.1651
1.16504
1.16473
1.16415
1.16326
1.162
1.16031
1.15811
1.15539
1.15215
1.1485
1.14469
1.1411
1.13815
1.13627
1.13567
1.13632
1.13797
1.14021
1.14268
1.14509
1.14727
1.14911
1.15061
1.15174
1.1525
1.15287
1.15286
1.15243
1.15158
1.15032
1.14868
1.14676
1.14469
1.14266
1.14086
1.13946
1.13856
1.13812
1.13801
1.13799
1.13783
1.13733
1.13641
1.13514
1.13372
1.13247
1.13176
1.13187
1.13296
1.13498
1.13774
1.14098
1.14445
1.14792
1.15125
1.15435
1.15717
1.15969
1.16191
1.16384
1.16546
1.1668
1.16783
1.16855
1.16896
1.16902
1.16873
1.16806
1.167
1.16551
1.16357
1.16114
1.15817
1.15459
1.15038
1.14552
1.14011
1.13439
1.12878
1.12383
1.12014
1.11822
1.11838
1.12066
1.12486
1.13056
1.13722
1.14423
1.15103
1.15722
1.16256
1.16696
1.17048
1.17322
1.17533
1.17693
1.17813
1.17901
1.17959
1.1799
1.17991
1.17961
1.17897
1.17794
1.17652
1.17471
1.17256
1.17012
1.16754
1.16498
1.16263
1.1607
1.15935
1.15872
1.15885
1.1597
1.16116
1.1631
1.16533
1.16768
1.16997
1.17205
1.17373
1.17485
1.17523
1.1747
1.17308
1.17028
1.16628
1.16123
1.15552
1.14978
1.14482
1.14146
1.14035
1.14173
1.14534
1.15056
1.15655
1.16251
1.16786
1.17225
1.17557
1.17788
1.17933
1.1801
1.18042
1.18048
1.18043
1.18041
1.18048
1.18068
1.18102
1.18148
1.18201
1.18259
1.18317
1.18372
1.18421
1.18461
1.1849
1.18506
1.18506
1.18487
1.1844
1.18358
1.18227
1.18032
1.17753
1.17373
1.16882
1.16285
1.15613
1.14925
1.14305
1.13841
1.13604
1.13626
1.139
1.14393
1.15057
1.15831
1.16646
1.17433
1.18135
1.18718
1.1917
1.19496
1.1971
1.19829
1.19872
1.19852
1.19781
1.19668
1.1952
1.19348
1.19159
1.18968
1.18789
1.18634
1.18512
1.1843
1.18384
1.1837
1.18381
1.18416
1.18472
1.18554
1.18663
1.188
1.18963
1.19144
1.19331
1.19513
1.19681
1.19826
1.19947
1.20044
1.20123
1.20189
1.20249
1.20303
1.20347
1.20369
1.2035
1.20265
1.20088
1.19792
1.19359
1.18786
1.18102
1.17374
1.1671
1.16235
1.16047
1.16175
1.1658
1.1718
1.17893
1.18646
1.19375
1.20024
1.20549
1.20929
1.21165
1.21275
1.21288
1.21231
1.21125
1.20978
1.20778
1.20498
1.20101
1.19558
1.1887
1.18105
1.1741
1.16966
1.16896
1.17183
1.17699
1.18296
1.18882
1.19429
1.19946
1.20444
1.2092
1.21351
1.21701
1.21931
1.22005
1.21899
1.21612
1.21173
1.20642
1.2011
1.1968
1.19436
1.19421
1.19624
1.19993
1.20457
1.20944
1.21397
1.21776
1.22058
1.22237
1.22315
1.22298
1.222
1.22032
1.21808
1.21543
1.21256
1.2097
1.20716
1.20521
1.20405
1.20372
1.20409
1.20483
1.20554
1.20585
1.20545
1.20414
1.20188
1.19877
1.19509
1.19128
1.18793
1.18558
1.1846
1.18501
1.18656
1.18877
1.19117
1.1934
1.19525
1.19667
1.19766
1.19832
1.19873
1.19896
1.19908
1.19914
1.19913
1.19905
1.19887
1.19855
1.19801
1.19721
1.19607
1.19457
1.19268
1.19042
1.18785
1.18507
1.18219
1.17933
1.17659
1.17401
1.17159
1.16927
1.16698
1.16471
1.1626
1.16094
1.16019
1.16082
1.16308
1.16685
1.17167
1.17689
1.18188
1.18618
1.18955
1.19188
1.19318
1.19349
1.19286
1.19133
1.18893
1.1857
1.18171
1.17714
1.1723
1.16769
1.16391
1.16155
1.16092
1.16195
1.16418
1.16696
1.16965
1.17184
1.17331
1.17404
1.17413
1.17378
1.17316
1.17249
1.17192
1.17158
1.17155
1.17189
1.17258
1.17354
1.17462
1.17562
1.17637
1.17678
1.17687
1.17679
1.17678
1.17707
1.17778
1.17888
1.18019
1.18142
1.18228
1.18252
1.18201
1.18073
1.1788
1.17645
1.17402
1.17191
1.17045
1.16985
1.17007
1.17093
1.17211
1.1733
1.17427
1.17491
1.1752
1.17523
1.17511
1.17497
1.17493
1.17505
1.17539
1.17593
1.17664
1.1775
1.17845
1.17946
1.18048
1.18147
1.18239
1.18319
1.18383
1.18425
1.18443
1.18432
1.18389
1.18311
1.18195
1.18037
1.17836
1.17588
1.17296
1.16968
1.16622
1.16284
1.15983
1.15751
1.15606
1.1555
1.15572
1.15646
1.15745
1.15843
1.15929
1.16009
1.16104
1.16242
1.16449
1.1673
1.17068
1.1743
1.17773
1.18063
1.18277
1.18402
1.18437
1.18388
1.18265
1.18083
1.17859
1.17614
1.17373
1.1716
1.16998
1.16906
1.16893
1.16958
1.17091
1.17274
1.17483
1.17696
1.17894
1.18063
1.18201
1.18313
1.18411
1.18511
1.18623
1.18749
1.18881
1.19005
1.191
1.19153
1.19156
1.1911
1.19031
1.1894
1.18865
1.18831
1.18855
1.1894
1.19076
1.1924
1.19407
1.19551
1.19652
1.19697
1.1968
1.19602
1.19469
1.1929
1.19078
1.18846
1.18605
1.18365
1.18132
1.17911
1.17708
1.1753
1.17387
1.17285
1.17233
1.17233
1.17289
1.17398
1.17552
1.17739
1.17937
1.18123
1.18274
1.18371
1.18401
1.18359
1.18247
1.18071
1.17847
1.17591
1.17329
1.17086
1.16891
1.16766
1.16724
1.16766
1.16881
1.17048
1.17246
1.1745
1.1764
1.17802
1.17924
1.18
1.18026
1.17999
1.17921
1.17795
1.17628
1.17428
1.17208
1.16983
1.16766
1.16573
1.16412
1.16286
1.16194
1.16128
1.16077
1.16033
1.15987
1.15938
1.15883
1.15826
1.15771
1.15722
1.15684
1.15659
1.15649
1.15652
1.15665
1.15684
1.15703
1.15714
1.15711
1.15687
1.15634
1.15547
1.15423
1.15261
1.15067
1.14851
1.1463
1.14425
1.14259
1.14148
1.141
1.14111
1.14167
1.14249
1.14336
1.14413
1.14467
1.14491
1.14482
1.14438
1.14361
1.14252
1.14114
1.13952
1.13772
1.13583
1.13399
1.13234
1.131
1.13009
1.12965
1.12966
1.13003
1.13067
1.13146
1.13233
1.13322
1.13414
1.13509
1.13608
1.13713
1.13824
1.1394
1.14059
1.1418
1.143
1.14417
1.14529
1.14633
1.14728
1.14809
1.14872
1.14911
1.14921
1.14895
1.14828
1.14717
1.14564
1.14377
1.14173
1.13975
1.13809
1.13699
1.13661
1.13695
1.1379
1.13926
1.14082
1.1424
1.1439
1.14527
1.14651
1.14764
1.1487
1.14972
1.15069
1.15164
1.15257
1.15347
1.15433
1.15515
1.15591
1.15661
1.15721
1.15768
1.158
1.1581
1.15794
1.15746
1.15661
1.15534
1.15363
1.1515
1.14897
1.14612
1.14302
1.13975
1.1364
1.13311
1.13005
1.12751
1.12585
1.1254
1.12638
1.12882
1.13249
1.13701
1.14194
1.14689
1.15156
1.15578
1.15947
1.16263
1.16528
1.16749
1.1693
1.17077
1.17192
1.1728
1.17342
1.17379
1.17389
1.17372
1.17325
1.17243
1.1712
1.16951
1.1673
1.16453
1.1612
1.15737
1.15321
1.14894
1.14489
1.1414
1.13874
1.13706
1.13638
1.13659
1.13749
1.13884
1.14044
1.14208
1.14365
1.14511
1.14649
1.14787
1.14936
1.15104
1.15292
1.15494
1.15696
1.15875
1.16007
1.16071
1.16054
1.15955
1.1579
1.15584
1.15373
1.15191
1.15065
1.15008
1.15019
1.15089
1.15204
1.15355
1.15533
1.15725
1.15913
1.16075
1.1619
1.16245
1.16243
1.16203
1.16157
1.16141
1.16182
1.16287
1.16443
1.16623
1.16797
1.16938
1.17027
1.17053
1.17008
1.16887
1.16682
1.16384
1.15983
1.15469
1.1484
1.14111
1.13317
1.12525
1.11823
1.11306
1.11045
1.11058
1.11312
1.11733
1.1224
1.12765
1.13264
1.13713
1.14104
1.14438
1.1472
1.14957
1.15155
1.1532
1.15455
1.15565
1.1565
1.1571
1.15743
1.15747
1.15717
1.15648
1.15532
1.15363
1.15132
1.14834
1.14469
1.1404
1.1356
1.13051
1.1254
1.1206
1.11645
1.11327
1.11134
1.11085
1.11185
1.11421
1.11761
1.1217
1.1261
1.13047
1.13458
1.13825
1.1414
1.14396
1.14592
1.14731
1.14816
1.14853
1.14849
1.14809
1.14742
1.14653
1.14547
1.14431
1.14308
1.14182
1.14057
1.13936
1.13819
1.13709
1.13608
1.13515
1.13433
1.13364
1.13313
1.13284
1.13283
1.13315
1.13381
1.13483
1.13614
1.13764
1.13918
1.14057
1.14159
1.14198
1.14151
1.13999
1.13729
1.13351
1.12895
1.12418
1.11988
1.11659
1.11451
1.11345
1.11308
1.11314
1.11362
1.11469
1.11655
1.11924
1.1227
1.12672
1.13106
1.13547
1.13974
1.14368
1.14713
1.15
1.15221
1.15373
1.15456
1.15474
1.15432
1.15337
1.152
1.1503
1.14836
1.14627
1.14408
1.14179
1.13938
1.13679
1.13393
1.1308
1.12748
1.12421
1.12147
1.11983
1.11982
1.12169
1.12524
1.12995
1.13512
1.14012
1.14451
1.14808
1.15075
1.15257
1.15362
1.15401
1.15384
1.15322
1.15224
1.151
1.14957
1.14804
1.14649
1.145
1.14363
1.14245
1.14148
1.14074
1.14023
1.13992
1.13976
1.13972
1.13974
1.13979
1.13983
1.13986
1.13985
1.13981
1.13973
1.13962
1.13948
1.13931
1.1391
1.13885
1.13858
1.13828
1.13797
1.13768
1.13743
1.13725
1.13717
1.13721
1.13736
1.13764
1.13801
1.13846
1.13895
1.13943
1.13987
1.14022
1.1404
1.14035
1.13996
1.13909
1.13756
1.13514
1.13161
1.1268
1.12077
1.11401
1.10761
1.10311
1.1019
1.10446
1.11
1.11697
1.12389
1.12977
1.1342
1.13714
1.13874
1.13918
1.13868
1.13746
1.13578
1.13398
1.1324
1.13135
1.13101
1.13141
1.13237
1.13364
1.13499
1.13619
1.13714
1.13773
1.13788
1.13742
1.13618
1.13396
1.13067
1.1264
1.12156
1.11688
1.11333
1.11175
1.11252
1.11534
1.11943
1.12382
1.12773
1.13067
1.13246
1.13314
1.13283
1.13175
1.13012
1.12822
1.12638
1.12501
1.12455
1.12535
1.12752
1.1309
1.13505
1.13943
1.14358
1.14718
1.15004
1.15213
1.15349
1.15417
1.15427
1.15388
1.1531
1.15203
1.1508
1.1495
1.14824
1.14708
1.14601
1.14499
1.1439
1.14264
1.14111
1.13932
1.13741
1.13563
1.13431
1.13378
1.13419
1.13551
1.13754
1.13995
1.14243
1.14477
1.14683
1.14856
1.14991
1.15088
1.15141
1.15145
1.1509
1.14969
1.1478
1.14529
1.14237
1.1394
1.13686
1.13526
1.13489
1.1358
1.13771
1.14018
1.14276
1.14514
1.14713
1.14871
1.14994
1.15092
1.15173
1.15247
1.15317
1.15384
1.15449
1.15506
1.15552
1.15579
1.1558
1.15549
1.15475
1.1535
1.15163
1.14906
1.14574
1.14167
1.13697
1.1319
1.12686
1.12234
1.11886
1.11684
1.11647
1.11771
1.1203
1.12387
1.128
1.13232
1.13651
1.14034
1.14363
1.1463
1.14829
1.14963
1.15037
1.1506
1.15041
1.14992
1.14926
1.14851
1.14775
1.14706
1.14649
1.14606
1.14578
1.14561
1.14548
1.14532
1.14504
1.1446
1.14397
1.14314
1.1421
1.14079
1.13916
1.13718
1.13492
1.13256
1.13039
1.12873
1.12783
1.12775
1.12839
1.12949
1.1308
1.13214
1.13342
1.13463
1.13584
1.13709
1.13843
1.13986
1.14136
1.14285
1.14427
1.14552
1.14652
1.1472
1.14751
1.14743
1.14694
1.14607
1.14488
1.14344
1.1419
1.14039
1.13908
1.13814
1.13767
1.1377
1.13818
1.13896
1.1399
1.14084
1.14164
1.14222
1.14255
1.14262
1.14245
1.14207
1.14149
1.14072
1.13979
1.1387
1.13748
1.13617
1.13482
1.13354
1.13243
1.13159
1.1311
1.13101
1.13131
1.13194
1.13282
1.13383
1.13488
1.1359
1.13683
1.13765
1.13836
1.13897
1.1395
1.13999
1.14047
1.14095
1.14146
1.14202
1.14262
1.14325
1.14391
1.14457
1.1452
1.14577
1.14624
1.1466
1.1468
1.14683
1.14667
1.1463
1.14571
1.14487
1.14376
1.14237
1.14069
1.13871
1.13648
1.13406
1.13158
1.12922
1.12718
1.12567
1.12486
1.12482
1.12553
1.12685
1.12858
1.1305
1.13244
1.13428
1.136
1.13766
1.13935
1.14119
1.14329
1.14568
1.14836
1.15126
1.15426
1.15722
1.16005
1.16264
1.16495
1.16694
1.16863
1.17004
1.17119
1.17213
1.17288
1.17346
1.17391
1.17422
1.17441
1.17449
1.17444
1.17427
1.17398
1.17357
1.17304
1.17239
1.17165
1.17084
1.16997
1.16909
1.16821
1.16738
1.16659
1.16585
1.16513
1.16437
1.16349
1.16238
1.16093
1.15906
1.15674
1.15408
1.15132
1.14882
1.14704
1.14641
1.14719
1.14943
1.15287
1.15706
1.1614
1.16529
1.16825
1.16995
1.1703
1.16941
1.16765
1.16555
1.16374
1.16277
1.16299
1.16438
1.16663
1.16923
1.17163
1.17344
1.17443
1.1746
1.1741
1.17319
1.17218
1.17136
1.17094
1.17101
1.17158
1.17256
1.17383
1.17525
1.1767
1.17806
1.17927
1.18026
1.18101
1.18148
1.18168
1.18161
1.18128
1.18073
1.18001
1.1792
1.17837
1.17762
1.17702
1.17662
1.17642
1.17636
1.17634
1.17623
1.17588
1.1752
1.17411
1.17262
1.17078
1.16871
1.16656
1.16447
1.16253
1.16076
1.1591
1.15737
1.15534
1.15271
1.14925
1.14496
1.14019
1.13581
1.13305
1.13307
1.1363
1.14213
1.14924
1.15629
1.1624
1.1673
1.17108
1.17395
1.17608
1.1775
1.17825
1.17834
1.17784
1.17689
1.17564
1.1743
1.17305
1.17203
1.17135
1.17108
1.17122
1.17175
1.1726
1.17366
1.1748
1.17586
1.17669
1.17717
1.17721
1.17676
1.17579
1.17432
1.17237
1.17004
1.16742
1.16464
1.16187
1.15926
1.15698
1.15512
1.15378
1.15295
1.15261
1.15266
1.15303
1.15364
1.15441
1.15531
1.15634
1.15748
1.15876
1.16017
1.1617
1.16329
1.1649
1.16645
1.16786
1.16906
1.16996
1.17048
1.17056
1.17011
1.16904
1.16727
1.16475
1.16147
1.15751
1.1531
1.14859
1.14445
1.1411
1.13881
1.13755
1.13708
1.13703
1.13707
1.13698
1.13669
1.13621
1.13562
1.13498
1.13434
1.13374
1.13321
1.13283
1.1327
1.13296
1.13375
1.13517
1.1372
1.13976
1.14265
1.14565
1.14857
1.15124
1.15355
1.15547
1.15698
1.15809
1.15881
1.15918
1.15922
1.15894
1.15837
1.15752
1.15642
1.15509
1.15357
1.15192
1.1502
1.14846
1.14677
1.14519
1.14375
1.1425
1.14143
1.14056
1.13987
1.13936
1.13898
1.13872
1.13852
1.13835
1.13818
1.138
1.13784
1.13773
1.13772
1.13783
1.1381
1.1385
1.13903
1.13965
1.14034
1.14108
1.14188
1.14275
1.14371
1.14479
1.14598
1.14729
1.14869
1.15016
1.15165
1.15313
1.15454
1.15586
1.15705
1.15809
1.15894
1.15961
1.16006
1.16028
1.16029
1.16008
1.15967
1.15912
1.1585
1.15787
1.15735
1.15704
1.15702
1.15734
1.15802
1.15902
1.16025
1.16159
1.1629
1.16403
1.16488
1.16534
1.16538
1.16499
1.16421
1.16313
1.16185
1.16053
1.1593
1.15832
1.1577
1.15755
1.1579
1.15876
1.16009
1.16179
1.16373
1.16575
1.16768
1.16935
1.1706
1.17132
1.17145
1.17098
1.16998
1.16859
1.16701
1.16547
1.16421
1.16342
1.1632
1.16355
1.1644
1.16561
1.16705
1.1686
1.17019
1.17178
1.1734
1.1751
1.17697
1.1791
1.18152
1.18424
1.18715
1.1901
1.1929
1.19533
1.1972
1.19835
1.19866
1.19808
1.19668
1.19467
1.19244
1.19052
1.18942
1.18942
1.19042
1.19192
1.19329
1.19397
1.19369
1.19258
1.19107
1.18971
1.18884
1.18849
1.18826
1.18761
1.18604
1.18333
1.17962
1.1754
1.17144
1.16861
1.1677
1.16914
1.17289
1.17843
1.18489
1.19135
1.19701
1.20132
1.20401
1.20505
1.20464
1.20315
1.20105
1.1989
1.1972
1.19634
1.19647
1.19751
1.19923
1.20125
1.20323
1.2049
1.2061
1.20682
1.20715
1.20725
1.20733
1.20754
1.208
1.20872
1.20962
1.21059
1.2115
1.21223
1.21272
1.21293
1.21287
1.21251
1.21185
1.21086
1.20948
1.20768
1.20547
1.2029
1.2001
1.1973
1.19474
1.19267
1.19122
1.19042
1.19016
1.19023
1.19041
1.19051
1.19041
1.19007
1.18951
1.18885
1.1882
1.18772
1.18752
1.18765
1.1881
1.18882
1.18967
1.19054
1.1913
1.19186
1.19213
1.19207
1.19164
1.1908
1.18953
1.18779
1.18557
1.18288
1.17975
1.17627
1.17261
1.16902
1.16577
1.16317
1.16146
1.16073
1.1609
1.1617
1.16273
1.16356
1.16384
1.16335
1.16212
1.16041
1.15867
1.15745
1.15724
1.15829
1.16052
1.16356
1.16695
1.17028
1.17328
1.17586
1.17803
1.17984
1.18135
1.18259
1.18361
1.18442
1.18507
1.18558
1.18602
1.18641
1.18682
1.18726
1.18777
1.18834
1.18897
1.18962
1.19025
1.19083
1.19131
1.19167
1.1919
1.19198
1.19192
1.19175
1.19148
1.19113
1.19073
1.19028
1.1898
1.18933
1.1889
1.18854
1.18832
1.18827
1.18842
1.18877
1.18929
1.18994
1.19065
1.1914
1.19216
1.19295
1.19375
1.19457
1.19533
1.19597
1.19636
1.19639
1.19599
1.19512
1.19383
1.19226
1.19061
1.18915
1.18816
1.18786
1.18842
1.18986
1.19206
1.19481
1.19782
1.20079
1.20345
1.2056
1.20711
1.20793
1.20811
1.20776
1.20706
1.20627
1.20567
1.20549
1.20592
1.20696
1.2085
1.21031
1.2121
1.21357
1.21447
1.21457
1.21369
1.21165
1.20831
1.20355
1.1973
1.1896
1.18074
1.17135
1.16246
1.15535
1.15115
1.1504
1.15287
1.15783
1.16441
1.17191
1.17975
1.18747
1.19468
1.20107
1.20645
1.21074
1.21395
1.21616
1.21752
1.21818
1.21828
1.21797
1.21736
1.21654
1.21558
1.21453
1.21342
1.21227
1.21108
1.20986
1.20861
1.20732
1.206
1.20464
1.20325
1.20185
1.20044
1.19906
1.19773
1.19651
1.19544
1.19456
1.19394
1.19361
1.19358
1.19386
1.19443
1.19525
1.19627
1.19741
1.19863
1.19987
1.20109
1.20226
1.20334
1.20426
1.2049
1.20508
1.20454
1.20297
1.20007
1.19566
1.18995
1.18367
1.17811
1.17464
1.17394
1.17547
1.17778
1.17925
1.1788
1.17601
1.17105
1.1645
1.15714
1.14987
1.14357
1.13896
1.13649
1.13629
1.13816
1.14168
1.14625
1.1513
1.15629
1.16083
1.16468
1.16781
1.17038
1.17271
1.17515
1.17792
1.18103
1.18425
1.18722
1.18962
1.19123
1.19206
1.1922
1.19189
1.19135
1.19079
1.19036
1.19012
1.19009
1.19021
1.19042
1.19066
1.19084
1.19094
1.1909
1.19072
1.19043
1.19007
1.18974
1.18954
1.1896
1.18997
1.19069
1.19173
1.19301
1.19441
1.19584
1.19718
1.19836
1.19933
1.20005
1.2005
1.20065
1.20049
1.19996
1.19904
1.19767
1.19581
1.19347
1.19069
1.1876
1.18444
1.18152
1.17923
1.17792
1.17782
1.17898
1.18123
1.18424
1.18765
1.19113
1.19449
1.19766
1.20066
1.20359
1.20652
1.20947
1.21243
1.21533
1.21807
1.22052
1.22257
1.22411
1.22501
1.22517
1.2245
1.22292
1.22043
1.2171
1.21313
1.20882
1.20451
1.20049
1.19687
1.19355
1.19028
1.18683
1.18307
1.17914
1.17536
1.17219
1.17014
1.16967
1.17108
1.17447
1.17965
1.18618
1.19344
1.20077
1.20759
1.21354
1.21846
1.22236
1.22536
1.22763
1.22932
1.23056
1.2314
1.23184
1.23183
1.23131
1.23018
1.22837
1.22585
1.22263
1.21877
1.21445
1.20991
1.20546
1.20146
1.19817
1.19575
1.19416
1.19323
1.19277
1.19261
1.19271
1.19303
1.19356
1.19419
1.19476
1.19513
1.19523
1.19515
1.19511
1.19536
1.19606
1.19718
1.19853
1.1998
1.20071
1.20108
1.20093
1.20041
1.19977
1.19926
1.19908
1.19931
1.1999
1.20072
1.20159
1.20236
1.20291
1.20317
1.20315
1.20283
1.20226
1.20147
1.20047
1.19928
1.1979
1.19632
1.19453
1.19249
1.19021
1.18771
1.18505
1.18235
1.17979
1.1776
1.176
1.17519
1.17522
1.17604
1.17746
1.17921
1.18103
1.18268
1.18399
1.18486
1.18523
1.18514
1.18462
1.1838
1.18281
1.18183
1.18102
1.18054
1.18048
1.18087
1.18166
1.18273
1.18396
1.18522
1.18639
1.18743
1.18827
1.18893
1.1894
1.18972
1.18993
1.19007
1.19021
1.19042
1.19076
1.19129
1.19204
1.19301
1.19417
1.19544
1.19674
1.19793
1.19891
1.19953
1.19967
1.19919
1.19799
1.19596
1.19305
1.18926
1.18474
1.17981
1.175
1.171
1.16852
1.16804
1.16957
1.17265
1.17654
1.18044
1.18381
1.18635
1.18805
1.18903
1.18951
1.18971
1.18984
1.19005
1.19048
1.19125
1.19239
1.19392
1.19579
1.19789
1.2001
1.20228
1.20431
1.20611
1.20762
1.20883
1.20974
1.21034
1.21064
1.21061
1.2102
1.20929
1.20773
1.20533
1.2019
1.19738
1.19193
1.18613
1.18093
1.17736
1.17597
1.1764
1.17746
1.17772
1.17626
1.17312
1.1694
1.16691
1.16718
1.1706
1.17618
1.18236
1.18784
1.19197
1.19468
1.1962
1.19691
1.19718
1.19735
1.19766
1.19827
1.19922
1.20045
1.20186
1.20329
1.20459
1.20564
1.20637
1.20674
1.20674
1.20642
1.20584
1.20506
1.2042
1.20336
1.20265
1.20219
1.20205
1.2023
1.20295
1.20398
1.20534
1.20693
1.20868
1.21047
1.21223
1.2139
1.21547
1.21693
1.21832
1.21969
1.22106
1.22246
1.22387
1.22521
1.22638
1.22723
1.22764
1.22751
1.2268
1.22556
1.22388
1.22186
1.21955
1.21688
1.21364
1.20961
1.20467
1.19888
1.19257
1.18626
1.18055
1.17594
1.1728
1.17132
1.17153
1.17325
1.17607
1.1794
1.18267
1.18544
1.18757
1.18929
1.19106
1.1934
1.19666
1.20087
1.20569
1.21054
1.21482
1.21799
1.21977
1.22022
1.2198
1.21929
1.21959
1.2213
1.22444
1.22847
1.23256
1.23597
1.23825
1.23924
1.23898
1.23767
1.23554
1.23288
1.22994
1.22696
1.22413
1.22153
1.21914
1.21683
1.21439
1.21158
1.20817
1.20401
1.19903
1.19331
1.18705
1.18056
1.17422
1.16843
1.1636
1.16009
1.15824
1.15836
1.16063
1.16498
1.17101
1.17807
1.18545
1.19258
1.19906
1.20472
1.20953
1.21349
1.21665
1.21908
1.22081
1.22192
1.22246
1.2225
1.2221
1.22131
1.22018
1.21874
1.217
1.21497
1.21264
1.21
1.20702
1.20369
1.2
1.19599
1.1917
1.18727
1.18287
1.17875
1.17517
1.17238
1.17057
1.16979
1.17
1.17107
1.17284
1.17513
1.17781
1.18072
1.18378
1.18689
1.18998
1.19301
1.19592
1.19871
1.20134
1.20379
1.20603
1.20804
1.20979
1.21125
1.2124
1.2132
1.21362
1.21364
1.21324
1.2124
1.2111
1.20935
1.20717
1.20463
1.20182
1.19888
1.19597
1.19329
1.19098
1.18917
1.1879
1.18716
1.18686
1.1869
1.18717
1.18755
1.18798
1.1884
1.18877
1.18907
1.1893
1.18943
1.18946
1.18938
1.18918
1.18886
1.18839
1.18778
1.18701
1.18609
1.18503
1.18383
1.18255
1.18124
1.17999
1.17892
1.17812
1.1777
1.17774
1.17826
1.17924
1.18061
1.18227
1.18411
1.186
1.18784
1.18954
1.19105
1.19233
1.19337
1.19415
1.19466
1.1949
1.19485
1.19448
1.19375
1.19261
1.19101
1.18891
1.18632
1.18335
1.18021
1.17726
1.17495
1.1737
1.17376
1.17512
1.17747
1.18035
1.18329
1.18593
1.18803
1.18951
1.19034
1.19055
1.19017
1.18918
1.18744
1.18467
1.18035
1.17374
1.164
1.15088
1.13581
1.12296
1.11777
1.12278
1.1351
1.14923
1.16127
1.16998
1.17576
1.1795
1.18201
1.18385
1.18537
1.18677
1.18811
1.1894
1.19061
1.1917
1.19264
1.19339
1.19395
1.1943
1.19447
1.19447
1.19432
1.19404
1.19363
1.19309
1.19241
1.19155
1.19049
1.18919
1.18761
1.18571
1.18348
1.1809
1.17798
1.17477
1.17136
1.16792
1.16468
1.16193
1.15993
1.15894
1.15909
1.16038
1.16267
1.16562
1.16885
1.17196
1.17463
1.17665
1.17793
1.17844
1.17824
1.17742
1.17614
1.17458
1.17295
1.17145
1.17017
1.16913
1.1683
1.16765
1.16721
1.16709
1.16749
1.16853
1.17025
1.17254
1.17516
1.1778
1.18017
1.18205
1.18329
1.18385
1.18375
1.18309
1.18202
1.18076
1.17953
1.17858
1.17812
1.17828
1.17913
1.18062
1.18263
1.18498
1.18748
1.18994
1.19218
1.19408
1.19552
1.19642
1.19672
1.19642
1.19553
1.1941
1.19225
1.19012
1.18792
1.18585
1.18412
1.1829
1.18229
1.18233
1.18297
1.18414
1.18568
1.18744
1.18921
1.19081
1.19207
1.19282
1.19299
1.19254
1.1915
1.18998
1.18812
1.18608
1.18401
1.18201
1.18012
1.17842
1.17698
1.17587
1.175
1.17405
1.17255
1.17007
1.16651
1.16222
1.15782
1.15392
1.15095
1.14906
1.14837
1.14893
1.1507
1.15336
1.15637
1.15919
1.16148
1.16322
1.16459
1.16585
1.16711
1.1684
1.16959
1.17055
1.1712
1.17153
1.17167
1.17179
1.17208
1.17267
1.17365
1.17496
1.17652
1.17815
1.17973
1.18112
1.18224
1.18308
1.18361
1.18388
1.18391
1.18373
1.18338
1.18287
1.18222
1.18141
1.18044
1.17926
1.17779
1.17595
1.17362
1.17065
1.16687
1.16219
1.15661
1.1504
1.14415
1.1388
1.13534
1.13442
1.136
1.13939
1.1436
1.14779
1.15142
1.15433
1.15656
1.15824
1.15956
1.16069
1.16176
1.16286
1.16404
1.1653
1.16664
1.16802
1.1694
1.17073
1.17197
1.1731
1.1741
1.17495
1.17565
1.17619
1.17656
1.17674
1.17671
1.17644
1.17589
1.17507
1.17402
1.17283
1.17168
1.17082
1.17048
1.17085
1.17197
1.17369
1.17571
1.17766
1.17916
1.17994
1.17987
1.17905
1.17785
1.17684
1.17669
1.1779
1.1806
1.18448
1.18893
1.19329
1.19708
1.2
1.20198
1.20305
1.20335
1.20302
1.20224
1.20119
1.20002
1.19887
1.19787
1.1971
1.19658
1.19629
1.19615
1.19598
1.1956
1.19477
1.19338
1.19143
1.18922
1.18735
1.1866
1.1876
1.19056
1.19511
1.20045
1.20572
1.21025
1.21367
1.21588
1.21698
1.21718
1.21671
1.21583
1.21477
1.21368
1.21273
1.212
1.2116
1.21162
1.21215
1.21322
1.21482
1.2168
1.21891
1.22082
1.22218
1.22266
1.22206
1.22034
1.21764
1.21427
1.21068
1.20735
1.20464
1.20273
1.20148
1.20054
1.19945
1.19783
1.19555
1.19279
1.19003
1.18792
1.18714
1.18815
1.19107
1.19563
1.20127
1.20728
1.21301
1.21797
1.22183
1.22448
1.22593
1.22632
1.22588
1.22489
1.22361
1.2223
1.22113
1.22018
1.21945
1.21883
1.21816
1.21723
1.21583
1.21378
1.21094
1.20726
1.20287
1.19807
1.1934
1.18957
1.18724
1.18681
1.18825
1.19112
1.19481
1.19868
1.2023
1.2054
1.20784
1.20959
1.21068
1.21114
1.21101
1.21034
1.20918
1.20757
1.20555
1.20317
1.20053
1.19773
1.19492
1.19228
1.19001
1.18827
1.18716
1.18668
1.18675
1.18723
1.18795
1.18879
1.18963
1.19042
1.19114
1.19179
1.19236
1.19287
1.19333
1.19376
1.19417
1.19457
1.19498
1.19539
1.19582
1.19626
1.1967
1.19713
1.19752
1.19785
1.19809
1.1982
1.19814
1.19789
1.19742
1.19671
1.19576
1.19459
1.19323
1.19175
1.19021
1.18873
1.18741
1.18635
1.18561
1.18524
1.18525
1.18561
1.18627
1.18716
1.18821
1.18936
1.19055
1.19175
1.1929
1.19398
1.19497
1.19585
1.19657
1.19711
1.1974
1.19737
1.19693
1.19599
1.19444
1.19221
1.18931
1.18583
1.18201
1.1782
1.1748
1.17217
1.1705
1.16978
1.16979
1.1702
1.17069
1.17103
1.17112
1.17102
1.17091
1.17105
1.1717
1.173
1.17494
1.17726
1.17963
1.18174
1.18339
1.18458
1.18546
1.18625
1.18721
1.18854
1.19034
1.19262
1.19527
1.1981
1.20091
1.20348
1.20564
1.20725
1.20825
1.20866
1.20851
1.20791
1.207
1.20591
1.2048
1.20377
1.20292
1.20226
1.20178
1.20144
1.20117
1.20098
1.20085
1.20085
1.20105
1.2015
1.20221
1.20316
1.20421
1.20522
1.20602
1.20644
1.20636
1.20569
1.20436
1.20238
1.19978
1.19668
1.19328
1.18992
1.18703
1.18504
1.18424
1.18467
1.1861
1.18814
1.19038
1.1925
1.19433
1.19579
1.19689
1.19766
1.19816
1.19848
1.19869
1.19886
1.19909
1.19943
1.19995
1.2007
1.20169
1.2029
1.2043
1.2058
1.20733
1.20878
1.21004
1.21101
1.21157
1.21161
1.21101
1.20964
1.20742
1.20427
1.20022
1.19545
1.19033
1.18542
1.18142
1.17895
1.17833
1.17951
1.18205
1.1854
1.18903
1.19258
1.19584
1.19874
1.20127
1.20346
1.2053
1.20678
1.20782
1.2083
1.20804
1.20679
1.20424
1.20008
1.19415
1.18667
1.17857
1.17153
1.16749
1.16756
1.17125
1.17685
1.18249
1.18693
1.18975
1.19105
1.19121
1.19066
1.18981
1.18897
1.18837
1.18814
1.18834
1.18893
1.18978
1.19076
1.19167
1.19233
1.19256
1.1922
1.19116
1.18937
1.18688
1.18381
1.1804
1.17696
1.1738
1.17116
1.16915
1.16776
1.16689
1.16643
1.16629
1.16646
1.16694
1.16777
1.16896
1.17049
1.17227
1.17419
1.17609
1.17783
1.17928
1.18037
1.18106
1.18137
1.18132
1.18096
1.18034
1.17952
1.17855
1.17745
1.17625
1.17496
1.17357
1.17206
1.17037
1.16846
1.16626
1.16374
1.16088
1.15773
1.15439
1.15106
1.14797
1.14529
1.14313
1.14144
1.1401
1.13896
1.13796
1.13719
1.13685
1.13718
1.13832
1.14028
1.14286
1.14579
1.14877
1.15154
1.15395
1.15594
1.15752
1.15875
1.15969
1.1604
1.16091
1.16122
1.16131
1.16115
1.16068
1.15984
1.15861
1.15696
1.15493
1.15264
1.15029
1.14814
1.14649
1.14557
1.14549
1.14623
1.1476
1.14938
1.1513
1.15318
1.15487
1.15628
1.15736
1.15806
1.15838
1.1583
1.15784
1.15703
1.15591
1.15455
1.15303
1.15146
1.14994
1.14855
1.14738
1.14647
1.14583
1.14544
1.14522
1.1451
1.14501
1.14487
1.14468
1.14445
1.14422
1.1441
1.14416
1.14449
1.14514
1.14611
1.1474
1.14894
1.15068
1.15256
1.15451
1.1565
1.15848
1.16043
1.16231
1.1641
1.16579
1.16736
1.16878
1.17005
1.17115
1.17209
1.17287
1.17348
1.17393
1.17422
1.17434
1.1743
1.17409
1.17369
1.17309
1.17227
1.17121
1.16987
1.16823
1.16627
1.16397
1.16135
1.15846
1.15537
1.15223
1.14921
1.14647
1.14418
1.14241
1.14116
1.14035
1.13989
1.1397
1.1398
1.14029
1.14129
1.14291
1.14517
1.148
1.15129
1.1549
1.15869
1.16254
1.16629
1.16978
1.17289
1.17551
1.17758
1.17911
1.18013
1.18069
1.18088
1.18074
1.18034
1.1797
1.17884
1.17774
1.17638
1.17471
1.17268
1.17026
1.16747
1.16438
1.1612
1.15823
1.15587
1.15451
1.1544
1.15557
1.15779
1.16063
1.16358
1.16621
1.16821
1.16942
1.16983
1.16956
1.16881
1.16784
1.16692
1.1663
1.16619
1.16671
1.16791
1.16971
1.17198
1.17453
1.17714
1.17962
1.1818
1.18359
1.18491
1.18575
1.1861
1.18601
1.1855
1.18463
1.18345
1.18204
1.18044
1.17875
1.17706
1.17547
1.17413
1.1732
1.17286
1.17324
1.1744
1.17632
1.17888
1.18186
1.18504
1.18821
1.19117
1.1938
1.19602
1.19778
1.19906
1.19986
1.20019
1.20004
1.19943
1.19837
1.19685
1.1949
1.19254
1.18981
1.1868
1.18361
1.18041
1.17742
1.17487
1.17298
1.17194
1.1718
1.17253
1.17397
1.17587
1.17795
1.17991
1.1815
1.18248
1.18269
1.18205
1.18053
1.17826
1.17545
1.17247
1.16979
1.16788
1.16712
1.16765
1.16938
1.172
1.17512
1.17836
1.1814
1.18401
1.18604
1.18741
1.18811
1.18816
1.1876
1.18644
1.18468
1.18231
1.17941
1.1762
1.17311
1.17064
1.16919
1.16881
1.16917
1.16975
1.17009
1.17
1.16959
1.16918
1.16916
1.16976
1.17098
1.17254
1.17402
1.17508
1.17555
1.17552
1.17527
1.17515
1.17546
1.17631
1.17761
1.1791
1.18046
1.18138
1.18167
1.18123
1.18006
1.1783
1.17616
1.1739
1.17184
1.17028
1.16943
1.1694
1.17016
1.17157
1.17346
1.17567
1.17811
1.18075
1.18361
1.18667
1.18988
1.19314
1.19635
1.19936
1.20203
1.20425
1.20593
1.207
1.20739
1.20707
1.20603
1.20428
1.20187
1.19889
1.1955
1.19192
1.18843
1.18534
1.18296
1.1815
1.18107
1.18161
1.18288
1.18459
1.18637
1.18792
1.18901
1.18952
1.18948
1.18903
1.18844
1.18803
1.18819
1.18918
1.19109
1.19377
1.19687
1.19993
1.20251
1.2043
1.20516
1.20519
1.2046
1.20374
1.20294
1.20247
1.20247
1.20295
1.20379
1.2048
1.20578
1.20655
1.20696
1.20691
1.2063
1.20502
1.20298
1.20005
1.19613
1.19124
1.18548
1.1792
1.17296
1.16751
1.1636
1.16176
1.16209
1.16419
1.16734
1.17082
1.17409
1.17689
1.17922
1.18121
1.18308
1.18497
1.187
1.18916
1.19134
1.19338
1.1951
1.19631
1.19686
1.19666
1.19565
1.1939
1.1915
1.18867
1.18566
1.18275
1.1802
1.17816
1.17666
1.17565
1.17499
1.17455
1.17421
1.17391
1.17364
1.17344
1.17339
1.17357
1.17409
1.175
1.17633
1.17798
1.17983
1.18172
1.18347
1.18496
1.1861
1.18684
1.18717
1.18709
1.18661
1.18574
1.18452
1.18297
1.18115
1.17913
1.17698
1.17478
1.17262
1.17055
1.16862
1.16688
1.16541
1.16428
1.16362
1.16352
1.16406
1.16523
1.16695
1.16904
1.17132
1.17357
1.17564
1.17741
1.17883
1.17989
1.1806
1.18101
1.18117
1.18113
1.18096
1.1807
1.1804
1.18009
1.17979
1.17947
1.17906
1.17846
1.17748
1.17589
1.17341
1.16973
1.1646
1.15796
1.15018
1.14216
1.13529
1.13098
1.12991
1.13174
1.13537
1.13964
1.14379
1.14749
1.15075
1.15367
1.1564
1.159
1.16151
1.1639
1.16612
1.16814
1.16991
1.17141
1.17262
1.17354
1.17417
1.17452
1.17459
1.17435
1.17381
1.17295
1.17176
1.17028
1.16853
1.1666
1.16461
1.16272
1.16108
1.15984
1.15904
1.15866
1.15856
1.15854
1.15839
1.15794
1.1571
1.15585
1.15428
1.15252
1.15074
1.14911
1.14778
1.14686
1.14644
1.14654
1.14711
1.14807
1.14932
1.15073
1.15217
1.15354
1.15476
1.1558
1.15663
1.15725
1.15769
1.15798
1.15813
1.15818
1.15816
1.15807
1.15794
1.15777
1.15757
1.15732
1.15702
1.15668
1.15629
1.15586
1.15538
1.15485
1.1543
1.1537
1.15307
1.15239
1.15165
1.15082
1.14988
1.14879
1.14753
1.14607
1.14442
1.14259
1.14065
1.13867
1.13677
1.13509
1.13377
1.13294
1.13265
1.13292
1.13364
1.13469
1.13585
1.13694
1.13774
1.13809
1.13789
1.13711
1.13583
1.13425
1.13269
1.13155
1.13117
1.13174
1.13326
1.13551
1.13817
1.14095
1.14361
1.14603
1.14815
1.15
1.15157
1.1529
1.154
1.15488
1.15555
1.15603
1.15635
1.15657
1.15672
1.15689
1.15712
1.15747
1.15798
1.15865
1.15949
1.16045
1.16152
1.16263
1.16373
1.16478
1.16572
1.16652
1.16714
1.16754
1.16767
1.16749
1.16695
1.16599
1.16456
1.16261
1.16012
1.1571
1.15365
1.14996
1.14633
1.14315
1.14083
1.13972
1.13997
1.14156
1.14425
1.14773
1.15165
1.1557
1.15965
1.16334
1.16665
1.16949
1.1718
1.17354
1.17462
1.17501
1.17464
1.17352
1.17169
1.16934
1.16674
1.16427
1.16227
1.16102
1.16063
1.16114
1.16257
1.16491
1.16807
1.17177
1.17561
1.17914
1.18203
1.18416
1.18563
1.18667
1.18757
1.18853
1.18965
1.19089
1.19217
1.19337
1.19443
1.19533
1.19614
1.19694
1.19784
1.1989
1.20016
1.20159
1.20311
1.20466
1.20614
1.20749
1.20868
1.20969
1.2105
1.21112
1.21153
1.2117
1.21162
1.21122
1.21049
1.20941
1.20801
1.20637
1.20467
1.20311
1.20193
1.20127
1.20119
1.20156
1.20215
1.20267
1.20284
1.20251
1.20164
1.20034
1.19889
1.19764
1.19697
1.19716
1.19835
1.20047
1.20332
1.20658
1.20998
1.21329
1.21639
1.21924
1.22186
1.2243
1.22658
1.22874
1.23078
1.23268
1.23444
1.23605
1.23748
1.23873
1.23976
1.24054
1.24101
1.24112
1.24082
1.24008
1.23887
1.23721
1.23514
1.23273
1.23009
1.22732
1.22455
1.22191
1.21949
1.21735
1.21553
1.21403
1.21281
1.21186
1.21113
1.21059
1.21019
1.2099
1.2097
1.20957
1.20951
1.20954
1.2097
1.21003
1.21059
1.21135
1.2123
1.21333
1.21432
1.21508
1.21546
1.21532
1.21455
1.21312
1.21106
1.20849
1.20556
1.20249
1.19953
1.19691
1.19484
1.19347
1.19287
1.19302
1.19382
1.19512
1.19672
1.19844
1.20009
1.20158
1.20283
1.20381
1.20455
1.20506
1.20541
1.20562
1.20574
1.2058
1.2058
1.20577
1.20569
1.20557
1.20541
1.20519
1.20491
1.20456
1.20412
1.2036
1.20296
1.20218
1.20123
1.20007
1.19866
1.19693
1.19483
1.19231
1.18932
1.18586
1.18199
1.1778
1.1735
1.16933
1.16561
1.16263
1.16063
1.15973
1.15993
1.16105
1.16286
1.16503
1.16729
1.1694
1.1712
1.17264
1.17372
1.17452
1.17517
1.17582
1.17661
1.17765
1.17895
1.18045
1.18202
1.18352
1.1848
1.18573
1.18626
1.18637
1.18609
1.1855
1.18469
1.1838
1.18294
1.18227
1.18189
1.18189
1.18233
1.18321
1.18449
1.18611
1.18797
1.18996
1.19197
1.19391
1.19566
1.19717
1.19834
1.19912
1.19947
1.19935
1.19878
1.19779
1.19649
1.19503
1.1936
1.19243
1.19172
1.19156
1.19196
1.19278
1.19378
1.19471
1.19532
1.19551
1.19534
1.19504
1.19499
1.19551
1.19678
1.19868
1.20086
1.2028
1.20405
1.20424
1.20325
1.20112
1.19809
1.19451
1.19082
1.18734
1.18426
1.18154
1.17899
1.17643
1.17382
1.17132
1.16923
1.16786
1.1674
1.16781
1.16888
1.17033
1.17198
1.17372
1.17555
1.17749
1.17954
1.18168
1.1838
1.1858
1.18754
1.18888
1.18972
1.18996
1.18953
1.18839
1.18652
1.18395
1.18074
1.177
1.17289
1.16862
1.16448
1.16075
1.15774
1.15567
1.15467
1.15471
1.15563
1.15713
1.1589
1.16062
1.16207
1.16318
1.164
1.16467
1.16542
1.1664
1.16769
1.16922
1.17086
1.17243
1.17375
1.17473
1.17532
1.17552
1.1754
1.17499
1.17436
1.17356
1.17263
1.1716
1.17051
1.16938
1.16824
1.16711
1.16604
1.16505
1.16417
1.16341
1.16278
1.16229
1.1619
1.16159
1.16131
1.16099
1.16059
1.16003
1.15926
1.15823
1.1569
1.1553
1.15345
1.15145
1.14942
1.14751
1.14587
1.14463
1.14385
1.14355
1.14368
1.14417
1.14493
1.14589
1.14695
1.14803
1.14907
1.14999
1.15071
1.15117
1.15132
1.15111
1.15052
1.14955
1.14824
1.14665
1.14488
1.14305
1.14133
1.13993
1.13904
1.13886
1.13953
1.14111
1.14353
1.14665
1.15022
1.15399
1.15769
1.16113
1.16414
1.16663
1.16854
1.16987
1.17059
1.17074
1.1703
1.1693
1.16775
1.16567
1.16309
1.1601
1.15683
1.15348
1.15031
1.14759
1.1456
1.14449
1.14432
1.14498
1.14633
1.14817
1.15036
1.15278
1.15533
1.15794
1.16049
1.16288
1.16495
1.16653
1.16744
1.16751
1.16659
1.16458
1.16151
1.15756
1.15314
1.14886
1.14542
1.14336
1.14295
1.14403
1.14623
1.14911
1.15233
1.15569
1.15907
1.16244
1.16576
1.16898
1.17204
1.17489
1.17749
1.1798
1.1818
1.18348
1.18484
1.18589
1.18662
1.18703
1.18708
1.18673
1.1859
1.18447
1.18228
1.17913
1.17483
1.16929
1.16264
1.15541
1.14861
1.14353
1.14121
1.14185
1.14473
1.14859
1.15237
1.15547
1.1578
1.1596
1.16122
1.16296
1.16498
1.16728
1.16972
1.17213
1.17434
1.17623
1.17775
1.17889
1.1797
1.18019
1.1804
1.18032
1.17993
1.17918
1.17808
1.17664
1.17496
1.17317
1.17149
1.17013
1.16932
1.16917
1.16973
1.17087
1.17243
1.17415
1.17581
1.17724
1.17836
1.17915
1.17968
1.18005
1.18035
1.18066
1.18102
1.1814
1.18174
1.18195
1.18189
1.18147
1.18056
1.17909
1.17696
1.1741
1.17045
1.16597
1.16072
1.15488
1.14881
1.1431
1.13851
1.13574
1.13525
1.13705
1.14069
1.1455
1.15076
1.15589
1.16052
1.16447
1.16771
1.17027
1.17224
1.17369
1.17471
1.17537
1.17574
1.17584
1.17573
1.17543
1.17495
1.17432
1.17355
1.17267
1.17168
1.1706
1.16945
1.16826
1.16704
1.16583
1.16465
1.16353
1.16249
1.16157
1.16078
1.16014
1.15965
1.15931
1.15912
1.15905
1.15909
1.15921
1.15937
1.15954
1.15968
1.15973
1.15965
1.15939
1.15891
1.15818
1.15718
1.15592
1.15445
1.15287
1.15129
1.14987
1.14878
1.14818
1.14818
1.14883
1.15011
1.15192
1.15412
1.15655
1.15902
1.16141
1.16361
1.16556
1.16723
1.16863
1.16977
1.17069
1.17143
1.17202
1.1725
1.17289
1.17322
1.1735
1.17373
1.17391
1.17402
1.17403
1.17391
1.17358
1.17299
1.17205
1.1707
1.16889
1.16663
1.16405
1.1614
1.15906
1.15749
1.15709
1.15803
1.16021
1.16329
1.16682
1.17038
1.17365
1.17646
1.17876
1.18054
1.18186
1.18276
1.18331
1.18355
1.18353
1.18331
1.18291
1.1824
1.18184
1.18127
1.18078
1.18041
1.18025
1.18034
1.18073
1.18144
1.18248
1.18383
1.18543
1.18723
1.18914
1.19109
1.19301
1.19482
1.19647
1.19792
1.19915
1.20012
1.20083
1.20126
1.20138
1.20118
1.20065
1.19976
1.19851
1.19691
1.195
1.19283
1.19053
1.18824
1.18613
1.18438
1.18309
1.18231
1.18196
1.1819
1.18191
1.18181
1.18146
1.18082
1.17988
1.17868
1.17717
1.17523
1.1726
1.16904
1.16454
1.15964
1.15564
1.15424
1.1567
1.16296
1.17168
1.18105
1.18961
1.19657
1.20164
1.20479
1.2061
1.20571
1.20381
1.20067
1.19667
1.1923
1.18813
1.18473
1.18257
1.18192
1.18278
1.18493
1.18801
1.19157
1.19521
1.19859
1.20149
1.20376
1.20534
1.20623
1.20647
1.20612
1.20526
1.20397
1.20232
1.20039
1.19826
1.196
1.19367
1.19135
1.1891
1.18698
1.18505
1.18336
1.18194
1.18082
1.18004
1.17959
1.17944
1.17956
1.17984
1.18014
1.1803
1.18012
1.17945
1.17817
1.17626
1.17381
1.17105
1.1683
1.16597
1.16446
1.16406
1.16492
1.16703
1.17015
1.17397
1.1781
1.18218
1.18587
1.1889
1.1911
1.19233
1.19255
1.19176
1.19005
1.1876
1.18463
1.18144
1.17832
1.17549
1.17304
1.17097
1.16917
1.16755
1.16603
1.16461
1.16337
1.16238
1.16168
1.16133
1.16134
1.16173
1.1625
1.16366
1.16521
1.16705
1.1691
1.17122
1.17329
1.17521
1.17693
1.17838
1.17955
1.18039
1.18088
1.18096
1.18058
1.17969
1.17826
1.17634
1.17405
1.17163
1.16941
1.16779
1.16709
1.16747
1.16885
1.17095
1.1734
1.17585
1.17807
1.1799
1.18132
1.18235
1.18305
1.1835
1.18377
1.18391
1.18398
1.184
1.184
1.18397
1.1839
1.18374
1.18345
1.18297
1.18222
1.18113
1.17968
1.17787
1.17581
1.17367
1.17175
1.17035
1.16974
1.17002
1.17107
1.17263
1.17433
1.17584
1.17691
1.17738
1.17724
1.17652
1.17533
1.17382
1.17214
1.17046
1.16893
1.16767
1.16675
1.16616
1.16586
1.16572
1.16563
1.16546
1.16517
1.16477
1.1644
1.16427
1.16459
1.16554
1.16713
1.16923
1.1716
1.17394
1.17599
1.17756
1.17858
1.17905
1.17905
1.17873
1.17824
1.17773
1.17734
1.17718
1.17729
1.1777
1.17838
1.17929
1.18039
1.18163
1.18296
1.18432
1.18567
1.18693
1.18804
1.18892
1.1895
1.18968
1.18936
1.18843
1.18677
1.18427
1.18091
1.17675
1.17207
1.16744
1.1636
1.16134
1.16114
1.16298
1.16633
1.1704
1.17449
1.17808
1.18092
1.18296
1.18422
1.18479
1.1848
1.18433
1.18349
1.18236
1.18102
1.17956
1.17802
1.17649
1.17503
1.17368
1.17249
1.17146
1.17061
1.16993
1.16944
1.16916
1.16914
1.16945
1.17013
1.17119
1.1726
1.17425
1.17604
1.17783
1.17954
1.18109
1.18246
1.18363
1.18461
1.18543
1.1861
1.1866
1.18691
1.187
1.18683
1.18634
1.18548
1.18423
1.18257
1.18056
1.17827
1.17583
1.17341
1.1712
1.16938
1.16811
1.1675
1.16764
1.16854
1.17019
1.17249
1.17529
1.17839
1.18157
1.18462
1.18735
1.18965
1.19142
1.19261
1.1932
1.19318
1.19255
1.19133
1.18955
1.18731
1.18472
1.18197
1.17927
1.17685
1.1749
1.17357
1.17288
1.17279
1.17314
1.17378
1.17452
1.17519
1.1757
1.17596
1.17594
1.17564
1.17511
1.17441
1.17362
1.17281
1.17209
1.17152
1.17116
1.17104
1.17115
1.17143
1.17183
1.17223
1.17252
1.1726
1.17236
1.17173
1.17066
1.16914
1.16721
1.16495
1.1625
1.16003
1.15772
1.15572
1.15417
1.15308
1.15239
1.15192
1.15142
1.15064
1.14934
1.14746
1.14519
1.14303
1.14172
1.14202
1.14432
1.14845
1.15376
1.15942
1.16474
1.16929
1.17291
1.17559
1.1774
1.17844
1.17876
1.17838
1.17727
1.17536
1.17252
1.16862
1.16352
1.15713
1.14951
1.14098
1.13224
1.12442
1.11895
1.11706
1.11917
1.12466
1.13216
1.14014
1.14746
1.15345
1.15787
1.16074
1.16219
1.16242
1.16161
1.15998
1.15774
1.15518
1.1526
1.15024
1.14829
1.14678
1.14563
1.14481
1.14436
1.14445
1.14518
1.14649
1.14805
1.1494
1.15017
1.1503
1.15018
1.15045
1.15161
1.15363
1.15589
1.15738
1.15725
1.1552
1.15169
1.14789
1.14522
1.14466
1.14633
1.14958
1.15351
1.15743
1.16099
1.16402
1.16645
1.16824
1.16933
1.16969
1.16931
1.16824
1.16659
1.16453
1.16226
1.16006
1.15813
1.15661
1.15549
1.15466
1.15393
1.15317
1.15234
1.15156
1.15108
1.15117
1.15202
1.15364
1.1559
1.15852
1.16124
1.16382
1.16611
1.16807
1.1697
1.17103
1.17212
1.17303
1.17381
1.17449
1.17511
1.17567
1.17618
1.17663
1.17701
1.17727
1.17738
1.1773
1.17696
1.17629
1.17524
1.17372
1.17166
1.16902
1.16579
1.16202
1.1579
1.15383
1.15035
1.14814
1.14776
1.14941
1.15278
1.1572
1.16189
1.16624
1.16988
1.1727
1.17478
1.17626
1.17734
1.17818
1.17889
1.17956
1.1802
1.18081
1.18137
1.18183
1.18214
1.18226
1.18214
1.18173
1.18096
1.17978
1.17814
1.17602
1.17346
1.17057
1.16762
1.165
1.16312
1.16234
1.16278
1.16429
1.16653
1.16907
1.17154
1.17373
1.17554
1.17699
1.17819
1.17927
1.18035
1.18153
1.18286
1.18434
1.18595
1.18762
1.1893
1.19093
1.19248
1.1939
1.19519
1.19635
1.19737
1.19824
1.19893
1.19941
1.1996
1.19944
1.1988
1.19759
1.19571
1.19315
1.19001
1.18661
1.18345
1.18115
1.18024
1.18093
1.18302
1.18597
1.18917
1.19212
1.19451
1.19629
1.19757
1.19855
1.19948
1.20054
1.20187
1.20345
1.2052
1.20698
1.20861
1.20996
1.21091
1.21141
1.2114
1.21092
1.21005
1.20896
1.2079
1.20721
1.20723
1.20817
1.21008
1.21277
1.2159
1.21909
1.22197
1.22432
1.22597
1.22683
1.22684
1.22596
1.22414
1.22142
1.21793
1.21405
1.2104
1.20777
1.20684
1.20794
1.21086
1.21501
1.21965
1.22412
1.22797
1.23094
1.23291
1.23385
1.23379
1.23279
1.23094
1.22838
1.22529
1.22193
1.2186
1.21563
1.21332
1.2119
1.21146
1.21194
1.21317
1.21489
1.21684
1.21877
1.22048
1.22181
1.22266
1.22298
1.22278
1.2221
1.22105
1.21974
1.21833
1.21694
1.21569
1.21468
1.21395
1.21348
1.21323
1.2131
1.21299
1.21279
1.2124
1.21179
1.21097
1.21005
1.20919
1.20858
1.20839
1.20873
1.20956
1.21076
1.21215
1.21351
1.21467
1.21552
1.21604
1.21625
1.21621
1.216
1.21572
1.21542
1.21515
1.21489
1.21461
1.21425
1.21374
1.21297
1.21186
1.21035
1.20839
1.206
1.20325
1.20028
1.19733
1.19469
1.19264
1.19145
1.19129
1.19219
1.19404
1.1966
1.19962
1.20281
1.20593
1.20883
1.21137
1.21349
1.21518
1.21641
1.21719
1.21753
1.21741
1.2168
1.21566
1.21391
1.2115
1.20836
1.20452
1.20009
1.19537
1.19084
1.18718
1.18505
1.1849
1.18677
1.19032
1.19492
1.19987
1.20457
1.20856
1.21147
1.21302
1.21292
1.21092
1.20693
1.20125
1.19493
1.1898
1.18796
1.19058
1.19716
1.20585
1.21465
1.22224
1.22814
1.23239
1.2353
1.23717
1.23831
1.23893
1.23916
1.23911
1.23881
1.23827
1.23748
1.23642
1.23509
1.23348
1.2316
1.22949
1.22716
1.22463
1.22191
1.21903
1.21608
1.21319
1.21055
1.20835
1.20673
1.20572
1.20522
1.20503
1.20493
1.20466
1.20405
1.20296
1.20132
1.19916
1.1966
1.1939
1.19144
1.18967
1.18898
1.18963
1.19172
1.19514
1.19968
1.20504
1.21091
1.21701
1.22308
1.22888
1.2342
1.23885
1.2427
1.24568
1.2478
1.24912
1.24969
1.24963
1.24898
1.24783
1.24619
1.24409
1.24152
1.23849
1.235
1.23109
1.22683
1.22232
1.21775
1.21328
1.20912
1.20547
1.20247
1.20027
1.19894
1.19846
1.19874
1.19959
1.20072
1.20183
1.20261
1.20281
1.20225
1.20086
1.19872
1.1961
1.19343
1.19122
1.18994
1.18981
1.19073
1.19234
1.19413
1.1957
1.19676
1.1972
1.19706
1.19642
1.19545
1.1943
1.1931
1.19199
1.19106
1.19035
1.18988
1.18962
1.18953
1.18954
1.18956
1.18953
1.18937
1.18901
1.18843
1.1876
1.18651
1.18519
1.18371
1.18214
1.18062
1.17927
1.1782
1.1775
1.17716
1.17715
1.17736
1.17767
1.17795
1.17808
1.17798
1.17761
1.17694
1.17598
1.17479
1.17344
1.17204
1.17073
1.16966
1.16898
1.16875
1.16901
1.16969
1.17067
1.1718
1.17291
1.17386
1.17455
1.17491
1.1749
1.17453
1.1738
1.17276
1.17145
1.16996
1.16834
1.16667
1.165
1.16335
1.16171
1.16003
1.15827
1.15638
1.15434
1.1522
1.15005
1.14803
1.14635
1.14517
1.14465
1.14487
1.14586
1.14751
1.14965
1.15206
1.15446
1.1566
1.15828
1.15929
1.15949
1.15875
1.15697
1.15413
1.15035
1.14597
1.14162
1.13817
1.13647
1.13699
1.13959
1.14358
1.14812
1.15244
1.15611
1.15894
1.16095
1.16224
1.16294
1.16318
1.16306
1.16267
1.16207
1.1613
1.16039
1.15932
1.15807
1.15653
1.15455
1.15189
1.14822
1.14324
1.1368
1.12921
1.12155
1.11567
1.11349
1.11585
1.12189
1.12962
1.1371
1.14317
1.1474
1.14988
1.15085
1.15061
1.14947
1.1477
1.14558
1.1434
1.14142
1.13987
1.13885
1.13838
1.13836
1.13864
1.13904
1.13941
1.13966
1.13977
1.1398
1.13984
1.13999
1.14037
1.14102
1.14198
1.14319
1.1446
1.14611
1.1476
1.14899
1.15019
1.15118
1.15193
1.15249
1.1529
1.15324
1.15358
1.15399
1.15452
1.15519
1.15601
1.15699
1.15808
1.15926
1.1605
1.16177
1.16301
1.16421
1.16531
1.16629
1.1671
1.1677
1.16804
1.16808
1.16776
1.16704
1.16587
1.16424
1.16213
1.15956
1.1566
1.15334
1.14995
1.14661
1.1435
1.1408
1.13865
1.13708
1.1361
1.13563
1.13556
1.13578
1.13617
1.13664
1.13712
1.13759
1.13807
1.1386
1.13926
1.14014
1.14132
1.14285
1.14475
1.14698
1.14945
1.15203
1.15455
1.15689
1.15891
1.16054
1.16171
1.16242
1.16266
1.16248
1.16192
1.16102
1.15985
1.15846
1.15692
1.1553
1.15366
1.15208
1.1506
1.14929
1.14819
1.14735
1.14677
1.14647
1.14643
1.14662
1.147
1.14753
1.14817
1.14887
1.1496
1.15035
1.1511
1.15186
1.15262
1.15337
1.15409
1.15475
1.15529
1.15566
1.15578
1.1556
1.15506
1.15413
1.15281
1.15113
1.14919
1.14712
1.14514
1.14348
1.1424
1.14208
1.14255
1.14366
1.14514
1.14667
1.14796
1.14885
1.14929
1.1494
1.14935
1.14937
1.14967
1.15035
1.15139
1.15258
1.15363
1.15417
1.1539
1.15271
1.15079
1.14867
1.14713
1.14692
1.14838
1.15134
1.15517
1.15915
1.16269
1.16549
1.16751
1.16886
1.1697
1.17021
1.17056
1.17086
1.17119
1.1716
1.1721
1.17269
1.17333
1.17399
1.17462
1.17515
1.17553
1.17571
1.17562
1.17522
1.17448
1.17339
1.17196
1.17023
1.16828
1.16624
1.16428
1.16264
1.16159
1.16141
1.1623
1.16436
1.16755
1.17168
1.17645
1.18153
1.18661
1.19142
1.19573
1.19939
1.20228
1.20431
1.20545
1.20568
1.20503
1.2036
1.20153
1.1991
1.19659
1.19433
1.19256
1.19141
1.1908
1.19051
1.19023
1.18965
1.18854
1.18679
1.18447
1.18181
1.17915
1.17693
1.1755
1.17513
1.17586
1.1776
1.18007
1.18296
1.18592
1.18868
1.19104
1.19295
1.19443
1.1956
1.19657
1.19748
1.19839
1.1993
1.20019
1.20097
1.2016
1.20203
1.20229
1.20241
1.20242
1.20233
1.20212
1.20176
1.20124
1.20065
1.20015
1.19997
1.20026
1.201
1.20192
1.20258
1.20242
1.20097
1.19792
1.19323
1.18727
1.18088
1.17532
1.17196
1.1717
1.17453
1.17956
1.1855
1.19123
1.19608
1.19977
1.20227
1.20371
1.20423
1.20404
1.20334
1.20236
1.2013
1.20035
1.1996
1.19904
1.19855
1.19797
1.19713
1.19597
1.1945
1.19288
1.19134
1.1901
1.18934
1.1891
1.18928
1.18966
1.19001
1.19011
1.18984
1.18916
1.18816
1.18698
1.18583
1.18493
1.18452
1.18476
1.18577
1.18754
1.19
1.19298
1.19626
1.19959
1.20274
1.20554
1.20786
1.20959
1.21067
1.21105
1.2107
1.20955
1.20757
1.2047
1.20096
1.19637
1.19113
1.18555
1.18012
1.1755
1.17233
1.17107
1.17179
1.17416
1.17756
1.1813
1.18484
1.18786
1.19022
1.19197
1.19322
1.19412
1.1948
1.19536
1.19589
1.19641
1.19692
1.19741
1.19783
1.19811
1.19821
1.19804
1.19757
1.19674
1.19557
1.19406
1.19228
1.19034
1.18838
1.18656
1.18504
1.18395
1.18337
1.18335
1.18387
1.18491
1.1864
1.18826
1.19039
1.19267
1.19497
1.19714
1.19902
1.20044
1.2013
1.20152
1.20111
1.20016
1.1989
1.19761
1.19662
1.19618
1.19642
1.19729
1.19864
1.20024
1.20191
1.20352
1.205
1.20631
1.20744
1.20837
1.20909
1.20959
1.20986
1.20991
1.20978
1.20952
1.2092
1.2089
1.2087
1.20867
1.20885
1.20923
1.20979
1.21044
1.21109
1.21162
1.21193
1.21191
1.21148
1.21059
1.20923
1.20743
1.20525
1.20284
1.20037
1.19805
1.19609
1.19466
1.19384
1.19363
1.19396
1.19469
1.19568
1.19683
1.19806
1.1993
1.20053
1.20171
1.20279
1.20371
1.20439
1.20475
1.2047
1.20422
1.20334
1.20216
1.20085
1.19965
1.19878
1.1984
1.19856
1.19918
1.20009
1.20108
1.20191
1.20244
1.20257
1.20228
1.20161
1.20066
1.19952
1.1983
1.19708
1.19593
1.19485
1.19387
1.193
1.19226
1.19171
1.19144
1.19158
1.1922
1.19336
1.195
1.19698
1.19911
1.20119
1.20303
1.2045
1.20549
1.20598
1.20593
1.20536
1.20428
1.20272
1.20072
1.19833
1.19564
1.19274
1.18975
1.18685
1.18418
1.18192
1.18021
1.17915
1.17876
1.17901
1.17982
1.18107
1.18265
1.18443
1.18633
1.18825
1.19013
1.19192
1.19354
1.19495
1.19607
1.19685
1.19719
1.19703
1.1963
1.19493
1.19287
1.19012
1.18673
1.18281
1.17855
1.17421
1.17009
1.16647
1.16364
1.16178
1.16102
1.16138
1.16279
1.1651
1.1681
1.17154
1.17519
1.17886
1.18237
1.18562
1.18853
1.19106
1.19317
1.19486
1.19613
1.19696
1.19735
1.19727
1.1967
1.19559
1.19386
1.19146
1.18831
1.18438
1.17972
1.17451
1.1691
1.16405
1.16002
1.15761
1.15713
1.15848
1.1612
1.16464
1.16817
1.17132
1.17373
1.1752
1.17558
1.17476
1.17272
1.16955
1.16559
1.16146
1.15804
1.15622
1.15654
1.15894
1.16278
1.16717
1.17132
1.17474
1.17722
1.17875
1.17945
1.17945
1.17888
1.17782
1.17632
1.17439
1.17201
1.16913
1.16573
1.16186
1.15766
1.15347
1.14974
1.14703
1.14583
1.14637
1.14859
1.15211
1.15641
1.16096
1.16534
1.16924
1.17248
1.17496
1.17667
1.1776
1.17778
1.17726
1.17608
1.17432
1.17209
1.16952
1.16678
1.1641
1.1617
1.15978
1.15851
1.15795
1.15812
1.1589
1.16017
1.16177
1.16353
1.16535
1.16711
1.16877
1.17029
1.17164
1.17282
1.17382
1.17465
1.17528
1.17572
1.17595
1.17598
1.1758
1.17543
1.17488
1.17418
1.17338
1.1725
1.17161
1.17073
1.16985
1.16893
1.16786
1.16646
1.1645
1.16171
1.15795
1.15333
1.14843
1.1443
1.14222
1.14303
1.14663
1.15201
1.15782
1.163
1.16699
1.16973
1.17141
1.17234
1.17284
1.17317
1.1735
1.17393
1.17448
1.17511
1.17576
1.17634
1.1768
1.1771
1.17722
1.17721
1.17713
1.17708
1.17716
1.17742
1.17792
1.17862
1.17948
1.18038
1.18121
1.18186
1.18224
1.18229
1.182
1.18137
1.18047
1.17938
1.17824
1.17716
1.17628
1.1757
1.17547
1.17564
1.17619
1.17708
1.17825
1.17966
1.18122
1.18288
1.18456
1.18616
1.18761
1.1888
1.18966
1.19015
1.19027
1.19009
1.18972
1.1893
1.18897
1.18883
1.18894
1.18926
1.1897
1.19012
1.19038
1.19033
1.18988
1.18898
1.18763
1.1859
1.18389
1.18171
1.17947
1.17728
1.1753
1.17375
1.1729
1.17303
1.17427
1.17656
1.17963
1.18307
1.18651
1.18968
1.19242
1.19474
1.19667
1.19832
1.19977
1.20107
1.20227
1.20339
1.20442
1.20538
1.20625
1.20702
1.20771
1.2083
1.20881
1.20923
1.20958
1.20985
1.21006
1.21021
1.21031
1.21037
1.21041
1.21045
1.21051
1.21063
1.21081
1.21108
1.21145
1.21191
1.21245
1.21305
1.21367
1.21425
1.21475
1.21511
1.21528
1.21522
1.21486
1.21415
1.21301
1.21137
1.20919
1.2065
1.20344
1.20031
1.19761
1.19595
1.19593
1.19794
1.20202
1.20783
1.21472
1.22196
1.22887
1.23496
1.23988
1.24345
1.24557
1.24618
1.24528
1.2429
1.23921
1.23455
1.22959
1.22522
1.22235
1.22165
1.22322
1.22668
1.23131
1.23637
1.24123
1.24543
1.24867
1.2508
1.25174
1.25149
1.25017
1.24796
1.24514
1.24202
1.23893
1.23612
1.23379
1.23203
1.2309
1.23044
1.23071
1.23174
1.23353
1.23598
1.23888
1.242
1.24508
1.24791
1.25036
1.25233
1.25379
1.25477
1.25535
1.25562
1.25572
1.25579
1.25597
1.25636
1.25705
1.25804
1.25934
1.26087
1.26255
1.26431
1.26603
1.26765
1.2691
1.27033
1.27132
1.27207
1.27259
1.2729
1.27305
1.27306
1.27296
1.27279
1.27256
1.27226
1.2719
1.27146
1.27093
1.27028
1.2695
1.26861
1.2676
1.2665
1.26531
1.264
1.26255
1.26085
1.25877
1.25615
1.25286
1.24884
1.24416
1.23909
1.23409
1.22977
1.22674
1.22543
1.22595
1.22802
1.23106
1.23433
1.23715
1.23903
1.23976
1.23938
1.23809
1.23606
1.23322
1.22927
1.22387
1.21729
1.211
1.20752
1.20891
1.21504
1.22353
1.23153
1.23726
1.24021
1.24073
1.23948
1.2372
1.23454
1.23207
1.23013
1.22889
1.22827
1.22805
1.22796
1.22776
1.22732
1.22656
1.22547
1.22403
1.22222
1.22002
1.21746
1.21467
1.21197
1.20982
1.20872
1.20897
1.21052
1.21296
1.21564
1.21795
1.21948
1.22003
1.21968
1.21864
1.21725
1.21588
1.21484
1.21435
1.21447
1.21514
1.21617
1.2174
1.21863
1.21976
1.2207
1.22143
1.22194
1.22225
1.22236
1.22227
1.222
1.22151
1.22082
1.2199
1.21878
1.21747
1.21603
1.21452
1.21303
1.21165
1.21048
1.20958
1.20899
1.20871
1.20874
1.209
1.20942
1.20989
1.21028
1.21048
1.21037
1.20988
1.20896
1.2076
1.20588
1.2039
1.20186
1.2
1.19855
1.19771
1.19758
1.19813
1.19921
1.20059
1.20204
1.20339
1.20454
1.20554
1.20651
1.20762
1.20902
1.21077
1.2128
1.21493
1.2169
1.21851
1.21961
1.22019
1.22033
1.22025
1.22019
1.22038
1.221
1.22209
1.22356
1.22522
1.22684
1.22819
1.22908
1.22941
1.22915
1.22832
1.22704
1.22545
1.22375
1.22215
1.2208
1.2198
1.21916
1.21879
1.21857
1.21836
1.21802
1.21748
1.21669
1.21564
1.21434
1.21281
1.21112
1.20934
1.20756
1.20592
1.20455
1.20359
1.20321
1.20352
1.2046
1.20647
1.20906
1.21223
1.21578
1.21946
1.22302
1.22621
1.22881
1.23069
1.23175
1.23194
1.23127
1.22973
1.22737
1.22428
1.22064
1.21675
1.21305
1.21003
1.20811
1.20744
1.20785
1.20891
1.2101
1.21099
1.21131
1.211
1.2101
1.2087
1.20686
1.20464
1.20203
1.19907
1.19589
1.19268
1.18969
1.18713
1.18511
1.18368
1.18289
1.18283
1.18356
1.18502
1.18702
1.18931
1.19167
1.19401
1.19634
1.19864
1.20086
1.20288
1.20458
1.20584
1.2066
1.20687
1.20672
1.20623
1.20551
1.20463
1.2036
1.20238
1.20083
1.19879
1.19609
1.19262
1.18842
1.18377
1.17918
1.17533
1.17282
1.1719
1.17237
1.17368
1.1752
1.17645
1.17717
1.17731
1.17697
1.17633
1.17558
1.17491
1.1745
1.17446
1.17481
1.17552
1.17651
1.17763
1.17878
1.17985
1.18079
1.18155
1.18215
1.1826
1.18289
1.18304
1.18302
1.18283
1.18244
1.18185
1.18106
1.1801
1.17901
1.17788
1.17676
1.17575
1.17491
1.1743
1.17393
1.17379
1.17385
1.17404
1.17431
1.17456
1.17475
1.17483
1.17477
1.17458
1.17427
1.17389
1.17346
1.17306
1.17272
1.17248
1.17236
1.17239
1.17256
1.17286
1.17325
1.17371
1.1742
1.17468
1.17511
1.17548
1.17574
1.17591
1.17598
1.17595
1.17586
1.17573
1.17558
1.17545
1.17537
1.17534
1.17538
1.17548
1.17563
1.1758
1.17597
1.17608
1.1761
1.17595
1.17558
1.1749
1.17382
1.17222
1.17002
1.16714
1.16362
1.15964
1.15561
1.15213
1.14991
1.14948
1.15096
1.15406
1.15814
1.16254
1.16677
1.17052
1.17369
1.17631
1.17843
1.18014
1.1815
1.18256
1.18334
1.18384
1.18408
1.18405
1.18377
1.18328
1.18267
1.182
1.18138
1.1809
1.18061
1.18051
1.18056
1.18066
1.1807
1.18053
1.18006
1.17916
1.17774
1.17568
1.17288
1.16926
1.16486
1.1599
1.15485
1.15038
1.14724
1.14597
1.1467
1.14912
1.15264
1.15666
1.16067
1.16434
1.16751
1.17011
1.17212
1.17358
1.17453
1.17501
1.17508
1.17479
1.17415
1.17316
1.17175
1.16986
1.16743
1.16451
1.16142
1.15873
1.15728
1.15779
1.16054
1.16512
1.17064
1.17612
1.18081
1.18429
1.18646
1.18741
1.18731
1.18638
1.18485
1.18295
1.18088
1.17882
1.17692
1.17526
1.1739
1.17289
1.17223
1.17195
1.17205
1.17251
1.17329
1.17432
1.1755
1.17671
1.17784
1.17879
1.17948
1.17986
1.17989
1.17956
1.17888
1.17791
1.17671
1.17537
1.17398
1.17265
1.17148
1.17052
1.16981
1.16932
1.16901
1.1688
1.16863
1.16844
1.16825
1.16809
1.16805
1.16823
1.16874
1.16966
1.17099
1.17269
1.17463
1.17667
1.17862
1.18032
1.18161
1.18239
1.18259
1.18218
1.18122
1.17981
1.17815
1.17652
1.17523
1.17456
1.1747
1.17563
1.17716
1.17893
1.18051
1.1816
1.18202
1.18189
1.18157
1.18156
1.18233
1.1841
1.18674
1.18982
1.19282
1.19525
1.19682
1.19737
1.19692
1.19556
1.19343
1.19072
1.18763
1.18436
1.18111
1.17809
1.17542
1.1732
1.17145
1.1701
1.16907
1.1682
1.16737
1.16649
1.16553
1.16454
1.1636
1.16286
1.16245
1.16244
1.16289
1.16373
1.16488
1.16622
1.16765
1.16909
1.17047
1.1718
1.17307
1.17427
1.17541
1.17647
1.17741
1.17821
1.17881
1.17917
1.17923
1.17893
1.17821
1.17699
1.17522
1.17283
1.16981
1.16621
1.16218
1.15798
1.15394
1.15046
1.14784
1.14626
1.1457
1.14602
1.147
1.1484
1.15
1.15161
1.15309
1.15432
1.15526
1.15588
1.15621
1.15627
1.15613
1.15583
1.15541
1.15491
1.15434
1.15374
1.15312
1.1525
1.15191
1.15137
1.15092
1.15059
1.15041
1.15039
1.15055
1.15086
1.1513
1.15183
1.15239
1.15292
1.15335
1.15365
1.15375
1.15364
1.15331
1.15278
1.15212
1.15143
1.15082
1.15045
1.15044
1.15088
1.15179
1.15314
1.15484
1.15678
1.15885
1.16093
1.16297
1.16492
1.16674
1.16842
1.16992
1.17121
1.17223
1.17289
1.17307
1.17264
1.17145
1.16936
1.16634
1.16252
1.15829
1.15433
1.15147
1.15038
1.15132
1.154
1.15775
1.16192
1.16606
1.17
1.17373
1.17735
1.18089
1.18434
1.18763
1.19063
1.19324
1.19536
1.19692
1.19786
1.19819
1.19789
1.197
1.19559
1.19374
1.19158
1.18929
1.18704
1.18499
1.18328
1.18199
1.18114
1.18065
1.18044
1.18041
1.18052
1.18084
1.18153
1.18278
1.18471
1.18722
1.19004
1.19279
1.19505
1.1965
1.19694
1.19628
1.19451
1.19168
1.18791
1.18339
1.17849
1.1737
1.16971
1.16718
1.16655
1.16783
1.17058
1.17412
1.17777
1.18106
1.1838
1.18597
1.18769
1.1891
1.19031
1.19142
1.19249
1.19354
1.1946
1.19565
1.19667
1.19761
1.19842
1.19904
1.1994
1.19943
1.19905
1.19818
1.1967
1.19448
1.19137
1.18724
1.18199
1.17573
1.16885
1.16215
1.15669
1.15344
1.15278
1.15436
1.15727
1.16058
1.16364
1.16616
1.16813
1.16962
1.17074
