1.80091
1.80084
1.79982
1.79798
1.79539
1.79217
1.78847
1.78451
1.7806
1.77713
1.77451
1.77307
1.77297
1.77416
1.77636
1.77922
1.78235
1.78542
1.78822
1.79062
1.79258
1.79411
1.79524
1.796
1.79644
1.7966
1.7965
1.79615
1.79558
1.7948
1.79382
1.79265
1.79129
1.78975
1.78804
1.78615
1.78407
1.78182
1.7794
1.77687
1.77432
1.77185
1.76964
1.76785
1.76666
1.7662
1.76658
1.76782
1.76989
1.77272
1.77618
1.78012
1.78439
1.78883
1.7933
1.79764
1.80173
1.80544
1.80864
1.81123
1.81312
1.81426
1.81468
1.81443
1.81368
1.81263
1.81151
1.81051
1.80973
1.80918
1.80876
1.80833
1.80777
1.80705
1.80626
1.80557
1.80516
1.80523
1.80587
1.80705
1.80864
1.81042
1.81213
1.81353
1.8144
1.81458
1.81395
1.81247
1.81012
1.80694
1.80301
1.79843
1.79334
1.78789
1.78229
1.77671
1.77137
1.76649
1.76228
1.759
1.75687
1.75615
1.75703
1.75963
1.76392
1.76966
1.77644
1.78373
1.7909
1.7974
1.80276
1.80661
1.80872
1.80894
1.80717
1.80335
1.79751
1.78981
1.78065
1.77076
1.76122
1.75329
1.74808
1.74618
1.74746
1.75113
1.75605
1.76101
1.76502
1.76743
1.76806
1.76717
1.7654
1.76357
1.76237
1.76214
1.76267
1.76337
1.7635
1.76239
1.75962
1.75505
1.74886
1.7415
1.73372
1.72653
1.72102
1.71812
1.71823
1.72097
1.72536
1.73014
1.73425
1.73705
1.73838
1.73848
1.73775
1.73666
1.73557
1.73471
1.73412
1.73377
1.73355
1.73339
1.73327
1.7332
1.73328
1.73358
1.73414
1.73493
1.73586
1.73675
1.7374
1.73762
1.73724
1.7362
1.73453
1.73237
1.73001
1.72782
1.72617
1.72537
1.72552
1.72654
1.72813
1.7299
1.73143
1.73241
1.73259
1.73186
1.73018
1.7276
1.72423
1.72023
1.7158
1.71114
1.70645
1.70192
1.6977
1.69389
1.69058
1.68785
1.68575
1.68435
1.68368
1.6838
1.68476
1.68664
1.68946
1.69316
1.69756
1.70238
1.70723
1.71175
1.71568
1.71882
1.72111
1.72254
1.72317
1.72304
1.72224
1.72081
1.71879
1.7162
1.71304
1.70936
1.70519
1.70067
1.69602
1.69154
1.6876
1.68455
1.68263
1.68187
1.68214
1.68316
1.68464
1.68636
1.68816
1.68994
1.69163
1.69314
1.69437
1.69526
1.69574
1.69583
1.69558
1.69511
1.69458
1.69415
1.69394
1.69399
1.69424
1.69456
1.69476
1.69468
1.69421
1.69335
1.69222
1.69101
1.69
1.68943
1.68948
1.69019
1.69149
1.69318
1.69499
1.69668
1.69804
1.69897
1.69947
1.69966
1.6997
1.69981
1.70017
1.70091
1.70207
1.70359
1.70532
1.70708
1.70864
1.70982
1.71044
1.71033
1.70935
1.70741
1.7044
1.70032
1.69525
1.68947
1.68347
1.67792
1.67359
1.67112
1.67084
1.67268
1.67627
1.6811
1.68664
1.69246
1.6982
1.70358
1.70838
1.71243
1.71562
1.71787
1.71913
1.71936
1.7185
1.71647
1.71323
1.70871
1.70295
1.69611
1.68848
1.68054
1.67286
1.66604
1.6606
1.65699
1.65561
1.65676
1.66057
1.66681
1.67477
1.68341
1.69166
1.69866
1.70391
1.70731
1.70906
1.70949
1.70903
1.70801
1.70667
1.70513
1.70348
1.70183
1.70037
1.6994
1.69925
1.70016
1.70223
1.70536
1.70925
1.71354
1.71783
1.72182
1.72529
1.72814
1.73035
1.73195
1.73301
1.73362
1.73385
1.73378
1.73347
1.73298
1.73233
1.73158
1.73074
1.72985
1.72895
1.72807
1.72725
1.72653
1.72594
1.72552
1.72527
1.72519
1.72525
1.72539
1.72555
1.72562
1.7255
1.72512
1.72441
1.72335
1.722
1.72045
1.71888
1.71751
1.71655
1.71616
1.71646
1.71743
1.71897
1.7209
1.72302
1.72508
1.7269
1.72831
1.72919
1.72946
1.72906
1.72794
1.72609
1.72355
1.72042
1.71693
1.71337
1.71012
1.70748
1.7056
1.70444
1.70378
1.70343
1.70339
1.70389
1.70531
1.70799
1.71195
1.7168
1.7219
1.72653
1.73009
1.73223
1.73284
1.73201
1.72998
1.7271
1.72376
1.72035
1.7172
1.71455
1.71253
1.71114
1.71031
1.70992
1.70982
1.70991
1.71012
1.71045
1.71093
1.71161
1.71256
1.71376
1.71516
1.71664
1.71807
1.71929
1.7202
1.72072
1.72085
1.72065
1.72021
1.71963
1.71903
1.71849
1.71809
1.71784
1.71776
1.71783
1.718
1.71822
1.71844
1.71859
1.71859
1.7184
1.71804
1.7176
1.71725
1.7172
1.71762
1.71851
1.71973
1.72096
1.72181
1.72191
1.72101
1.71897
1.71585
1.71187
1.70743
1.70306
1.69933
1.69672
1.6955
1.69574
1.69732
1.70008
1.70385
1.70843
1.71362
1.71917
1.72483
1.73036
1.73557
1.74034
1.74459
1.74827
1.75137
1.75389
1.75581
1.75713
1.75784
1.75796
1.75752
1.75658
1.7553
1.75386
1.75253
1.75158
1.75129
1.75183
1.75322
1.75537
1.75803
1.76089
1.76366
1.76608
1.76796
1.76921
1.76983
1.76984
1.76937
1.76851
1.76738
1.76607
1.7646
1.76296
1.7611
1.75894
1.75646
1.75365
1.75058
1.74738
1.74417
1.74107
1.73812
1.73527
1.73241
1.72937
1.7261
1.72269
1.71954
1.71724
1.71643
1.71757
1.72075
1.72567
1.73187
1.73883
1.74605
1.75313
1.75971
1.76549
1.7703
1.77403
1.77668
1.77832
1.77905
1.77899
1.77826
1.77702
1.77539
1.77353
1.77161
1.76976
1.76815
1.76691
1.76611
1.76582
1.76603
1.7667
1.76776
1.76908
1.77056
1.77205
1.77344
1.77464
1.77555
1.7761
1.77628
1.77604
1.77541
1.7744
1.77307
1.77147
1.76969
1.76783
1.76598
1.76424
1.76272
1.76149
1.7606
1.76007
1.75991
1.76006
1.76048
1.76111
1.76187
1.76269
1.76351
1.76425
1.76485
1.76524
1.76532
1.76498
1.76407
1.76235
1.75952
1.75513
1.74864
1.73947
1.72718
1.71193
1.69497
1.67905
1.66782
1.66419
1.66873
1.67954
1.69368
1.70853
1.72237
1.73429
1.74396
1.7514
1.75681
1.76045
1.76257
1.76337
1.76301
1.76155
1.75907
1.75562
1.75127
1.74617
1.74062
1.73502
1.72991
1.7259
1.72349
1.72294
1.7242
1.72686
1.73034
1.73396
1.73712
1.73942
1.74062
1.74074
1.73998
1.73869
1.73732
1.7363
1.73589
1.73615
1.73693
1.73789
1.73864
1.73881
1.73809
1.73626
1.73323
1.729
1.72372
1.71771
1.71153
1.7059
1.70166
1.69954
1.69989
1.70261
1.70714
1.7127
1.71853
1.72398
1.72864
1.73221
1.73454
1.73556
1.73522
1.73356
1.73068
1.72673
1.72193
1.71653
1.7108
1.70502
1.69956
1.69488
1.69153
1.69002
1.69066
1.6934
1.69779
1.70307
1.70841
1.71308
1.71656
1.71854
1.71894
1.7178
1.71529
1.71165
1.70724
1.70243
1.69766
1.69332
1.68974
1.68712
1.6855
1.68474
1.68458
1.6847
1.68472
1.68435
1.68336
1.68163
1.67918
1.6762
1.67298
1.66996
1.66755
1.66614
1.66587
1.66668
1.66833
1.67044
1.67265
1.67469
1.67638
1.67764
1.67849
1.67897
1.67915
1.67913
1.67898
1.67876
1.67852
1.67831
1.67814
1.67801
1.67792
1.67787
1.67784
1.67781
1.67779
1.67777
1.67775
1.67772
1.67771
1.67772
1.67775
1.67781
1.6779
1.67801
1.67814
1.67826
1.67838
1.67846
1.6785
1.67847
1.67838
1.67822
1.67799
1.67771
1.67741
1.67712
1.67687
1.67673
1.67673
1.67692
1.67735
1.67805
1.67904
1.68034
1.68192
1.68375
1.68581
1.68801
1.69028
1.69252
1.6946
1.69636
1.6976
1.69809
1.6975
1.69544
1.69144
1.68494
1.67537
1.66241
1.64634
1.62879
1.61307
1.60346
1.60289
1.61084
1.62367
1.6371
1.64823
1.65587
1.66
1.66121
1.6603
1.65816
1.65569
1.65368
1.6527
1.65297
1.65445
1.65685
1.65987
1.66322
1.66675
1.67035
1.67396
1.67754
1.68104
1.68441
1.68757
1.69048
1.69306
1.6953
1.69717
1.69867
1.69983
1.7007
1.70134
1.70185
1.70231
1.70281
1.70344
1.70424
1.70525
1.70643
1.70774
1.70907
1.71033
1.71138
1.71214
1.71249
1.71237
1.71178
1.71072
1.70931
1.70769
1.70611
1.70484
1.70417
1.70437
1.70559
1.7079
1.71118
1.71521
1.7197
1.72431
1.72875
1.73278
1.73624
1.73903
1.7411
1.74245
1.74312
1.74313
1.74255
1.74143
1.7398
1.73771
1.73518
1.73223
1.72892
1.72541
1.72195
1.71897
1.71695
1.71632
1.71729
1.71979
1.72347
1.72788
1.73257
1.73719
1.74146
1.74519
1.74817
1.75025
1.75123
1.75096
1.74934
1.74628
1.74182
1.73604
1.72912
1.72129
1.71275
1.70362
1.69399
1.68417
1.67522
1.66926
1.6689
1.67566
1.68856
1.70456
1.72037
1.73389
1.7444
1.75208
1.75745
1.76106
1.76333
1.76454
1.76487
1.76443
1.7633
1.76155
1.75926
1.75654
1.7535
1.7503
1.7471
1.74404
1.74127
1.73884
1.73678
1.73498
1.73329
1.73148
1.7293
1.72658
1.72323
1.71935
1.71523
1.7113
1.70802
1.70577
1.7047
1.70473
1.70561
1.70703
1.70877
1.7107
1.71282
1.71521
1.71798
1.72121
1.72491
1.72901
1.73335
1.7377
1.74178
1.74531
1.74802
1.7497
1.7502
1.74947
1.74759
1.74481
1.74157
1.73848
1.73618
1.73517
1.73563
1.73727
1.73951
1.74165
1.74311
1.74355
1.74295
1.74151
1.73962
1.73775
1.73635
1.73571
1.73596
1.73702
1.73871
1.74079
1.74303
1.74525
1.74736
1.74926
1.75095
1.7524
1.75361
1.7546
1.75536
1.75592
1.7563
1.75651
1.75659
1.75655
1.75642
1.75624
1.75601
1.75578
1.75558
1.75546
1.75546
1.75563
1.75602
1.75665
1.75751
1.75855
1.75971
1.76088
1.76192
1.76272
1.76313
1.76306
1.7624
1.76111
1.75919
1.75673
1.75387
1.75085
1.74794
1.74543
1.74356
1.74248
1.7422
1.74263
1.74357
1.74485
1.74629
1.7478
1.74933
1.75085
1.75236
1.75381
1.75517
1.75637
1.75735
1.75809
1.75855
1.75873
1.75865
1.75832
1.75779
1.75707
1.7562
1.75519
1.75403
1.75271
1.75118
1.74937
1.74724
1.74471
1.74176
1.73835
1.73453
1.73037
1.72601
1.72159
1.7173
1.71333
1.70981
1.70685
1.70452
1.70286
1.70188
1.70156
1.70184
1.7026
1.70368
1.70488
1.70597
1.70675
1.70703
1.70668
1.70561
1.7038
1.70129
1.69819
1.69472
1.69114
1.68773
1.68475
1.68236
1.6806
1.67936
1.67849
1.67781
1.67721
1.67668
1.6763
1.67618
1.6764
1.67702
1.678
1.67922
1.68056
1.68187
1.68304
1.68399
1.68469
1.68515
1.68538
1.68542
1.68532
1.68511
1.68484
1.68454
1.68423
1.68395
1.6837
1.68349
1.68333
1.68323
1.68318
1.68318
1.68322
1.6833
1.68341
1.68355
1.68371
1.6839
1.68411
1.68436
1.68467
1.68504
1.68549
1.68605
1.68673
1.68753
1.68844
1.68946
1.69056
1.6917
1.69287
1.69401
1.69511
1.69612
1.69701
1.69773
1.6982
1.69835
1.69811
1.69738
1.69613
1.69437
1.69219
1.68979
1.68746
1.68557
1.68449
1.68455
1.6859
1.68853
1.69222
1.69666
1.70151
1.70645
1.71126
1.71581
1.72006
1.72401
1.72774
1.7313
1.73476
1.73816
1.7415
1.74478
1.74795
1.75096
1.75371
1.75611
1.75801
1.75927
1.7597
1.75911
1.75729
1.75412
1.74958
1.74384
1.7373
1.73057
1.72434
1.71925
1.71583
1.71447
1.71547
1.71896
1.72483
1.73261
1.7415
1.75049
1.75854
1.76478
1.76857
1.76961
1.76792
1.76392
1.75841
1.75247
1.74727
1.74367
1.74201
1.74206
1.74323
1.74484
1.74635
1.74742
1.748
1.74827
1.74863
1.74951
1.75125
1.75385
1.75697
1.76005
1.76249
1.76382
1.76383
1.76253
1.76018
1.75719
1.75412
1.75154
1.74995
1.74964
1.75067
1.75281
1.75566
1.75876
1.76167
1.76405
1.76569
1.76652
1.76658
1.76601
1.76502
1.7639
1.76294
1.76244
1.76263
1.76363
1.76542
1.76786
1.77069
1.7736
1.77622
1.77822
1.77929
1.77913
1.77753
1.77432
1.7695
1.76329
1.75629
1.74945
1.74394
1.74069
1.74009
1.74177
1.74486
1.74844
1.75183
1.75478
1.75731
1.75958
1.76178
1.76402
1.7663
1.76856
1.7707
1.7726
1.77418
1.77536
1.77612
1.77642
1.77626
1.77565
1.77459
1.77308
1.77112
1.76873
1.76594
1.76283
1.75955
1.75634
1.75348
1.75131
1.7501
1.75001
1.751
1.75283
1.75516
1.75755
1.75961
1.76102
1.76153
1.76103
1.75952
1.75713
1.75414
1.75094
1.748
1.74576
1.74453
1.74441
1.74533
1.74706
1.74932
1.75189
1.75458
1.75726
1.75983
1.76219
1.76422
1.76584
1.76695
1.76745
1.7673
1.76648
1.76504
1.76306
1.76073
1.75827
1.75598
1.75411
1.75286
1.75227
1.75223
1.75246
1.75263
1.75238
1.75143
1.74961
1.74688
1.74337
1.73938
1.73533
1.73178
1.72924
1.72814
1.72861
1.73045
1.73321
1.73629
1.73915
1.74148
1.7432
1.74445
1.74554
1.74676
1.74829
1.75016
1.75223
1.75423
1.7559
1.75697
1.75727
1.7567
1.75528
1.7531
1.75034
1.74726
1.74417
1.74139
1.73916
1.73766
1.73691
1.73683
1.73726
1.738
1.73885
1.7396
1.74014
1.74041
1.74046
1.74043
1.74052
1.74096
1.74196
1.74357
1.74574
1.74831
1.75104
1.75366
1.75592
1.75761
1.75855
1.75859
1.75767
1.75584
1.75334
1.75053
1.74793
1.74602
1.74508
1.74512
1.7458
1.74663
1.74716
1.74712
1.74651
1.74562
1.74491
1.74486
1.74589
1.74816
1.75156
1.75571
1.7601
1.76418
1.76749
1.76972
1.77073
1.77056
1.76941
1.76765
1.76573
1.76418
1.7635
1.76403
1.76594
1.76914
1.77336
1.77823
1.78334
1.78834
1.79293
1.79693
1.80023
1.80276
1.80449
1.80545
1.80562
1.80503
1.8037
1.80168
1.79908
1.79602
1.79272
1.78947
1.78658
1.7844
1.78321
1.78317
1.78435
1.78664
1.78986
1.79373
1.798
1.80239
1.8067
1.81077
1.81449
1.81782
1.82079
1.82346
1.82593
1.82832
1.83072
1.8332
1.83577
1.83839
1.84099
1.84346
1.84571
1.84774
1.84957
1.85136
1.85329
1.85556
1.85827
1.86138
1.86467
1.86773
1.87006
1.87112
1.87048
1.86798
1.86386
1.859
1.85489
1.85322
1.85514
1.86065
1.86859
1.87723
1.88502
1.89095
1.89457
1.89576
1.89459
1.89122
1.88587
1.87891
1.87084
1.86241
1.85457
1.8483
1.84441
1.84329
1.84483
1.84854
1.85377
1.85993
1.86635
1.87207
1.87585
1.8765
1.87371
1.86865
1.86377
1.86157
1.86287
1.86631
1.86957
1.87092
1.86993
1.86721
1.86394
1.86128
1.86003
1.86038
1.86195
1.86411
1.86633
1.86842
1.8705
1.87285
1.87563
1.87874
1.88179
1.88432
1.88599
1.88677
1.88696
1.88704
1.88749
1.88856
1.89029
1.89254
1.89506
1.89761
1.89994
1.9018
1.903
1.90338
1.90282
1.90129
1.89879
1.89539
1.89119
1.88638
1.88117
1.87582
1.87059
1.86575
1.86148
1.8579
1.855
1.85265
1.85063
1.84867
1.84645
1.84371
1.84021
1.83583
1.83055
1.82445
1.81776
1.81083
1.80417
1.79838
1.79409
1.7918
1.7917
1.79363
1.79707
1.80137
1.80583
1.80988
1.81311
1.81533
1.81655
1.81694
1.81681
1.81647
1.81622
1.81625
1.81661
1.81725
1.818
1.81871
1.81923
1.81945
1.81932
1.81884
1.81806
1.81701
1.81578
1.81441
1.81299
1.81154
1.81012
1.80876
1.80745
1.80622
1.80504
1.80391
1.80281
1.80169
1.80054
1.79931
1.79796
1.79645
1.79474
1.79277
1.79049
1.78787
1.78487
1.78148
1.77775
1.77378
1.7697
1.76569
1.76182
1.75803
1.75406
1.7495
1.74404
1.73776
1.73145
1.72662
1.72498
1.72756
1.734
1.7428
1.75209
1.76046
1.7672
1.7722
1.77571
1.77809
1.77972
1.78091
1.78193
1.78295
1.7841
1.78543
1.78697
1.78867
1.79047
1.79229
1.79402
1.79556
1.79682
1.79771
1.79817
1.79814
1.79757
1.79642
1.79468
1.79233
1.78937
1.7858
1.78162
1.77679
1.77128
1.76506
1.75821
1.75102
1.74414
1.73851
1.73519
1.73498
1.73806
1.74388
1.75148
1.75978
1.76795
1.77545
1.78203
1.78763
1.79229
1.79609
1.79916
1.80161
1.80353
1.80501
1.80612
1.80691
1.8074
1.80759
1.80744
1.80692
1.80594
1.80443
1.80228
1.79945
1.79593
1.79185
1.78748
1.78323
1.77958
1.77699
1.77565
1.77546
1.77604
1.77684
1.77736
1.77724
1.77634
1.77469
1.77248
1.76999
1.76751
1.76532
1.76368
1.76276
1.76266
1.76341
1.76498
1.76726
1.77011
1.77336
1.77682
1.78034
1.78375
1.78693
1.78979
1.79226
1.79432
1.796
1.79733
1.79839
1.79924
1.79999
1.80068
1.80139
1.80212
1.80289
1.80364
1.8043
1.80477
1.80494
1.80468
1.80387
1.80242
1.80024
1.79727
1.79349
1.78894
1.78369
1.77791
1.7718
1.76565
1.75979
1.75457
1.75034
1.74735
1.74578
1.74562
1.74677
1.749
1.75205
1.75566
1.75965
1.76389
1.76829
1.77278
1.77724
1.78152
1.78546
1.78887
1.79162
1.79361
1.79481
1.79523
1.79496
1.79411
1.79284
1.79129
1.78962
1.78794
1.78632
1.78475
1.78317
1.78144
1.7794
1.7769
1.77388
1.77045
1.7669
1.76371
1.76144
1.76053
1.7612
1.76339
1.76678
1.77096
1.77553
1.78015
1.78454
1.78853
1.792
1.7949
1.79722
1.79902
1.80036
1.80133
1.80201
1.80247
1.80278
1.80296
1.80303
1.80299
1.80283
1.80256
1.8022
1.8018
1.80144
1.80121
1.80121
1.80149
1.80206
1.80288
1.80383
1.80477
1.80556
1.80611
1.80636
1.80634
1.80609
1.80568
1.80513
1.80442
1.80349
1.8023
1.8008
1.799
1.79694
1.79468
1.79239
1.79032
1.78887
1.78851
1.78966
1.79251
1.79688
1.80232
1.80825
1.81412
1.81958
1.82444
1.82867
1.83232
1.83546
1.83814
1.84038
1.84217
1.84347
1.84422
1.84434
1.84373
1.84233
1.8401
1.83708
1.83339
1.82926
1.82506
1.8212
1.81811
1.81612
1.81542
1.81598
1.81758
1.81985
1.82238
1.82477
1.82668
1.82788
1.8282
1.82757
1.82597
1.82344
1.82013
1.81627
1.81227
1.80865
1.80597
1.80472
1.80506
1.80682
1.80951
1.81254
1.81536
1.81757
1.81896
1.81948
1.81918
1.81814
1.81647
1.81428
1.81166
1.80872
1.80554
1.80224
1.79892
1.79571
1.79275
1.79017
1.78811
1.78666
1.7859
1.78583
1.78643
1.78761
1.78926
1.79122
1.79335
1.79553
1.79762
1.79954
1.8012
1.80254
1.80351
1.80406
1.80415
1.80374
1.80277
1.8012
1.79899
1.79611
1.79257
1.78842
1.7838
1.7789
1.77403
1.76954
1.76583
1.76325
1.76204
1.76231
1.76394
1.76668
1.77011
1.77375
1.7771
1.77964
1.78091
1.78045
1.7779
1.77307
1.76613
1.75791
1.74996
1.74437
1.74288
1.74595
1.75253
1.76073
1.76875
1.77549
1.78057
1.78407
1.78631
1.78762
1.7883
1.78857
1.78858
1.78839
1.78804
1.78753
1.78684
1.78595
1.78484
1.7835
1.78192
1.78005
1.77785
1.77523
1.77203
1.76803
1.76296
1.75662
1.74897
1.74047
1.73225
1.72605
1.72369
1.72618
1.7331
1.74295
1.75395
1.76478
1.77472
1.78351
1.79108
1.79743
1.80256
1.80647
1.80912
1.81051
1.81066
1.80955
1.80723
1.80374
1.79915
1.79363
1.7874
1.78078
1.77421
1.76816
1.76305
1.75914
1.75649
1.75491
1.75414
1.75397
1.75443
1.75577
1.75834
1.76235
1.76771
1.77401
1.78067
1.78715
1.79301
1.79798
1.80196
1.8049
1.80685
1.80791
1.80824
1.80809
1.80772
1.80742
1.80736
1.80761
1.80809
1.8086
1.80885
1.80854
1.80739
1.80518
1.80178
1.79711
1.79123
1.78429
1.7766
1.76857
1.76077
1.75384
1.74838
1.7449
1.74362
1.74443
1.74686
1.75021
1.75374
1.75685
1.75922
1.76079
1.7617
1.76222
1.76268
1.76335
1.76444
1.76612
1.76843
1.77134
1.77473
1.7784
1.78208
1.78555
1.78858
1.79102
1.79277
1.7938
1.79412
1.79378
1.79285
1.79142
1.78959
1.78748
1.78521
1.78289
1.78062
1.7785
1.77659
1.77497
1.77371
1.7729
1.77267
1.77313
1.77435
1.77635
1.77908
1.78237
1.78604
1.78983
1.79351
1.79684
1.7996
1.8016
1.80264
1.80256
1.80122
1.7985
1.79438
1.7889
1.78228
1.77492
1.76739
1.76042
1.7548
1.7511
1.74951
1.74971
1.75106
1.75293
1.75494
1.75706
1.75944
1.76219
1.76523
1.76829
1.77108
1.77333
1.77486
1.77563
1.77569
1.77517
1.77429
1.7733
1.77248
1.77208
1.77234
1.7734
1.77531
1.77802
1.78138
1.78513
1.78891
1.79231
1.79487
1.7961
1.79556
1.79296
1.78836
1.78241
1.77648
1.77238
1.77165
1.77465
1.78043
1.78731
1.7938
1.79912
1.80316
1.80621
1.80869
1.81094
1.81311
1.81522
1.81716
1.8188
1.81998
1.82056
1.82041
1.81943
1.81749
1.81447
1.81028
1.80487
1.79831
1.79087
1.78301
1.77544
1.76899
1.7645
1.76255
1.76346
1.76707
1.7729
1.78015
1.78794
1.7955
1.80226
1.80793
1.81241
1.81574
1.81806
1.81949
1.82017
1.82018
1.81957
1.81836
1.81659
1.81432
1.8117
1.80895
1.80638
1.80428
1.80287
1.8022
1.80213
1.80234
1.80238
1.80178
1.8001
1.79703
1.79243
1.78649
1.77982
1.77347
1.76874
1.76682
1.76825
1.77275
1.77937
1.78693
1.79441
1.80108
1.80652
1.81054
1.81303
1.81396
1.81332
1.8111
1.80733
1.8021
1.79564
1.78832
1.78065
1.77324
1.76671
1.76153
1.75794
1.75594
1.75536
1.75595
1.7575
1.75982
1.76277
1.76617
1.76987
1.77369
1.77746
1.78101
1.7842
1.7869
1.78901
1.79044
1.79117
1.79119
1.79054
1.78928
1.78748
1.78523
1.78264
1.77978
1.77672
1.77351
1.77018
1.76674
1.7632
1.75957
1.7559
1.75231
1.74897
1.74612
1.74406
1.74301
1.74312
1.74434
1.74648
1.74923
1.75225
1.75525
1.75801
1.76039
1.76236
1.7639
1.76506
1.76588
1.7664
1.76666
1.76668
1.76647
1.76602
1.76532
1.76432
1.76298
1.76122
1.75898
1.75618
1.75271
1.74849
1.74343
1.73744
1.73046
1.72249
1.71372
1.70468
1.69651
1.69091
1.68974
1.69406
1.70349
1.71624
1.73005
1.7431
1.75433
1.76343
1.77049
1.77581
1.77971
1.7825
1.78444
1.7857
1.78644
1.78674
1.78669
1.78633
1.78569
1.78479
1.78366
1.78231
1.78072
1.7789
1.7768
1.77435
1.77145
1.76797
1.76381
1.75892
1.7534
1.74752
1.7417
1.7365
1.73247
1.73
1.72928
1.73031
1.73293
1.73693
1.74203
1.7479
1.75416
1.76037
1.7661
1.77091
1.77441
1.77626
1.77619
1.77399
1.76956
1.76299
1.75463
1.74517
1.73569
1.72749
1.72187
1.71975
1.72139
1.72638
1.73375
1.74234
1.75103
1.75896
1.76558
1.77067
1.77421
1.77634
1.77723
1.77712
1.7762
1.77465
1.77261
1.77021
1.76753
1.76464
1.7616
1.75845
1.75521
1.7519
1.74856
1.7452
1.74186
1.73855
1.73531
1.73217
1.72913
1.72622
1.72345
1.72087
1.71857
1.7167
1.71548
1.71513
1.71582
1.71762
1.72042
1.724
1.72802
1.73213
1.73603
1.73949
1.74236
1.74458
1.74615
1.74709
1.74747
1.74735
1.74682
1.74593
1.74475
1.7433
1.74161
1.73966
1.73743
1.73491
1.73211
1.72905
1.72582
1.72255
1.7194
1.71657
1.71425
1.71265
1.71194
1.71221
1.71341
1.71539
1.71789
1.72062
1.72334
1.72588
1.72818
1.73023
1.73209
1.73382
1.73548
1.7371
1.7387
1.74029
1.74188
1.74348
1.74508
1.74668
1.74829
1.7499
1.75147
1.75297
1.75436
1.75559
1.75662
1.7574
1.7579
1.75812
1.75809
1.75783
1.75745
1.75706
1.7568
1.75681
1.75719
1.75799
1.75918
1.76061
1.76207
1.76328
1.76395
1.76377
1.76249
1.75994
1.75612
1.75125
1.74585
1.74075
1.73688
1.73498
1.73534
1.73761
1.74107
1.74487
1.74836
1.75117
1.75319
1.75451
1.75531
1.75582
1.75631
1.75702
1.75819
1.75995
1.76233
1.76522
1.76839
1.77156
1.77447
1.77686
1.77859
1.77957
1.77979
1.77932
1.77827
1.77679
1.77507
1.77332
1.77171
1.77041
1.76949
1.76899
1.76884
1.76896
1.76922
1.76947
1.76959
1.76949
1.76911
1.76841
1.76744
1.76628
1.76508
1.76402
1.7633
1.76308
1.76349
1.76452
1.76612
1.76815
1.77045
1.77289
1.77534
1.77772
1.77998
1.78208
1.78399
1.78568
1.78713
1.78831
1.78921
1.78983
1.79016
1.79023
1.79002
1.78955
1.7888
1.78776
1.78642
1.7848
1.78295
1.78098
1.77902
1.77724
1.7758
1.7748
1.7743
1.7743
1.77473
1.77547
1.7764
1.77739
1.77832
1.77903
1.77936
1.77914
1.77816
1.77619
1.773
1.76842
1.76231
1.75466
1.74561
1.7355
1.72488
1.71453
1.70537
1.69835
1.69428
1.69367
1.69663
1.70284
1.71157
1.72181
1.73246
1.74246
1.75092
1.75719
1.76086
1.76177
1.75996
1.75565
1.74926
1.7414
1.73286
1.72448
1.71712
1.71151
1.70815
1.70726
1.7088
1.71245
1.71767
1.72385
1.73036
1.73668
1.74246
1.74746
1.75162
1.75494
1.75748
1.75933
1.76059
1.76133
1.76163
1.76153
1.7611
1.76035
1.75933
1.75804
1.75653
1.75479
1.75284
1.75068
1.74825
1.74549
1.74228
1.73847
1.73388
1.72838
1.72195
1.71483
1.70756
1.70098
1.69601
1.69332
1.69297
1.6944
1.69669
1.69892
1.70044
1.70096
1.7005
1.6993
1.69775
1.69632
1.69548
1.6956
1.69693
1.69946
1.70298
1.70707
1.71119
1.71477
1.71732
1.71846
1.71802
1.716
1.71268
1.7086
1.70452
1.70128
1.69959
1.69978
1.70174
1.70497
1.70881
1.71257
1.71568
1.71768
1.71818
1.71681
1.71327
1.70738
1.69931
1.68987
1.68073
1.67414
1.67204
1.67498
1.68179
1.69036
1.69871
1.70561
1.71065
1.71391
1.71569
1.71636
1.71622
1.71551
1.71442
1.71308
1.71156
1.70995
1.70829
1.70663
1.705
1.70345
1.70202
1.70074
1.69967
1.69884
1.69828
1.69804
1.69818
1.69878
1.69987
1.70145
1.70335
1.70525
1.70666
1.70698
1.70559
1.70216
1.69693
1.69098
1.68625
1.68487
1.68806
1.69532
1.70474
1.71409
1.72173
1.72682
1.72919
1.729
1.72657
1.72222
1.71635
1.70942
1.70211
1.69532
1.69011
1.68749
1.6881
1.69192
1.69828
1.70613
1.71439
1.72221
1.72906
1.7347
1.73911
1.74242
1.74481
1.74652
1.74775
1.74867
1.7494
1.74994
1.75024
1.75015
1.74946
1.74795
1.74542
1.74178
1.73715
1.73192
1.72674
1.72242
1.71967
1.71881
1.7197
1.72184
1.72469
1.72787
1.73122
1.7348
1.7387
1.74295
1.74747
1.75207
1.75649
1.76047
1.76376
1.76621
1.76776
1.76847
1.76848
1.768
1.76729
1.7666
1.76609
1.76587
1.76592
1.76616
1.76651
1.76692
1.76742
1.76812
1.76915
1.77062
1.77255
1.77482
1.77719
1.77931
1.78077
1.78123
1.78039
1.77813
1.77453
1.7699
1.7648
1.76001
1.75631
1.7542
1.75364
1.75393
1.75402
1.75295
1.7503
1.74638
1.74205
1.7383
1.73572
1.73427
1.73348
1.73281
1.732
1.73116
1.73066
1.731
1.73257
1.73554
1.7398
1.74493
1.75038
1.75562
1.76023
1.76396
1.7667
1.76847
1.76934
1.76939
1.7687
1.76732
1.76524
1.76242
1.75875
1.75411
1.74838
1.74147
1.73341
1.72439
1.71481
1.70536
1.69691
1.69037
1.68647
1.68551
1.68726
1.6911
1.69624
1.70194
1.70766
1.71302
1.71781
1.72192
1.72529
1.72794
1.72989
1.7312
1.73192
1.73212
1.73185
1.73115
1.73005
1.72854
1.72663
1.72427
1.72143
1.71808
1.71417
1.70972
1.70479
1.69955
1.69425
1.68928
1.68506
1.68198
1.68026
1.6799
1.68068
1.6822
1.68403
1.68579
1.68718
1.68805
1.6883
1.68792
1.68695
1.68544
1.68351
1.68133
1.67913
1.67723
1.67597
1.67564
1.67643
1.67833
1.68118
1.68464
1.68837
1.69202
1.69535
1.69821
1.70053
1.70227
1.70345
1.70411
1.70426
1.70392
1.7031
1.70179
1.69999
1.69769
1.69491
1.69166
1.688
1.68401
1.6798
1.67554
1.67144
1.66782
1.66508
1.66364
1.66388
1.66592
1.66956
1.67431
1.67955
1.68465
1.68916
1.69281
1.69555
1.69743
1.6986
1.69927
1.69964
1.6999
1.70021
1.70069
1.70139
1.70232
1.70343
1.70466
1.70592
1.70712
1.70819
1.70906
1.7097
1.71007
1.71018
1.71006
1.70974
1.70929
1.70877
1.70827
1.70785
1.70758
1.70749
1.70759
1.70786
1.70827
1.70876
1.70927
1.70973
1.71009
1.71029
1.71031
1.71011
1.7097
1.70907
1.70825
1.70728
1.70624
1.70522
1.70434
1.70374
1.70356
1.70393
1.70495
1.70666
1.70904
1.71201
1.71541
1.71905
1.72274
1.72626
1.72943
1.73206
1.73403
1.7352
1.73548
1.73481
1.73316
1.7306
1.72725
1.7234
1.71942
1.71575
1.71284
1.711
1.71033
1.71069
1.71179
1.71327
1.71479
1.71609
1.71703
1.71754
1.71762
1.71733
1.71676
1.71604
1.71533
1.71479
1.71455
1.71473
1.71534
1.71635
1.71764
1.71903
1.72029
1.72122
1.72161
1.72135
1.72041
1.7189
1.71703
1.71513
1.71354
1.71253
1.71221
1.71249
1.71309
1.71373
1.71415
1.71426
1.71415
1.71403
1.71419
1.7149
1.71632
1.71846
1.72125
1.72448
1.72794
1.73142
1.73474
1.73778
1.74043
1.74263
1.74435
1.74552
1.74611
1.74606
1.74529
1.74374
1.74137
1.73824
1.73451
1.73052
1.7268
1.72397
1.72255
1.72273
1.72429
1.72652
1.72849
1.72921
1.72795
1.72441
1.71899
1.71297
1.70836
1.70723
1.71065
1.71815
1.728
1.73819
1.74722
1.75428
1.75914
1.76186
1.76267
1.76183
1.75962
1.75632
1.7522
1.7475
1.74241
1.73706
1.73156
1.72606
1.72085
1.71632
1.71297
1.7112
1.71116
1.71268
1.71534
1.71856
1.72184
1.72485
1.72746
1.72972
1.7318
1.73387
1.73609
1.73854
1.74119
1.74395
1.74669
1.74928
1.7516
1.75357
1.75516
1.75637
1.75724
1.75777
1.75799
1.75786
1.75732
1.75628
1.7546
1.75217
1.7489
1.74478
1.73998
1.73487
1.73005
1.72627
1.72417
1.72408
1.72588
1.729
1.73269
1.73626
1.73919
1.7412
1.74221
1.74226
1.74145
1.73993
1.73784
1.73534
1.73256
1.72966
1.72674
1.72392
1.7213
1.71894
1.71692
1.71529
1.71412
1.71348
1.71345
1.71411
1.71554
1.71774
1.72065
1.7241
1.72785
1.73159
1.73505
1.73805
1.74047
1.74232
1.74368
1.74464
1.74526
1.7455
1.74521
1.74416
1.74211
1.7389
1.73459
1.72955
1.72446
1.72027
1.71789
1.71793
1.72044
1.72497
1.73075
1.73696
1.74292
1.74814
1.75235
1.7554
1.75725
1.7579
1.75735
1.75563
1.75277
1.74882
1.74388
1.73809
1.7317
1.72503
1.71853
1.71269
1.708
1.70491
1.70369
1.70438
1.7068
1.71057
1.71519
1.72019
1.72514
1.72976
1.73386
1.73738
1.74029
1.74264
1.74447
1.74584
1.74681
1.7474
1.74765
1.74755
1.74709
1.74623
1.74489
1.743
1.74046
1.73717
1.73308
1.72822
1.72275
1.71704
1.71164
1.70723
1.7044
1.70351
1.70449
1.70695
1.71032
1.71403
1.71764
1.7209
1.72367
1.72591
1.7276
1.72874
1.72931
1.72929
1.72864
1.72737
1.72548
1.72303
1.72015
1.71704
1.71399
1.71128
1.70919
1.70783
1.70718
1.70701
1.70699
1.70675
1.70599
1.70462
1.7027
1.70057
1.69871
1.69764
1.69781
1.69944
1.70247
1.70661
1.71148
1.71667
1.72188
1.72687
1.73152
1.73575
1.73954
1.74287
1.74576
1.7482
1.75019
1.75174
1.75283
1.75343
1.75353
1.7531
1.75209
1.7505
1.74826
1.74535
1.74171
1.73725
1.73189
1.72557
1.71828
1.71016
1.70158
1.69317
1.68574
1.68021
1.67733
1.67757
1.68099
1.68728
1.69584
1.70583
1.71635
1.72655
1.73583
1.74383
1.75044
1.75572
1.75983
1.76299
1.7654
1.7672
1.76851
1.76939
1.76985
1.76987
1.76942
1.76845
1.76691
1.76478
1.76207
1.75883
1.75519
1.75131
1.74747
1.74395
1.74105
1.73903
1.73808
1.73827
1.73954
1.74174
1.74465
1.748
1.75152
1.75496
1.75807
1.76059
1.76227
1.76285
1.76205
1.75963
1.75542
1.74941
1.74184
1.73328
1.72467
1.71723
1.71219
1.71053
1.71259
1.71801
1.72584
1.73482
1.74377
1.75179
1.75837
1.76336
1.76682
1.76899
1.77016
1.77064
1.77072
1.77065
1.77061
1.77071
1.77102
1.77153
1.77222
1.77302
1.77389
1.77476
1.77558
1.77631
1.77691
1.77735
1.77759
1.7776
1.7773
1.7766
1.77537
1.77341
1.77047
1.76629
1.76059
1.75323
1.74428
1.73419
1.72387
1.71457
1.70761
1.70406
1.70439
1.7085
1.7159
1.72586
1.73747
1.7497
1.7615
1.77203
1.78078
1.78755
1.79244
1.79564
1.79744
1.79808
1.79779
1.79672
1.79502
1.79281
1.79021
1.78739
1.78453
1.78183
1.7795
1.77769
1.77644
1.77576
1.77554
1.77572
1.77624
1.77708
1.7783
1.77994
1.78201
1.78445
1.78715
1.78996
1.7927
1.79521
1.79739
1.7992
1.80066
1.80184
1.80284
1.80373
1.80455
1.8052
1.80553
1.80524
1.80398
1.80132
1.79688
1.79038
1.78179
1.77153
1.76061
1.75065
1.74353
1.7407
1.74263
1.7487
1.7577
1.7684
1.7797
1.79063
1.80036
1.80824
1.81394
1.81747
1.81913
1.81931
1.81846
1.81688
1.81467
1.81167
1.80747
1.80152
1.79337
1.78304
1.77157
1.76115
1.75449
1.75343
1.75774
1.76549
1.77445
1.78323
1.79144
1.79919
1.80666
1.8138
1.82026
1.82552
1.82897
1.83007
1.82848
1.82418
1.81759
1.80963
1.80166
1.7952
1.79154
1.79131
1.79436
1.7999
1.80685
1.81416
1.82095
1.82663
1.83088
1.83356
1.83472
1.83448
1.833
1.83048
1.82712
1.82314
1.81883
1.81456
1.81074
1.80781
1.80607
1.80559
1.80613
1.80724
1.80831
1.80877
1.80817
1.80621
1.80282
1.79815
1.79263
1.78693
1.7819
1.77837
1.77689
1.77752
1.77984
1.78316
1.78676
1.7901
1.79288
1.795
1.79649
1.79748
1.79809
1.79844
1.79863
1.7987
1.79869
1.79858
1.79831
1.79782
1.79702
1.79581
1.79411
1.79185
1.78901
1.78563
1.78178
1.77761
1.77329
1.769
1.76488
1.76102
1.75739
1.7539
1.75047
1.74707
1.7439
1.74141
1.74029
1.74123
1.74462
1.75028
1.75751
1.76534
1.77282
1.77927
1.78432
1.78782
1.78977
1.79024
1.78929
1.787
1.78339
1.77854
1.77256
1.76571
1.75845
1.75153
1.74586
1.74232
1.74138
1.74293
1.74628
1.75044
1.75448
1.75776
1.75997
1.76106
1.7612
1.76066
1.75975
1.75874
1.75788
1.75737
1.75733
1.75783
1.75887
1.76031
1.76192
1.76343
1.76456
1.76517
1.76531
1.76519
1.76517
1.7656
1.76667
1.76832
1.77029
1.77213
1.77342
1.77378
1.77302
1.7711
1.7682
1.76467
1.76103
1.75786
1.75568
1.75477
1.75511
1.75639
1.75816
1.75994
1.7614
1.76236
1.76281
1.76285
1.76267
1.76246
1.76239
1.76258
1.76308
1.76389
1.76497
1.76625
1.76768
1.76919
1.77072
1.77221
1.77359
1.77479
1.77574
1.77638
1.77664
1.77647
1.77583
1.77466
1.77292
1.77056
1.76753
1.76381
1.75943
1.75452
1.74933
1.74425
1.73975
1.73627
1.73408
1.73326
1.73358
1.7347
1.73617
1.73764
1.73894
1.74014
1.74156
1.74363
1.74673
1.75095
1.75603
1.76144
1.76659
1.77095
1.77415
1.77603
1.77656
1.77582
1.77398
1.77125
1.76789
1.76421
1.76059
1.7574
1.75497
1.75359
1.7534
1.75438
1.75637
1.7591
1.76224
1.76544
1.7684
1.77095
1.77301
1.77469
1.77617
1.77767
1.77934
1.78123
1.78322
1.78507
1.7865
1.7873
1.78733
1.78665
1.78546
1.7841
1.78297
1.78246
1.78283
1.78411
1.78614
1.78861
1.7911
1.79326
1.79477
1.79545
1.7952
1.79403
1.79203
1.78934
1.78617
1.78269
1.77908
1.77548
1.77198
1.76866
1.76562
1.76295
1.7608
1.75928
1.75849
1.7585
1.75933
1.76097
1.76328
1.76608
1.76906
1.77185
1.77412
1.77557
1.77602
1.77539
1.7737
1.77107
1.7677
1.76387
1.75993
1.75629
1.75337
1.75149
1.75086
1.75149
1.75321
1.75573
1.75869
1.76174
1.7646
1.76703
1.76887
1.77001
1.77039
1.76999
1.76882
1.76693
1.76442
1.76142
1.75812
1.75474
1.75149
1.74859
1.74618
1.7443
1.74291
1.74192
1.74116
1.74049
1.73981
1.73906
1.73824
1.73739
1.73656
1.73583
1.73526
1.73489
1.73474
1.73478
1.73498
1.73526
1.73554
1.73571
1.73567
1.7353
1.73451
1.73321
1.73135
1.72892
1.726
1.72276
1.71944
1.71638
1.71389
1.71222
1.7115
1.71166
1.7125
1.71373
1.71505
1.7162
1.71701
1.71737
1.71722
1.71657
1.71541
1.71378
1.71171
1.70928
1.70657
1.70375
1.70099
1.6985
1.6965
1.69514
1.69448
1.69449
1.69505
1.696
1.69719
1.69849
1.69984
1.70121
1.70263
1.70412
1.70569
1.70735
1.7091
1.71089
1.71271
1.71451
1.71626
1.71793
1.7195
1.72092
1.72213
1.72308
1.72367
1.72382
1.72343
1.72242
1.72075
1.71845
1.71566
1.7126
1.70962
1.70713
1.70549
1.70491
1.70542
1.70685
1.70889
1.71123
1.7136
1.71585
1.7179
1.71976
1.72147
1.72306
1.72457
1.72604
1.72747
1.72886
1.7302
1.73149
1.73272
1.73387
1.73491
1.73581
1.73652
1.737
1.73715
1.73692
1.73619
1.73491
1.73301
1.73045
1.72725
1.72346
1.71918
1.71453
1.70962
1.7046
1.69966
1.69507
1.69127
1.68877
1.6881
1.68957
1.69323
1.69873
1.70551
1.71291
1.72033
1.72734
1.73366
1.7392
1.74394
1.74792
1.75124
1.75395
1.75615
1.75789
1.75921
1.76013
1.76068
1.76084
1.76059
1.75987
1.75864
1.7568
1.75426
1.75095
1.74679
1.7418
1.73606
1.72981
1.72341
1.71734
1.7121
1.70811
1.70559
1.70458
1.70489
1.70623
1.70826
1.71065
1.71312
1.71548
1.71767
1.71974
1.72181
1.72405
1.72656
1.72938
1.73241
1.73544
1.73812
1.7401
1.74106
1.7408
1.73933
1.73685
1.73376
1.73059
1.72786
1.72597
1.72512
1.72529
1.72633
1.72806
1.73033
1.73299
1.73587
1.7387
1.74113
1.74285
1.74368
1.74365
1.74304
1.74236
1.74212
1.74273
1.7443
1.74664
1.74935
1.75196
1.75407
1.75541
1.75579
1.75512
1.7533
1.75023
1.74576
1.73974
1.73203
1.7226
1.71166
1.69976
1.68787
1.67735
1.6696
1.66567
1.66587
1.66968
1.67599
1.6836
1.69148
1.69896
1.70569
1.71156
1.71657
1.72081
1.72436
1.72732
1.72979
1.73183
1.73348
1.73475
1.73565
1.73615
1.7362
1.73576
1.73472
1.73298
1.73044
1.72698
1.72251
1.71703
1.7106
1.7034
1.69576
1.6881
1.6809
1.67468
1.6699
1.66701
1.66628
1.66778
1.67131
1.67642
1.68256
1.68914
1.6957
1.70186
1.70738
1.7121
1.71594
1.71888
1.72096
1.72224
1.7228
1.72273
1.72214
1.72113
1.71979
1.71821
1.71647
1.71462
1.71274
1.71086
1.70904
1.70729
1.70564
1.70411
1.70272
1.70149
1.70046
1.6997
1.69926
1.69925
1.69972
1.70072
1.70224
1.7042
1.70645
1.70877
1.71085
1.71238
1.71297
1.71227
1.70998
1.70594
1.70026
1.69343
1.68627
1.67981
1.67488
1.67176
1.67018
1.66962
1.6697
1.67043
1.67204
1.67482
1.67887
1.68405
1.69008
1.69658
1.7032
1.70961
1.71552
1.7207
1.725
1.72832
1.7306
1.73184
1.73211
1.73147
1.73006
1.728
1.72544
1.72254
1.71941
1.71612
1.71269
1.70907
1.70518
1.7009
1.6962
1.69121
1.68632
1.68221
1.67975
1.67973
1.68253
1.68786
1.69493
1.70268
1.71017
1.71677
1.72211
1.72612
1.72885
1.73043
1.73101
1.73076
1.72983
1.72837
1.7265
1.72435
1.72206
1.71973
1.71749
1.71545
1.71367
1.71222
1.71111
1.71035
1.70988
1.70965
1.70958
1.70961
1.70968
1.70975
1.70979
1.70978
1.70971
1.7096
1.70943
1.70922
1.70896
1.70864
1.70828
1.70786
1.70741
1.70696
1.70652
1.70615
1.70588
1.70576
1.70581
1.70605
1.70646
1.70702
1.70769
1.70842
1.70915
1.70981
1.71032
1.7106
1.71053
1.70995
1.70864
1.70634
1.70271
1.69742
1.6902
1.68116
1.67102
1.66142
1.65467
1.65286
1.65669
1.66499
1.67546
1.68583
1.69465
1.7013
1.70572
1.70811
1.70877
1.70802
1.70618
1.70367
1.70097
1.6986
1.69702
1.69652
1.69711
1.69855
1.70047
1.70248
1.70429
1.70571
1.7066
1.70681
1.70613
1.70426
1.70094
1.696
1.6896
1.68233
1.67532
1.66999
1.66762
1.66877
1.67301
1.67914
1.68573
1.69159
1.696
1.6987
1.69971
1.69925
1.69763
1.69519
1.69233
1.68957
1.68752
1.68682
1.68802
1.69129
1.69635
1.70257
1.70915
1.71538
1.72077
1.72506
1.7282
1.73023
1.73125
1.7314
1.73082
1.72965
1.72805
1.72619
1.72425
1.72236
1.72062
1.71902
1.71749
1.71586
1.71395
1.71166
1.70898
1.70611
1.70344
1.70147
1.70066
1.70128
1.70327
1.7063
1.70992
1.71365
1.71716
1.72025
1.72283
1.72487
1.72632
1.72712
1.72717
1.72635
1.72454
1.7217
1.71794
1.71355
1.70909
1.70529
1.70288
1.70234
1.7037
1.70657
1.71027
1.71415
1.7177
1.72069
1.72307
1.72491
1.72637
1.7276
1.7287
1.72975
1.73077
1.73173
1.73259
1.73327
1.73368
1.73371
1.73323
1.73213
1.73025
1.72745
1.7236
1.71861
1.7125
1.70546
1.69786
1.69029
1.68351
1.67829
1.67525
1.6747
1.67656
1.68045
1.68581
1.69201
1.69848
1.70477
1.71051
1.71545
1.71944
1.72244
1.72445
1.72556
1.72589
1.72561
1.72489
1.72389
1.72276
1.72163
1.7206
1.71974
1.7191
1.71867
1.71841
1.71822
1.71798
1.71756
1.7169
1.71595
1.71471
1.71315
1.71118
1.70874
1.70577
1.70238
1.69884
1.69558
1.69309
1.69174
1.69163
1.69258
1.69423
1.6962
1.69821
1.70013
1.70195
1.70376
1.70564
1.70765
1.7098
1.71204
1.71428
1.7164
1.71827
1.71977
1.7208
1.72127
1.72114
1.72041
1.71911
1.71732
1.71517
1.71284
1.71058
1.70863
1.70722
1.70651
1.70656
1.70726
1.70844
1.70986
1.71125
1.71245
1.71333
1.71382
1.71393
1.71368
1.7131
1.71223
1.71109
1.70969
1.70806
1.70622
1.70425
1.70223
1.70031
1.69864
1.69738
1.69665
1.69652
1.69697
1.69791
1.69922
1.70074
1.70232
1.70385
1.70525
1.70648
1.70754
1.70846
1.70926
1.70999
1.7107
1.71142
1.71219
1.71303
1.71393
1.71488
1.71587
1.71686
1.7178
1.71865
1.71936
1.71989
1.7202
1.72025
1.72001
1.71946
1.71856
1.7173
1.71564
1.71356
1.71103
1.70807
1.70472
1.70109
1.69737
1.69383
1.69076
1.6885
1.68728
1.68723
1.68829
1.69027
1.69287
1.69575
1.69866
1.70142
1.70401
1.70649
1.70902
1.71179
1.71493
1.71853
1.72255
1.72689
1.73138
1.73584
1.74007
1.74396
1.74742
1.75041
1.75294
1.75505
1.75679
1.75819
1.75931
1.76019
1.76086
1.76133
1.76162
1.76173
1.76166
1.76141
1.76098
1.76036
1.75956
1.75859
1.75748
1.75625
1.75495
1.75363
1.75232
1.75107
1.74989
1.74878
1.7477
1.74656
1.74524
1.74357
1.7414
1.73858
1.73511
1.73112
1.72698
1.72323
1.72056
1.71961
1.72079
1.72414
1.72931
1.73559
1.7421
1.74794
1.75237
1.75493
1.75545
1.75412
1.75148
1.74833
1.7456
1.74416
1.74448
1.74657
1.74995
1.75384
1.75745
1.76016
1.76165
1.7619
1.76114
1.75978
1.75827
1.75704
1.7564
1.75651
1.75737
1.75884
1.76074
1.76288
1.76504
1.76709
1.7689
1.7704
1.77151
1.77223
1.77252
1.77241
1.77192
1.77109
1.77002
1.7688
1.76756
1.76643
1.76553
1.76494
1.76463
1.76454
1.76451
1.76434
1.76382
1.7628
1.76117
1.75893
1.75617
1.75307
1.74985
1.7467
1.74379
1.74114
1.73864
1.73606
1.733
1.72906
1.72388
1.71744
1.71029
1.70371
1.69958
1.6996
1.70444
1.71319
1.72387
1.73443
1.7436
1.75094
1.75662
1.76093
1.76411
1.76626
1.76738
1.76751
1.76677
1.76533
1.76346
1.76145
1.75957
1.75805
1.75703
1.75662
1.75683
1.75762
1.7589
1.7605
1.7622
1.76378
1.76503
1.76576
1.76582
1.76514
1.76369
1.76147
1.75856
1.75506
1.75113
1.74697
1.74281
1.7389
1.73546
1.73269
1.73067
1.72943
1.72891
1.72899
1.72955
1.73045
1.73161
1.73297
1.7345
1.73623
1.73815
1.74026
1.74255
1.74494
1.74735
1.74968
1.75179
1.75359
1.75494
1.75573
1.75584
1.75516
1.75356
1.75091
1.74712
1.7422
1.73626
1.72964
1.72289
1.71668
1.71166
1.70821
1.70632
1.70562
1.70555
1.7056
1.70547
1.70503
1.70432
1.70343
1.70247
1.70151
1.7006
1.69982
1.69924
1.69905
1.69944
1.70063
1.70275
1.70581
1.70964
1.71397
1.71848
1.72285
1.72685
1.73033
1.73321
1.73547
1.73713
1.73822
1.73877
1.73883
1.73842
1.73756
1.73629
1.73463
1.73263
1.73036
1.72789
1.72529
1.72269
1.72015
1.71778
1.71563
1.71375
1.71215
1.71084
1.70981
1.70904
1.70848
1.70808
1.70778
1.70752
1.70727
1.70701
1.70677
1.7066
1.70658
1.70675
1.70714
1.70775
1.70855
1.70948
1.71051
1.71162
1.71282
1.71413
1.71557
1.71718
1.71897
1.72093
1.72304
1.72524
1.72748
1.72969
1.73181
1.73379
1.73558
1.73713
1.73842
1.73941
1.74008
1.74043
1.74043
1.74011
1.73951
1.73869
1.73774
1.73681
1.73603
1.73556
1.73552
1.73601
1.73703
1.73852
1.74037
1.74238
1.74434
1.74605
1.74732
1.74802
1.74807
1.74749
1.74632
1.74469
1.74278
1.74079
1.73895
1.73748
1.73656
1.73632
1.73685
1.73815
1.74014
1.74269
1.7456
1.74863
1.75152
1.75402
1.7559
1.75698
1.75718
1.75647
1.75498
1.75289
1.75052
1.74821
1.74632
1.74513
1.7448
1.74533
1.7466
1.74842
1.75057
1.7529
1.75528
1.75767
1.7601
1.76266
1.76546
1.76865
1.77228
1.77636
1.78073
1.78515
1.78935
1.79299
1.7958
1.79752
1.79798
1.79712
1.79502
1.792
1.78866
1.78578
1.78413
1.78413
1.78562
1.78789
1.78994
1.79095
1.79053
1.78887
1.78661
1.78456
1.78327
1.78273
1.78239
1.78142
1.77906
1.775
1.76944
1.7631
1.75716
1.75292
1.75155
1.75372
1.75934
1.76764
1.77733
1.78702
1.79551
1.80198
1.80601
1.80757
1.80696
1.80472
1.80158
1.79835
1.79581
1.79451
1.7947
1.79627
1.79884
1.80187
1.80484
1.80735
1.80916
1.81024
1.81072
1.81088
1.81099
1.81131
1.81201
1.81308
1.81444
1.81589
1.81724
1.81834
1.81907
1.8194
1.8193
1.81877
1.81778
1.81628
1.81422
1.81152
1.80821
1.80435
1.80016
1.79595
1.79212
1.789
1.78683
1.78563
1.78523
1.78534
1.78562
1.78577
1.78562
1.7851
1.78427
1.78327
1.7823
1.78158
1.78127
1.78147
1.78215
1.78322
1.78451
1.78581
1.78695
1.78779
1.7882
1.78811
1.78746
1.7862
1.78429
1.78169
1.77836
1.77432
1.76962
1.76441
1.75892
1.75353
1.74866
1.74476
1.74219
1.74109
1.74135
1.74255
1.7441
1.74535
1.74575
1.74502
1.74318
1.74061
1.738
1.73617
1.73587
1.73744
1.74078
1.74534
1.75043
1.75541
1.75992
1.76379
1.76705
1.76976
1.77202
1.77389
1.77541
1.77663
1.7776
1.77837
1.77902
1.77962
1.78022
1.78089
1.78166
1.78252
1.78346
1.78443
1.78538
1.78625
1.78697
1.78751
1.78785
1.78797
1.78789
1.78763
1.78722
1.7867
1.78609
1.78541
1.78471
1.784
1.78335
1.78282
1.78248
1.7824
1.78263
1.78316
1.78394
1.78491
1.78598
1.7871
1.78824
1.78942
1.79063
1.79185
1.793
1.79395
1.79454
1.79459
1.79399
1.79268
1.79075
1.78839
1.78591
1.78373
1.78223
1.7818
1.78263
1.78479
1.78809
1.79222
1.79673
1.80118
1.80517
1.80839
1.81066
1.8119
1.81217
1.81164
1.81059
1.80941
1.8085
1.80824
1.80888
1.81044
1.81275
1.81546
1.81815
1.82036
1.82171
1.82186
1.82053
1.81747
1.81247
1.80533
1.79595
1.78441
1.77112
1.75703
1.74369
1.73303
1.72673
1.7256
1.72931
1.73674
1.74662
1.75786
1.76962
1.7812
1.79201
1.80161
1.80968
1.81611
1.82092
1.82424
1.82628
1.82727
1.82742
1.82695
1.82603
1.82481
1.82337
1.8218
1.82014
1.81841
1.81662
1.81479
1.81291
1.81098
1.80899
1.80696
1.80488
1.80277
1.80066
1.79859
1.7966
1.79476
1.79315
1.79185
1.79091
1.79041
1.79037
1.79079
1.79165
1.79288
1.7944
1.79612
1.79795
1.79981
1.80164
1.8034
1.80501
1.80639
1.80735
1.80762
1.80681
1.80446
1.8001
1.7935
1.78493
1.77551
1.76716
1.76196
1.76091
1.76321
1.76667
1.76888
1.7682
1.76401
1.75658
1.74675
1.73571
1.72481
1.71536
1.70843
1.70473
1.70443
1.70724
1.71251
1.71938
1.72695
1.73444
1.74124
1.74702
1.75172
1.75558
1.75907
1.76272
1.76688
1.77155
1.77638
1.78084
1.78442
1.78685
1.78808
1.78831
1.78783
1.78702
1.78619
1.78554
1.78519
1.78513
1.78531
1.78563
1.78598
1.78627
1.78641
1.78635
1.78608
1.78564
1.7851
1.7846
1.78432
1.78439
1.78495
1.78603
1.78759
1.78951
1.79162
1.79376
1.79577
1.79754
1.79899
1.80007
1.80075
1.80098
1.80073
1.79995
1.79856
1.7965
1.79372
1.79021
1.78603
1.7814
1.77665
1.77228
1.76884
1.76688
1.76674
1.76848
1.77185
1.77636
1.78147
1.78669
1.79173
1.79648
1.801
1.80539
1.80978
1.81421
1.81865
1.823
1.8271
1.83078
1.83386
1.83616
1.83752
1.83776
1.83675
1.83439
1.83065
1.82565
1.81969
1.81322
1.80676
1.80073
1.79531
1.79033
1.78543
1.78024
1.77461
1.76871
1.76304
1.75828
1.75521
1.75451
1.75662
1.7617
1.76947
1.77927
1.79016
1.80115
1.81138
1.8203
1.82768
1.83354
1.83804
1.84144
1.84398
1.84583
1.84709
1.84776
1.84775
1.84696
1.84527
1.84256
1.83878
1.83394
1.82816
1.82168
1.81486
1.80819
1.80219
1.79726
1.79363
1.79124
1.78985
1.78915
1.78892
1.78906
1.78955
1.79034
1.79129
1.79214
1.79269
1.79284
1.79273
1.79267
1.79304
1.79408
1.79577
1.7978
1.79971
1.80106
1.80163
1.8014
1.80062
1.79965
1.79889
1.79862
1.79897
1.79985
1.80108
1.80238
1.80353
1.80436
1.80476
1.80472
1.80425
1.80339
1.8022
1.8007
1.79892
1.79685
1.79449
1.79179
1.78874
1.78532
1.78156
1.77757
1.77352
1.76968
1.7664
1.764
1.76278
1.76283
1.76406
1.76619
1.76882
1.77155
1.77403
1.77599
1.77729
1.77785
1.7777
1.77693
1.7757
1.77422
1.77274
1.77153
1.77081
1.77072
1.77131
1.77249
1.7741
1.77594
1.77783
1.77959
1.78114
1.78241
1.78339
1.7841
1.78458
1.78489
1.78511
1.78532
1.78563
1.78614
1.78693
1.78806
1.78951
1.79125
1.79316
1.7951
1.7969
1.79836
1.79929
1.7995
1.79879
1.79699
1.79395
1.78957
1.78388
1.77711
1.76971
1.76249
1.7565
1.75278
1.75206
1.75435
1.75898
1.7648
1.77066
1.77571
1.77953
1.78208
1.78355
1.78427
1.78457
1.78475
1.78507
1.78572
1.78687
1.78859
1.79089
1.79369
1.79684
1.80015
1.80341
1.80646
1.80916
1.81143
1.81325
1.81461
1.81551
1.81596
1.81592
1.8153
1.81394
1.81159
1.80799
1.80285
1.79606
1.7879
1.7792
1.7714
1.76604
1.76396
1.7646
1.76619
1.76658
1.7644
1.75967
1.7541
1.75036
1.75078
1.7559
1.76427
1.77354
1.78176
1.78796
1.79201
1.7943
1.79536
1.79577
1.79603
1.7965
1.7974
1.79882
1.80068
1.80279
1.80493
1.80688
1.80846
1.80955
1.8101
1.81011
1.80963
1.80875
1.80759
1.8063
1.80504
1.80398
1.80328
1.80307
1.80344
1.80442
1.80597
1.808
1.8104
1.81302
1.8157
1.81835
1.82086
1.8232
1.8254
1.82748
1.82953
1.83159
1.8337
1.83581
1.83782
1.83956
1.84084
1.84146
1.84126
1.8402
1.83834
1.83581
1.83279
1.82933
1.82532
1.82046
1.81442
1.807
1.79831
1.78885
1.77939
1.77082
1.76391
1.7592
1.75698
1.7573
1.75988
1.7641
1.76911
1.77401
1.77816
1.78136
1.78394
1.78659
1.7901
1.79499
1.8013
1.80853
1.81581
1.82222
1.82698
1.82966
1.83033
1.8297
1.82893
1.82938
1.83194
1.83666
1.8427
1.84884
1.85396
1.85738
1.85886
1.85848
1.85651
1.85332
1.84932
1.8449
1.84044
1.83619
1.8323
1.82871
1.82525
1.82159
1.81737
1.81226
1.80601
1.79855
1.78997
1.78058
1.77083
1.76132
1.75265
1.7454
1.74013
1.73735
1.73754
1.74095
1.74747
1.75651
1.7671
1.77818
1.78886
1.79859
1.80708
1.81429
1.82023
1.82498
1.82861
1.83122
1.83287
1.83369
1.83375
1.83315
1.83197
1.83028
1.82811
1.8255
1.82246
1.81896
1.815
1.81053
1.80554
1.80001
1.79398
1.78755
1.7809
1.7743
1.76812
1.76275
1.75858
1.75585
1.75468
1.755
1.7566
1.75926
1.7627
1.76671
1.77109
1.77567
1.78033
1.78497
1.78951
1.79389
1.79806
1.80201
1.80568
1.80904
1.81206
1.81469
1.81688
1.8186
1.81979
1.82043
1.82046
1.81986
1.8186
1.81665
1.81402
1.81076
1.80694
1.80273
1.79832
1.79396
1.78993
1.78647
1.78375
1.78185
1.78074
1.78029
1.78035
1.78075
1.78133
1.78197
1.7826
1.78315
1.78361
1.78394
1.78414
1.78419
1.78407
1.78377
1.78328
1.78259
1.78167
1.78052
1.77914
1.77754
1.77575
1.77382
1.77186
1.76999
1.76838
1.76718
1.76656
1.76661
1.76739
1.76886
1.77092
1.77341
1.77616
1.779
1.78175
1.78431
1.78658
1.7885
1.79005
1.79122
1.79199
1.79235
1.79227
1.79172
1.79063
1.78891
1.78651
1.78336
1.77949
1.77503
1.77032
1.7659
1.76243
1.76055
1.76065
1.76268
1.7662
1.77052
1.77493
1.77889
1.78205
1.78426
1.7855
1.78583
1.78526
1.78377
1.78116
1.777
1.77053
1.7606
1.746
1.72632
1.70372
1.68444
1.67666
1.68418
1.70264
1.72384
1.7419
1.75497
1.76365
1.76926
1.77301
1.77577
1.77806
1.78015
1.78216
1.7841
1.78592
1.78756
1.78896
1.79009
1.79092
1.79145
1.79171
1.79171
1.79149
1.79106
1.79045
1.78964
1.78861
1.78733
1.78573
1.78378
1.78141
1.77857
1.77523
1.77135
1.76697
1.76215
1.75703
1.75188
1.74703
1.74289
1.7399
1.73841
1.73863
1.74058
1.744
1.74843
1.75328
1.75794
1.76195
1.76498
1.7669
1.76767
1.76736
1.76613
1.7642
1.76186
1.75943
1.75717
1.75525
1.75369
1.75245
1.75147
1.75081
1.75064
1.75123
1.75279
1.75538
1.75881
1.76273
1.76669
1.77025
1.77307
1.77494
1.77578
1.77562
1.77463
1.77304
1.77114
1.7693
1.76788
1.76718
1.76743
1.7687
1.77093
1.77394
1.77747
1.78122
1.78491
1.78828
1.79112
1.79328
1.79463
1.79509
1.79464
1.7933
1.79116
1.78838
1.78519
1.78188
1.77878
1.77618
1.77435
1.77344
1.77349
1.77446
1.77621
1.77853
1.78116
1.78382
1.78622
1.7881
1.78923
1.78949
1.78881
1.78726
1.78497
1.78217
1.77912
1.77602
1.77301
1.77019
1.76763
1.76547
1.7638
1.7625
1.76108
1.75882
1.7551
1.74977
1.74333
1.73672
1.73089
1.72642
1.72359
1.72255
1.7234
1.72606
1.73005
1.73456
1.73878
1.74222
1.74483
1.74689
1.74877
1.75067
1.7526
1.75439
1.75583
1.7568
1.7573
1.75751
1.75769
1.75811
1.75901
1.76047
1.76245
1.76478
1.76723
1.76959
1.77167
1.77336
1.77461
1.77542
1.77582
1.77586
1.7756
1.77507
1.7743
1.77333
1.77212
1.77066
1.76888
1.76669
1.76393
1.76043
1.75597
1.75031
1.74329
1.73492
1.7256
1.71623
1.7082
1.70301
1.70163
1.704
1.70908
1.7154
1.72168
1.72714
1.7315
1.73483
1.73736
1.73934
1.74104
1.74264
1.74429
1.74605
1.74795
1.74997
1.75204
1.7541
1.75609
1.75796
1.75965
1.76114
1.76242
1.76347
1.76428
1.76484
1.76511
1.76507
1.76465
1.76384
1.76261
1.76103
1.75925
1.75753
1.75623
1.75572
1.75628
1.75795
1.76053
1.76357
1.76649
1.76875
1.76991
1.7698
1.76857
1.76677
1.76525
1.76503
1.76685
1.77091
1.77672
1.78339
1.78994
1.79562
1.80001
1.80297
1.80458
1.80502
1.80453
1.80337
1.80178
1.80002
1.79831
1.79681
1.79565
1.79487
1.79444
1.79422
1.79397
1.79339
1.79216
1.79006
1.78714
1.78383
1.78103
1.77989
1.78139
1.78584
1.79267
1.80068
1.80859
1.81538
1.8205
1.82382
1.82547
1.82577
1.82507
1.82375
1.82215
1.82053
1.81909
1.818
1.8174
1.81743
1.81822
1.81983
1.82223
1.8252
1.82836
1.83123
1.83326
1.83399
1.83309
1.83052
1.82646
1.82141
1.81602
1.81102
1.80696
1.80409
1.80222
1.80081
1.79917
1.79674
1.79333
1.78919
1.78504
1.78188
1.78071
1.78222
1.7866
1.79345
1.8019
1.81091
1.81952
1.82695
1.83275
1.83671
1.83889
1.83948
1.83882
1.83733
1.83541
1.83344
1.83169
1.83027
1.82918
1.82825
1.82724
1.82584
1.82374
1.82067
1.8164
1.8109
1.8043
1.7971
1.7901
1.78436
1.78086
1.78022
1.78237
1.78669
1.79221
1.79803
1.80346
1.8081
1.81176
1.81439
1.81602
1.8167
1.81651
1.81551
1.81377
1.81135
1.80832
1.80476
1.8008
1.7966
1.79238
1.78842
1.78502
1.78241
1.78074
1.78002
1.78012
1.78084
1.78193
1.78318
1.78444
1.78564
1.78672
1.78768
1.78854
1.7893
1.79
1.79065
1.79126
1.79186
1.79246
1.79308
1.79372
1.79438
1.79505
1.79569
1.79628
1.79678
1.79713
1.79729
1.79721
1.79684
1.79613
1.79507
1.79365
1.79189
1.78985
1.78762
1.78532
1.7831
1.78112
1.77952
1.77841
1.77786
1.77788
1.77841
1.7794
1.78073
1.78231
1.78404
1.78583
1.78762
1.78935
1.79097
1.79246
1.79377
1.79486
1.79566
1.79609
1.79605
1.7954
1.79398
1.79165
1.78832
1.78396
1.77875
1.77302
1.7673
1.7622
1.75825
1.75575
1.75467
1.75468
1.7553
1.75603
1.75654
1.75668
1.75653
1.75636
1.75657
1.75754
1.75951
1.7624
1.76589
1.76945
1.77261
1.77508
1.77687
1.77819
1.77938
1.78082
1.78281
1.78551
1.78893
1.7929
1.79715
1.80137
1.80522
1.80845
1.81087
1.81238
1.81298
1.81276
1.81187
1.81049
1.80886
1.80719
1.80566
1.80438
1.80339
1.80267
1.80215
1.80176
1.80146
1.80128
1.80128
1.80157
1.80225
1.80332
1.80473
1.80631
1.80783
1.80903
1.80967
1.80955
1.80853
1.80654
1.80357
1.79968
1.79502
1.78993
1.78489
1.78055
1.77756
1.77636
1.77701
1.77916
1.78221
1.78557
1.78875
1.7915
1.79369
1.79533
1.79648
1.79725
1.79773
1.79804
1.7983
1.79863
1.79914
1.79993
1.80105
1.80254
1.80436
1.80644
1.8087
1.81099
1.81316
1.81506
1.81652
1.81736
1.81742
1.81651
1.81446
1.81112
1.8064
1.80033
1.79318
1.78549
1.77813
1.77213
1.76842
1.7675
1.76926
1.77308
1.7781
1.78355
1.78886
1.79375
1.7981
1.80191
1.80519
1.80796
1.81017
1.81173
1.81245
1.81206
1.81018
1.80635
1.80012
1.79122
1.78
1.76785
1.75729
1.75124
1.75133
1.75688
1.76528
1.77374
1.7804
1.78462
1.78657
1.78681
1.786
1.78472
1.78345
1.78255
1.78222
1.78252
1.78339
1.78468
1.78614
1.7875
1.78849
1.78883
1.7883
1.78673
1.78405
1.78031
1.77571
1.7706
1.76544
1.7607
1.75674
1.75373
1.75164
1.75034
1.74964
1.74944
1.74969
1.75041
1.75165
1.75344
1.75573
1.75841
1.76129
1.76414
1.76674
1.76892
1.77055
1.77159
1.77205
1.77197
1.77143
1.77051
1.76928
1.76782
1.76617
1.76438
1.76244
1.76036
1.75808
1.75555
1.75268
1.74939
1.74561
1.74132
1.73659
1.73159
1.7266
1.72195
1.71793
1.71469
1.71216
1.71015
1.70844
1.70694
1.70579
1.70528
1.70577
1.70748
1.71041
1.71429
1.71869
1.72316
1.72731
1.73092
1.7339
1.73628
1.73812
1.73954
1.7406
1.74136
1.74183
1.74197
1.74172
1.74101
1.73977
1.73791
1.73544
1.7324
1.72897
1.72544
1.72222
1.71973
1.71835
1.71824
1.71934
1.72141
1.72407
1.72696
1.72978
1.73231
1.73443
1.73604
1.73709
1.73757
1.73745
1.73676
1.73554
1.73386
1.73182
1.72955
1.72719
1.7249
1.72283
1.72107
1.71971
1.71875
1.71815
1.71783
1.71765
1.71751
1.71731
1.71702
1.71667
1.71634
1.71615
1.71624
1.71674
1.71771
1.71917
1.72109
1.72341
1.72602
1.72884
1.73177
1.73475
1.73772
1.74064
1.74346
1.74616
1.74869
1.75104
1.75317
1.75507
1.75673
1.75814
1.7593
1.76022
1.76089
1.76132
1.76151
1.76145
1.76113
1.76054
1.75964
1.75841
1.75681
1.7548
1.75234
1.7494
1.74596
1.74203
1.73769
1.73306
1.72835
1.72381
1.71971
1.71627
1.71362
1.71174
1.71053
1.70983
1.70955
1.70971
1.71044
1.71194
1.71436
1.71775
1.722
1.72693
1.73235
1.73804
1.74381
1.74943
1.75467
1.75934
1.76326
1.76637
1.76866
1.77019
1.77104
1.77132
1.77111
1.77051
1.76955
1.76826
1.76661
1.76457
1.76207
1.75902
1.75539
1.7512
1.74657
1.7418
1.73735
1.73381
1.73176
1.7316
1.73336
1.73669
1.74094
1.74537
1.74932
1.75231
1.75412
1.75474
1.75434
1.75322
1.75176
1.75038
1.74945
1.74928
1.75007
1.75186
1.75456
1.75798
1.7618
1.76571
1.76943
1.7727
1.77538
1.77736
1.77862
1.77916
1.77901
1.77825
1.77694
1.77518
1.77305
1.77067
1.76813
1.76558
1.7632
1.76119
1.7598
1.75929
1.75985
1.7616
1.76448
1.76831
1.77279
1.77757
1.78231
1.78676
1.79071
1.79403
1.79667
1.79859
1.79979
1.80028
1.80006
1.79915
1.79755
1.79528
1.79235
1.78881
1.78472
1.78019
1.77541
1.77061
1.76613
1.7623
1.75947
1.7579
1.7577
1.7588
1.76095
1.7638
1.76692
1.76987
1.77225
1.77372
1.77404
1.77307
1.7708
1.76739
1.76317
1.75871
1.75468
1.75182
1.75068
1.75148
1.75407
1.758
1.76268
1.76754
1.7721
1.77601
1.77905
1.78111
1.78216
1.78224
1.7814
1.77966
1.77702
1.77347
1.76912
1.7643
1.75966
1.75596
1.75379
1.75321
1.75375
1.75462
1.75514
1.75501
1.75439
1.75378
1.75374
1.75465
1.75647
1.7588
1.76103
1.76262
1.76333
1.76328
1.7629
1.76272
1.76319
1.76447
1.76642
1.76865
1.77069
1.77208
1.77251
1.77184
1.7701
1.76746
1.76423
1.76085
1.75777
1.75542
1.75415
1.7541
1.75524
1.75736
1.76019
1.7635
1.76716
1.77113
1.77541
1.78
1.78481
1.78972
1.79453
1.79903
1.80304
1.80638
1.8089
1.8105
1.81108
1.81061
1.80905
1.80643
1.80281
1.79834
1.79325
1.78788
1.78264
1.77801
1.77443
1.77225
1.77161
1.77241
1.77433
1.77689
1.77956
1.78188
1.78351
1.78429
1.78423
1.78355
1.78265
1.78205
1.78229
1.78377
1.78663
1.79065
1.79531
1.7999
1.80377
1.80645
1.80775
1.80778
1.8069
1.80561
1.8044
1.8037
1.80371
1.80443
1.80569
1.80721
1.80867
1.80982
1.81044
1.81036
1.80944
1.80754
1.80447
1.80007
1.7942
1.78685
1.77822
1.7688
1.75944
1.75126
1.7454
1.74265
1.74314
1.74628
1.75101
1.75623
1.76113
1.76533
1.76883
1.77182
1.77461
1.77746
1.7805
1.78373
1.787
1.79007
1.79265
1.79447
1.79529
1.79498
1.79348
1.79085
1.78725
1.78301
1.77849
1.77413
1.7703
1.76724
1.76499
1.76348
1.76249
1.76182
1.76131
1.76086
1.76047
1.76017
1.76008
1.76035
1.76113
1.76251
1.76449
1.76697
1.76975
1.77257
1.7752
1.77744
1.77914
1.78026
1.78075
1.78063
1.77991
1.77862
1.77678
1.77446
1.77173
1.76869
1.76546
1.76217
1.75893
1.75582
1.75293
1.75032
1.74811
1.74642
1.74542
1.74528
1.74608
1.74784
1.75042
1.75357
1.75698
1.76036
1.76346
1.76612
1.76825
1.76983
1.7709
1.77151
1.77175
1.77169
1.77143
1.77105
1.7706
1.77014
1.76969
1.7692
1.76859
1.76768
1.76622
1.76384
1.76012
1.75459
1.74689
1.73694
1.72527
1.71324
1.70294
1.69647
1.69486
1.69761
1.70305
1.70947
1.71568
1.72124
1.72612
1.73051
1.7346
1.73851
1.74226
1.74584
1.74918
1.75221
1.75487
1.75711
1.75893
1.76031
1.76126
1.76179
1.76188
1.76153
1.76071
1.75942
1.75765
1.75541
1.75279
1.74989
1.74691
1.74407
1.74162
1.73975
1.73856
1.73799
1.73783
1.7378
1.73758
1.73691
1.73564
1.73378
1.73142
1.72878
1.72611
1.72366
1.72166
1.7203
1.71967
1.7198
1.72066
1.72211
1.72399
1.7261
1.72825
1.73031
1.73214
1.7337
1.73494
1.73588
1.73654
1.73696
1.73719
1.73727
1.73723
1.73711
1.73691
1.73666
1.73635
1.73597
1.73553
1.73502
1.73444
1.73379
1.73306
1.73228
1.73144
1.73055
1.72961
1.72859
1.72748
1.72624
1.72482
1.72319
1.72129
1.71911
1.71663
1.71389
1.71097
1.708
1.70515
1.70263
1.70066
1.69941
1.69898
1.69938
1.70047
1.70203
1.70378
1.7054
1.7066
1.70714
1.70684
1.70567
1.70374
1.70137
1.69904
1.69732
1.69675
1.69761
1.69989
1.70326
1.70726
1.71142
1.71541
1.71904
1.72223
1.72499
1.72736
1.72935
1.731
1.73232
1.73333
1.73405
1.73453
1.73485
1.73509
1.73533
1.73568
1.73621
1.73696
1.73798
1.73923
1.74068
1.74228
1.74394
1.74559
1.74717
1.74858
1.74979
1.75071
1.75131
1.7515
1.75123
1.75042
1.74898
1.74684
1.74391
1.74017
1.73565
1.73048
1.72494
1.7195
1.71473
1.71125
1.70958
1.70996
1.71234
1.71638
1.72159
1.72747
1.73355
1.73948
1.74501
1.74997
1.75423
1.75771
1.7603
1.76194
1.76252
1.76197
1.76027
1.75753
1.754
1.75011
1.7464
1.74341
1.74153
1.74094
1.74171
1.74386
1.74737
1.7521
1.75766
1.76342
1.76871
1.77304
1.77624
1.77844
1.78001
1.78135
1.78279
1.78447
1.78634
1.78826
1.79006
1.79164
1.79299
1.7942
1.79541
1.79676
1.79835
1.80024
1.80238
1.80467
1.80698
1.8092
1.81124
1.81302
1.81453
1.81575
1.81668
1.81729
1.81756
1.81742
1.81683
1.81574
1.81411
1.81201
1.80956
1.807
1.80467
1.80289
1.80191
1.80178
1.80234
1.80323
1.804
1.80426
1.80376
1.80245
1.80052
1.79834
1.79647
1.79545
1.79573
1.79752
1.80071
1.80498
1.80988
1.81497
1.81994
1.82459
1.82886
1.8328
1.83645
1.83987
1.84311
1.84617
1.84902
1.85167
1.85407
1.85622
1.8581
1.85964
1.86081
1.86151
1.86168
1.86123
1.86012
1.85831
1.85582
1.85271
1.8491
1.84513
1.84097
1.83683
1.83286
1.82923
1.82603
1.8233
1.82104
1.81922
1.81779
1.8167
1.81588
1.81528
1.81485
1.81455
1.81436
1.81426
1.81431
1.81455
1.81505
1.81588
1.81703
1.81845
1.82
1.82147
1.82262
1.82319
1.82298
1.82182
1.81968
1.81659
1.81273
1.80833
1.80373
1.79929
1.79536
1.79226
1.7902
1.7893
1.78953
1.79073
1.79268
1.79509
1.79765
1.80014
1.80237
1.80424
1.80572
1.80682
1.8076
1.80811
1.80843
1.80861
1.8087
1.8087
1.80865
1.80854
1.80836
1.80811
1.80779
1.80736
1.80684
1.80619
1.80539
1.80443
1.80327
1.80185
1.80011
1.79799
1.7954
1.79225
1.78846
1.78398
1.7788
1.77298
1.7667
1.76025
1.754
1.74841
1.74394
1.74094
1.7396
1.73989
1.74158
1.74428
1.74754
1.75093
1.75409
1.7568
1.75896
1.76058
1.76178
1.76275
1.76373
1.76492
1.76647
1.76842
1.77067
1.77304
1.77528
1.77719
1.7786
1.77939
1.77955
1.77914
1.77825
1.77704
1.77569
1.77442
1.7734
1.77283
1.77283
1.77349
1.77481
1.77674
1.77917
1.78196
1.78494
1.78796
1.79086
1.7935
1.79575
1.79751
1.79868
1.7992
1.79903
1.79817
1.79669
1.79474
1.79254
1.7904
1.78865
1.78758
1.78734
1.78794
1.78917
1.79068
1.79206
1.79298
1.79326
1.79301
1.79257
1.79248
1.79326
1.79517
1.79803
1.80129
1.80421
1.80607
1.80637
1.80488
1.80168
1.79713
1.79177
1.78622
1.78101
1.77639
1.7723
1.76848
1.76465
1.76073
1.75698
1.75384
1.75179
1.75111
1.75172
1.75331
1.7555
1.75797
1.76058
1.76333
1.76623
1.76932
1.77252
1.77571
1.7787
1.78131
1.78332
1.78458
1.78494
1.7843
1.78259
1.77979
1.77593
1.77111
1.7655
1.75933
1.75294
1.74672
1.74113
1.7366
1.7335
1.732
1.73207
1.73344
1.7357
1.73835
1.74092
1.74311
1.74477
1.74599
1.74701
1.74813
1.7496
1.75153
1.75383
1.7563
1.75864
1.76062
1.76209
1.76297
1.76329
1.7631
1.76248
1.76154
1.76034
1.75894
1.7574
1.75576
1.75407
1.75236
1.75067
1.74906
1.74758
1.74625
1.74511
1.74418
1.74343
1.74285
1.74238
1.74196
1.74149
1.74089
1.74005
1.73889
1.73734
1.73535
1.73294
1.73017
1.72717
1.72413
1.72127
1.71881
1.71695
1.71578
1.71532
1.71551
1.71625
1.7174
1.71883
1.72042
1.72205
1.7236
1.72498
1.72606
1.72676
1.72698
1.72666
1.72577
1.72433
1.72236
1.71998
1.71731
1.71457
1.712
1.70989
1.70855
1.70829
1.70929
1.71166
1.7153
1.71997
1.72533
1.73098
1.73654
1.74169
1.74621
1.74994
1.75282
1.7548
1.75589
1.7561
1.75545
1.75395
1.75162
1.7485
1.74464
1.74015
1.73525
1.73022
1.72546
1.72139
1.7184
1.71674
1.71647
1.71747
1.71949
1.72226
1.72555
1.72917
1.733
1.73691
1.74074
1.74432
1.74742
1.74979
1.75116
1.75127
1.74989
1.74688
1.74227
1.73634
1.72972
1.7233
1.71813
1.71505
1.71442
1.71604
1.71934
1.72367
1.7285
1.73353
1.73861
1.74367
1.74864
1.75347
1.75806
1.76234
1.76624
1.7697
1.7727
1.77522
1.77726
1.77883
1.77993
1.78054
1.78062
1.7801
1.77886
1.77671
1.77342
1.76869
1.76225
1.75394
1.74396
1.73311
1.72291
1.71529
1.71181
1.71278
1.71709
1.72289
1.72856
1.7332
1.7367
1.7394
1.74183
1.74444
1.74747
1.75092
1.75458
1.7582
1.76151
1.76435
1.76662
1.76834
1.76954
1.77029
1.7706
1.77048
1.76989
1.76877
1.76712
1.76496
1.76244
1.75976
1.75723
1.7552
1.75398
1.75376
1.75459
1.75631
1.75864
1.76123
1.76372
1.76586
1.76753
1.76872
1.76952
1.77007
1.77052
1.77099
1.77152
1.7721
1.77261
1.77292
1.77284
1.7722
1.77085
1.76864
1.76544
1.76115
1.75567
1.74896
1.74108
1.73231
1.72321
1.71466
1.70777
1.70362
1.70288
1.70557
1.71104
1.71825
1.72614
1.73383
1.74078
1.74671
1.75157
1.75541
1.75835
1.76053
1.76206
1.76306
1.7636
1.76377
1.7636
1.76314
1.76242
1.76148
1.76033
1.759
1.75751
1.7559
1.75418
1.75239
1.75056
1.74874
1.74697
1.74529
1.74374
1.74236
1.74117
1.74021
1.73948
1.73897
1.73868
1.73858
1.73864
1.73882
1.73906
1.73931
1.73951
1.73959
1.73947
1.73908
1.73836
1.73726
1.73576
1.73388
1.73168
1.7293
1.72693
1.7248
1.72317
1.72227
1.72226
1.72324
1.72516
1.72788
1.73118
1.73482
1.73854
1.74212
1.74542
1.74834
1.75085
1.75294
1.75465
1.75603
1.75714
1.75803
1.75875
1.75934
1.75983
1.76025
1.7606
1.76087
1.76103
1.76105
1.76086
1.76037
1.75949
1.75808
1.75605
1.75334
1.74995
1.74608
1.7421
1.73859
1.73624
1.73563
1.73704
1.74032
1.74494
1.75024
1.75557
1.76047
1.76469
1.76813
1.77081
1.77279
1.77414
1.77496
1.77533
1.7753
1.77496
1.77437
1.77361
1.77276
1.77191
1.77116
1.77062
1.77038
1.77051
1.7711
1.77216
1.77372
1.77574
1.77814
1.78084
1.78371
1.78664
1.78951
1.79223
1.7947
1.79688
1.79872
1.80019
1.80125
1.80189
1.80207
1.80178
1.80097
1.79964
1.79777
1.79537
1.79249
1.78925
1.7858
1.78236
1.7792
1.77657
1.77463
1.77346
1.77294
1.77284
1.77286
1.77271
1.77219
1.77122
1.76982
1.76801
1.76576
1.76285
1.7589
1.75356
1.74681
1.73946
1.73346
1.73135
1.73504
1.74444
1.75753
1.77157
1.78441
1.79486
1.80246
1.80718
1.80915
1.80856
1.80571
1.801
1.795
1.78845
1.7822
1.7771
1.77386
1.77287
1.77416
1.7774
1.78201
1.78735
1.79281
1.79789
1.80223
1.80563
1.80801
1.80934
1.8097
1.80918
1.80789
1.80595
1.80347
1.80058
1.79739
1.794
1.79051
1.78703
1.78366
1.78048
1.77758
1.77503
1.7729
1.77124
1.77006
1.76938
1.76916
1.76934
1.76975
1.77021
1.77044
1.77018
1.76917
1.76725
1.76438
1.76071
1.75657
1.75245
1.74896
1.74668
1.74608
1.74739
1.75054
1.75522
1.76095
1.76716
1.77327
1.7788
1.78335
1.78665
1.7885
1.78882
1.78764
1.78508
1.78139
1.77694
1.77216
1.76748
1.76323
1.75957
1.75646
1.75376
1.75132
1.74904
1.74692
1.74506
1.74356
1.74253
1.742
1.74202
1.74259
1.74375
1.7455
1.74781
1.75058
1.75365
1.75682
1.75993
1.76282
1.76539
1.76757
1.76932
1.77059
1.77132
1.77144
1.77087
1.76953
1.76739
1.76452
1.76108
1.75744
1.75412
1.75169
1.75064
1.75121
1.75327
1.75642
1.7601
1.76378
1.7671
1.76986
1.77198
1.77353
1.77458
1.77525
1.77565
1.77587
1.77597
1.77601
1.77601
1.77596
1.77585
1.77561
1.77518
1.77445
1.77332
1.7717
1.76952
1.76681
1.76371
1.7605
1.75762
1.75553
1.75461
1.75503
1.75661
1.75895
1.7615
1.76377
1.76536
1.76607
1.76585
1.76478
1.763
1.76073
1.75821
1.75569
1.7534
1.75151
1.75012
1.74924
1.74878
1.74858
1.74844
1.74819
1.74775
1.74716
1.7466
1.7464
1.74689
1.74831
1.75069
1.75385
1.75741
1.76092
1.76398
1.76634
1.76787
1.76857
1.76858
1.7681
1.76735
1.76659
1.76601
1.76577
1.76594
1.76655
1.76757
1.76894
1.77059
1.77245
1.77444
1.77649
1.7785
1.78039
1.78206
1.78338
1.78425
1.78452
1.78404
1.78264
1.78015
1.77641
1.77136
1.76512
1.75811
1.75116
1.7454
1.74201
1.74171
1.74447
1.74949
1.7556
1.76173
1.76712
1.77138
1.77443
1.77632
1.77719
1.7772
1.7765
1.77524
1.77354
1.77154
1.76933
1.76703
1.76474
1.76255
1.76053
1.75873
1.75719
1.75591
1.7549
1.75416
1.75374
1.75371
1.75417
1.75519
1.75679
1.75889
1.76138
1.76406
1.76675
1.76931
1.77164
1.77368
1.77544
1.77692
1.77815
1.77915
1.77989
1.78036
1.7805
1.78024
1.77951
1.77822
1.77634
1.77386
1.77084
1.7674
1.76374
1.76012
1.7568
1.75407
1.75216
1.75125
1.75146
1.75282
1.75529
1.75874
1.76294
1.76759
1.77235
1.77692
1.78103
1.78447
1.78713
1.78892
1.7898
1.78977
1.78883
1.78699
1.78433
1.78097
1.77709
1.77296
1.7689
1.76527
1.76235
1.76035
1.75933
1.75918
1.75972
1.76067
1.76177
1.76279
1.76355
1.76394
1.76391
1.76346
1.76267
1.76162
1.76042
1.75922
1.75813
1.75728
1.75674
1.75656
1.75672
1.75715
1.75774
1.75834
1.75878
1.7589
1.75854
1.75759
1.75598
1.7537
1.75081
1.74743
1.74375
1.74005
1.73657
1.73359
1.73125
1.72962
1.72858
1.72788
1.72714
1.72596
1.72401
1.72119
1.71778
1.71454
1.71259
1.71304
1.71648
1.72267
1.73063
1.73913
1.74711
1.75394
1.75936
1.76338
1.7661
1.76765
1.76813
1.76756
1.7659
1.76303
1.75878
1.75293
1.74527
1.73569
1.72427
1.71147
1.69836
1.68663
1.67843
1.67558
1.67875
1.68699
1.69824
1.71021
1.72118
1.73017
1.7368
1.74111
1.74329
1.74363
1.74242
1.73996
1.73661
1.73277
1.72889
1.72537
1.72244
1.72016
1.71845
1.71721
1.71655
1.71667
1.71776
1.71973
1.72208
1.7241
1.72525
1.72545
1.72527
1.72567
1.72741
1.73045
1.73383
1.73607
1.73588
1.7328
1.72754
1.72184
1.71782
1.71699
1.7195
1.72437
1.73026
1.73615
1.74148
1.74603
1.74968
1.75236
1.754
1.75453
1.75396
1.75237
1.74989
1.74679
1.7434
1.74009
1.73719
1.73491
1.73323
1.73198
1.73089
1.72975
1.7285
1.72734
1.72662
1.72676
1.72802
1.73046
1.73384
1.73778
1.74186
1.74572
1.74917
1.75211
1.75455
1.75655
1.75819
1.75955
1.76072
1.76174
1.76266
1.76351
1.76427
1.76495
1.76551
1.7659
1.76608
1.76595
1.76544
1.76444
1.76286
1.76057
1.75749
1.75353
1.74868
1.74302
1.73686
1.73074
1.72552
1.72221
1.72164
1.72411
1.72917
1.7358
1.74284
1.74936
1.75482
1.75905
1.76216
1.76439
1.76601
1.76727
1.76834
1.76933
1.7703
1.77121
1.77205
1.77274
1.77321
1.77339
1.77321
1.77259
1.77144
1.76967
1.76722
1.76404
1.76018
1.75585
1.75143
1.74749
1.74468
1.74351
1.74416
1.74644
1.74979
1.7536
1.75732
1.76059
1.7633
1.76549
1.76729
1.76891
1.77053
1.7723
1.77429
1.77651
1.77892
1.78143
1.78395
1.7864
1.78871
1.79085
1.79279
1.79453
1.79606
1.79736
1.7984
1.79911
1.79941
1.79915
1.7982
1.79638
1.79357
1.78972
1.78501
1.77991
1.77517
1.77172
1.77036
1.7714
1.77453
1.77896
1.78376
1.78817
1.79177
1.79444
1.79636
1.79783
1.79921
1.80082
1.8028
1.80518
1.8078
1.81046
1.81291
1.81494
1.81637
1.81711
1.8171
1.81639
1.81508
1.81343
1.81185
1.81082
1.81084
1.81226
1.81512
1.81916
1.82385
1.82863
1.83296
1.83648
1.83895
1.84024
1.84026
1.83894
1.83622
1.83212
1.82689
1.82107
1.8156
1.81166
1.81026
1.8119
1.81629
1.82252
1.82947
1.83618
1.84196
1.84641
1.84936
1.85077
1.85068
1.84918
1.84641
1.84257
1.83794
1.8329
1.8279
1.82344
1.81998
1.81785
1.81719
1.81791
1.81975
1.82233
1.82525
1.82815
1.83072
1.83272
1.83399
1.83447
1.83416
1.83315
1.83157
1.82962
1.82749
1.8254
1.82354
1.82202
1.82092
1.82022
1.81985
1.81966
1.81949
1.81918
1.8186
1.81768
1.81646
1.81508
1.81379
1.81287
1.81259
1.81309
1.81434
1.81614
1.81822
1.82026
1.822
1.82329
1.82407
1.82437
1.82431
1.82401
1.82358
1.82314
1.82272
1.82233
1.82192
1.82138
1.8206
1.81945
1.81779
1.81552
1.81259
1.809
1.80487
1.80043
1.796
1.79203
1.78896
1.78718
1.78694
1.78829
1.79105
1.7949
1.79942
1.80421
1.8089
1.81324
1.81705
1.82024
1.82276
1.82461
1.82579
1.8263
1.82612
1.82521
1.82349
1.82087
1.81725
1.81255
1.80678
1.80014
1.79305
1.78627
1.78078
1.77758
1.77735
1.78016
1.78549
1.79238
1.7998
1.80686
1.81284
1.81721
1.81953
1.81938
1.81638
1.81039
1.80188
1.7924
1.7847
1.78193
1.78587
1.79574
1.80878
1.82197
1.83336
1.84221
1.84859
1.85294
1.85576
1.85747
1.85839
1.85875
1.85867
1.85821
1.8574
1.85622
1.85463
1.85263
1.85021
1.84741
1.84424
1.84075
1.83695
1.83286
1.82855
1.82412
1.81978
1.81582
1.81252
1.81009
1.80857
1.80782
1.80755
1.80739
1.80699
1.80607
1.80443
1.80198
1.79874
1.7949
1.79085
1.78716
1.7845
1.78346
1.78445
1.78757
1.79271
1.79951
1.80755
1.81636
1.82551
1.83462
1.84332
1.8513
1.85828
1.86405
1.86852
1.87171
1.87367
1.87454
1.87444
1.87347
1.87174
1.86928
1.86613
1.86228
1.85774
1.85251
1.84664
1.84024
1.83349
1.82662
1.81992
1.81369
1.8082
1.80371
1.80041
1.7984
1.79769
1.79811
1.79938
1.80108
1.80274
1.80392
1.80422
1.80337
1.80129
1.79808
1.79415
1.79014
1.78683
1.78491
1.78472
1.7861
1.7885
1.7912
1.79355
1.79514
1.79581
1.79558
1.79463
1.79318
1.79144
1.78965
1.78799
1.78659
1.78552
1.78481
1.78443
1.7843
1.78431
1.78435
1.78429
1.78405
1.78352
1.78265
1.7814
1.77976
1.77779
1.77556
1.77322
1.77093
1.76891
1.76731
1.76624
1.76574
1.76573
1.76605
1.76651
1.76692
1.76712
1.76697
1.76641
1.7654
1.76397
1.76219
1.76016
1.75806
1.7561
1.7545
1.75346
1.75313
1.75351
1.75453
1.75601
1.75769
1.75936
1.76079
1.76182
1.76236
1.76235
1.76179
1.7607
1.75914
1.75718
1.75494
1.75252
1.75001
1.7475
1.74502
1.74256
1.74005
1.7374
1.73457
1.73151
1.7283
1.72507
1.72205
1.71952
1.71775
1.71697
1.71731
1.71879
1.72126
1.72448
1.72808
1.73169
1.73491
1.73741
1.73893
1.73923
1.73812
1.73545
1.7312
1.72552
1.71895
1.71242
1.70726
1.70471
1.70549
1.70938
1.71538
1.72217
1.72866
1.73416
1.73841
1.74143
1.74336
1.74441
1.74477
1.74459
1.74401
1.7431
1.74195
1.74058
1.73898
1.7371
1.7348
1.73183
1.72783
1.72233
1.71486
1.7052
1.69382
1.68233
1.6735
1.67023
1.67378
1.68284
1.69442
1.70565
1.71475
1.7211
1.72481
1.72627
1.72592
1.7242
1.72154
1.71837
1.7151
1.71214
1.7098
1.70827
1.70757
1.70754
1.70796
1.70856
1.70912
1.70949
1.70966
1.7097
1.70976
1.70999
1.71055
1.71154
1.71297
1.71479
1.71691
1.71916
1.7214
1.72348
1.72529
1.72677
1.7279
1.72874
1.72936
1.72987
1.73037
1.73099
1.73177
1.73278
1.73402
1.73548
1.73712
1.73889
1.74076
1.74265
1.74452
1.74631
1.74797
1.74944
1.75066
1.75155
1.75206
1.75212
1.75164
1.75055
1.74881
1.74636
1.7432
1.73935
1.7349
1.73002
1.72493
1.71991
1.71525
1.71121
1.70797
1.70562
1.70415
1.70344
1.70334
1.70367
1.70425
1.70495
1.70568
1.70639
1.70711
1.7079
1.70889
1.71021
1.71197
1.71427
1.71713
1.72048
1.72418
1.72804
1.73183
1.73533
1.73837
1.74081
1.74257
1.74362
1.74399
1.74372
1.74288
1.74153
1.73977
1.73769
1.73538
1.73295
1.7305
1.72811
1.7259
1.72393
1.72229
1.72102
1.72016
1.71971
1.71964
1.71992
1.7205
1.7213
1.72225
1.7233
1.7244
1.72552
1.72665
1.72779
1.72892
1.73005
1.73113
1.73212
1.73294
1.73349
1.73367
1.73339
1.73258
1.73119
1.72921
1.7267
1.72378
1.72068
1.7177
1.71522
1.71361
1.71312
1.71382
1.71549
1.71771
1.72
1.72194
1.72327
1.72394
1.7241
1.72402
1.72406
1.7245
1.72553
1.72708
1.72887
1.73044
1.73125
1.73085
1.72906
1.72619
1.72301
1.7207
1.72037
1.72257
1.72701
1.73276
1.73872
1.74403
1.74824
1.75127
1.75329
1.75455
1.75532
1.75584
1.75628
1.75678
1.75739
1.75815
1.75903
1.76
1.76099
1.76193
1.76273
1.7633
1.76356
1.76342
1.76283
1.76172
1.76008
1.75793
1.75534
1.75242
1.74936
1.74642
1.74396
1.74239
1.74211
1.74345
1.74654
1.75133
1.75752
1.76467
1.7723
1.77992
1.78713
1.7936
1.79909
1.80341
1.80647
1.80818
1.80853
1.80755
1.80539
1.8023
1.79864
1.79488
1.79149
1.78884
1.78711
1.7862
1.78576
1.78534
1.78448
1.78281
1.78019
1.77671
1.77271
1.76873
1.76539
1.76325
1.76269
1.76379
1.76639
1.77011
1.77444
1.77888
1.78301
1.78657
1.78943
1.79165
1.79339
1.79486
1.79622
1.79758
1.79896
1.80028
1.80146
1.8024
1.80305
1.80344
1.80361
1.80362
1.80349
1.80318
1.80264
1.80186
1.80097
1.80023
1.79996
1.80039
1.8015
1.80289
1.80387
1.80363
1.80146
1.79687
1.78984
1.7809
1.77131
1.76298
1.75794
1.75755
1.7618
1.76934
1.77825
1.78685
1.79413
1.79965
1.80341
1.80556
1.80635
1.80607
1.80502
1.80354
1.80195
1.80053
1.79941
1.79856
1.79783
1.79695
1.7957
1.79395
1.79176
1.78933
1.78701
1.78515
1.78401
1.78365
1.78391
1.78449
1.78501
1.78516
1.78476
1.78375
1.78224
1.78047
1.77874
1.7774
1.77678
1.77715
1.77865
1.78131
1.78501
1.78948
1.79439
1.79938
1.80411
1.80832
1.81179
1.81438
1.816
1.81658
1.81604
1.81433
1.81135
1.80706
1.80143
1.79456
1.78669
1.77832
1.77018
1.76325
1.7585
1.7566
1.75769
1.76125
1.76634
1.77196
1.77727
1.78178
1.78533
1.78796
1.78984
1.79118
1.7922
1.79304
1.79383
1.79461
1.79539
1.79612
1.79674
1.79717
1.79731
1.79706
1.79635
1.79512
1.79335
1.79109
1.78842
1.78551
1.78258
1.77985
1.77756
1.77592
1.77505
1.77502
1.77581
1.77736
1.7796
1.78238
1.78558
1.78901
1.79246
1.79571
1.79852
1.80067
1.80196
1.80229
1.80166
1.80024
1.79834
1.79641
1.79492
1.79427
1.79463
1.79594
1.79795
1.80036
1.80287
1.80528
1.8075
1.80947
1.81116
1.81256
1.81364
1.81438
1.81478
1.81486
1.81467
1.81428
1.8138
1.81335
1.81306
1.81301
1.81328
1.81385
1.81468
1.81566
1.81663
1.81743
1.81789
1.81786
1.81722
1.81589
1.81385
1.81114
1.80788
1.80426
1.80055
1.79708
1.79414
1.79199
1.79076
1.79045
1.79093
1.79203
1.79353
1.79525
1.79709
1.79895
1.80079
1.80256
1.80418
1.80557
1.80659
1.80712
1.80705
1.80634
1.80501
1.80324
1.80128
1.79948
1.79818
1.79761
1.79784
1.79877
1.80014
1.80161
1.80287
1.80366
1.80385
1.80341
1.80242
1.80099
1.79928
1.79745
1.79563
1.79389
1.79228
1.79081
1.7895
1.78839
1.78756
1.78716
1.78736
1.78831
1.79004
1.7925
1.79547
1.79867
1.80179
1.80455
1.80675
1.80824
1.80897
1.8089
1.80804
1.80642
1.80408
1.80108
1.7975
1.79346
1.7891
1.78463
1.78027
1.77627
1.77288
1.77032
1.76872
1.76813
1.76851
1.76973
1.77161
1.77397
1.77665
1.77949
1.78237
1.7852
1.78787
1.79031
1.79242
1.79411
1.79527
1.79579
1.79555
1.79445
1.79239
1.78931
1.78518
1.7801
1.77422
1.76783
1.76132
1.75513
1.74971
1.74546
1.74267
1.74152
1.74206
1.74418
1.74765
1.75214
1.75731
1.76279
1.76829
1.77356
1.77844
1.7828
1.78659
1.78976
1.79229
1.79419
1.79544
1.79602
1.79591
1.79505
1.79338
1.7908
1.78719
1.78247
1.77658
1.76959
1.76176
1.75365
1.74608
1.74004
1.73642
1.7357
1.73772
1.7418
1.74696
1.75226
1.75698
1.7606
1.7628
1.76337
1.76215
1.75908
1.75433
1.74839
1.74219
1.73706
1.73432
1.73481
1.73841
1.74417
1.75075
1.75698
1.76211
1.76582
1.76813
1.76918
1.76918
1.76831
1.76672
1.76448
1.76159
1.75802
1.7537
1.7486
1.74279
1.7365
1.7302
1.72461
1.72055
1.71874
1.71956
1.72288
1.72816
1.73461
1.74144
1.74801
1.75386
1.75871
1.76244
1.765
1.7664
1.76667
1.76589
1.76412
1.76149
1.75814
1.75428
1.75018
1.74615
1.74255
1.73967
1.73776
1.73693
1.73717
1.73835
1.74026
1.74265
1.7453
1.74802
1.75067
1.75316
1.75543
1.75746
1.75923
1.76074
1.76197
1.76292
1.76358
1.76393
1.76397
1.7637
1.76314
1.76232
1.76127
1.76006
1.75876
1.75742
1.75609
1.75477
1.75339
1.75179
1.7497
1.74675
1.74256
1.73693
1.73
1.72264
1.71645
1.71333
1.71455
1.71995
1.72802
1.73673
1.74449
1.75049
1.75459
1.75711
1.75851
1.75926
1.75976
1.76025
1.7609
1.76172
1.76267
1.76364
1.76452
1.7652
1.76564
1.76583
1.76581
1.7657
1.76563
1.76574
1.76613
1.76688
1.76794
1.76922
1.77057
1.77181
1.77279
1.77336
1.77344
1.773
1.77205
1.7707
1.76908
1.76736
1.76575
1.76442
1.76354
1.76321
1.76346
1.76428
1.76562
1.76738
1.76948
1.77183
1.77432
1.77683
1.77925
1.78141
1.7832
1.78449
1.78522
1.78541
1.78514
1.78458
1.78395
1.78345
1.78324
1.7834
1.78389
1.78455
1.78519
1.78557
1.7855
1.78482
1.78346
1.78145
1.77885
1.77584
1.77256
1.7692
1.76592
1.76295
1.76063
1.75936
1.75954
1.7614
1.76484
1.76944
1.77461
1.77977
1.78451
1.78863
1.79211
1.79501
1.79748
1.79965
1.8016
1.8034
1.80508
1.80663
1.80807
1.80937
1.81053
1.81156
1.81245
1.81321
1.81385
1.81437
1.81478
1.81509
1.81531
1.81546
1.81555
1.81561
1.81567
1.81577
1.81594
1.81621
1.81662
1.81717
1.81787
1.81868
1.81958
1.8205
1.82137
1.82212
1.82266
1.82293
1.82283
1.82229
1.82122
1.81951
1.81706
1.81379
1.80975
1.80516
1.80047
1.79642
1.79393
1.7939
1.79691
1.80304
1.81174
1.82208
1.83294
1.84331
1.85244
1.85982
1.86518
1.86835
1.86928
1.86792
1.86436
1.85881
1.85183
1.84439
1.83783
1.83353
1.83247
1.83484
1.84002
1.84697
1.85456
1.86185
1.86814
1.87301
1.8762
1.8776
1.87724
1.87526
1.87194
1.86771
1.86303
1.85839
1.85419
1.85069
1.84805
1.84635
1.84566
1.84606
1.84761
1.8503
1.85397
1.85832
1.86299
1.86761
1.87187
1.87554
1.87849
1.88068
1.88216
1.88302
1.88343
1.88357
1.88368
1.88395
1.88454
1.88557
1.88707
1.889
1.8913
1.89383
1.89646
1.89905
1.90148
1.90365
1.90549
1.90698
1.9081
1.90888
1.90935
1.90957
1.90959
1.90945
1.90919
1.90884
1.90839
1.90785
1.90719
1.90639
1.90541
1.90426
1.90292
1.90141
1.89975
1.89796
1.89601
1.89382
1.89127
1.88815
1.88422
1.87929
1.87326
1.86625
1.85864
1.85114
1.84465
1.8401
1.83814
1.83892
1.84204
1.84659
1.8515
1.85573
1.85855
1.85964
1.85907
1.85714
1.85409
1.84983
1.8439
1.8358
1.82593
1.8165
1.81127
1.81337
1.82256
1.8353
1.8473
1.85588
1.86031
1.86109
1.85922
1.85579
1.85181
1.8481
1.8452
1.84334
1.8424
1.84207
1.84193
1.84164
1.84097
1.83984
1.8382
1.83604
1.83333
1.83004
1.82619
1.82201
1.81796
1.81473
1.81307
1.81345
1.81578
1.81943
1.82346
1.82693
1.82921
1.83005
1.82951
1.82796
1.82588
1.82382
1.82226
1.82153
1.82171
1.8227
1.82426
1.8261
1.82795
1.82963
1.83105
1.83214
1.83291
1.83337
1.83354
1.83341
1.83299
1.83227
1.83122
1.82985
1.82817
1.82621
1.82404
1.82178
1.81954
1.81748
1.81572
1.81437
1.81348
1.81307
1.81311
1.8135
1.81413
1.81483
1.81542
1.81572
1.81556
1.81482
1.81344
1.8114
1.80881
1.80585
1.8028
1.8
1.79782
1.79657
1.79637
1.7972
1.79882
1.80089
1.80306
1.80508
1.80682
1.80831
1.80977
1.81143
1.81353
1.81615
1.8192
1.82239
1.82536
1.82777
1.82942
1.83028
1.8305
1.83038
1.83028
1.83057
1.8315
1.83313
1.83534
1.83783
1.84026
1.84228
1.84362
1.84412
1.84372
1.84248
1.84056
1.83818
1.83563
1.83322
1.83119
1.8297
1.82874
1.82819
1.82786
1.82753
1.82703
1.82622
1.82504
1.82346
1.8215
1.81921
1.81667
1.814
1.81135
1.80889
1.80683
1.80539
1.80481
1.80527
1.8069
1.80971
1.81359
1.81835
1.82367
1.8292
1.83453
1.83931
1.84322
1.84603
1.84762
1.84792
1.8469
1.8446
1.84106
1.83643
1.83097
1.82513
1.81958
1.81505
1.81216
1.81116
1.81177
1.81337
1.81515
1.81648
1.81697
1.8165
1.81515
1.81305
1.8103
1.80695
1.80304
1.79861
1.79383
1.78902
1.78454
1.78069
1.77766
1.77551
1.77434
1.77425
1.77535
1.77754
1.78054
1.78396
1.7875
1.79102
1.79451
1.79796
1.80129
1.80433
1.80688
1.80876
1.8099
1.81031
1.81008
1.80935
1.80827
1.80695
1.80541
1.80356
1.80124
1.79818
1.79413
1.78892
1.78263
1.77565
1.76877
1.763
1.75924
1.75786
1.75855
1.76052
1.7628
1.76467
1.76575
1.76597
1.76546
1.76449
1.76336
1.76237
1.76176
1.76169
1.76221
1.76329
1.76476
1.76645
1.76817
1.76978
1.77118
1.77233
1.77323
1.7739
1.77434
1.77456
1.77453
1.77424
1.77366
1.77277
1.77159
1.77015
1.76852
1.76682
1.76514
1.76363
1.76237
1.76145
1.76089
1.76068
1.76077
1.76107
1.76146
1.76184
1.76213
1.76224
1.76216
1.76187
1.76141
1.76083
1.7602
1.75959
1.75907
1.75871
1.75855
1.75859
1.75884
1.75929
1.75988
1.76057
1.7613
1.76202
1.76267
1.76321
1.76362
1.76387
1.76396
1.76393
1.76379
1.76359
1.76337
1.76318
1.76305
1.76301
1.76306
1.76322
1.76344
1.7637
1.76395
1.76412
1.76414
1.76393
1.76337
1.76235
1.76073
1.75833
1.75503
1.75071
1.74543
1.73946
1.73341
1.7282
1.72487
1.72421
1.72644
1.73108
1.7372
1.74382
1.75015
1.75578
1.76054
1.76446
1.76764
1.7702
1.77225
1.77384
1.77501
1.77577
1.77612
1.77607
1.77565
1.77493
1.774
1.773
1.77207
1.77135
1.77091
1.77077
1.77084
1.77099
1.77104
1.7708
1.77009
1.76875
1.76661
1.76352
1.75932
1.75389
1.7473
1.73986
1.73227
1.72557
1.72086
1.71896
1.72005
1.72367
1.72896
1.73499
1.741
1.74652
1.75127
1.75516
1.75819
1.76038
1.76179
1.76252
1.76262
1.76218
1.76123
1.75973
1.75763
1.75479
1.75114
1.74677
1.74213
1.7381
1.73592
1.73669
1.74081
1.74768
1.75596
1.76418
1.77121
1.77643
1.77969
1.78111
1.78096
1.77957
1.77728
1.77442
1.77132
1.76823
1.76537
1.76288
1.76086
1.75933
1.75835
1.75793
1.75807
1.75876
1.75994
1.76148
1.76324
1.76506
1.76676
1.76818
1.76922
1.76979
1.76983
1.76933
1.76833
1.76687
1.76507
1.76305
1.76097
1.75897
1.75721
1.75578
1.75471
1.75398
1.75352
1.7532
1.75294
1.75267
1.75238
1.75214
1.75207
1.75235
1.75312
1.75449
1.75649
1.75903
1.76195
1.765
1.76793
1.77047
1.77242
1.77359
1.77388
1.77327
1.77183
1.76971
1.76723
1.76479
1.76285
1.76185
1.76205
1.76345
1.76574
1.76839
1.77077
1.77239
1.77303
1.77284
1.77235
1.77234
1.77349
1.77615
1.78011
1.78474
1.78923
1.79288
1.79523
1.79606
1.79539
1.79334
1.79015
1.78608
1.78144
1.77653
1.77167
1.76713
1.76313
1.7598
1.75717
1.75516
1.7536
1.7523
1.75106
1.74974
1.7483
1.74681
1.7454
1.74429
1.74367
1.74367
1.74433
1.74559
1.74732
1.74933
1.75148
1.75363
1.75571
1.7577
1.7596
1.76141
1.76312
1.7647
1.76612
1.76731
1.76822
1.76875
1.76884
1.76839
1.76731
1.76549
1.76282
1.75924
1.75471
1.74932
1.74327
1.73697
1.73092
1.72569
1.72177
1.71939
1.71855
1.71903
1.7205
1.72259
1.72499
1.72741
1.72963
1.73148
1.73289
1.73382
1.73431
1.73441
1.7342
1.73374
1.73311
1.73236
1.73151
1.73061
1.72968
1.72875
1.72786
1.72705
1.72638
1.72588
1.72561
1.72559
1.72582
1.72629
1.72695
1.72774
1.72858
1.72937
1.73003
1.73047
1.73063
1.73046
1.72996
1.72917
1.72818
1.72714
1.72624
1.72568
1.72566
1.72631
1.72768
1.72971
1.73226
1.73518
1.73827
1.7414
1.74446
1.74738
1.75011
1.75263
1.75488
1.75682
1.75835
1.75933
1.75961
1.75896
1.75717
1.75404
1.74951
1.74378
1.73744
1.7315
1.7272
1.72557
1.72699
1.73099
1.73663
1.74289
1.7491
1.75499
1.7606
1.76602
1.77133
1.77651
1.78144
1.78595
1.78987
1.79304
1.79537
1.7968
1.79728
1.79683
1.7955
1.79338
1.7906
1.78738
1.78394
1.78055
1.77748
1.77492
1.77299
1.7717
1.77098
1.77066
1.77061
1.77078
1.77126
1.77229
1.77418
1.77706
1.78083
1.78506
1.78918
1.79257
1.79475
1.79542
1.79443
1.79177
1.78752
1.78186
1.77509
1.76773
1.76056
1.75457
1.75077
1.74982
1.75174
1.75587
1.76118
1.76665
1.77159
1.7757
1.77896
1.78154
1.78364
1.78546
1.78713
1.78873
1.79031
1.7919
1.79347
1.795
1.79642
1.79764
1.79857
1.79911
1.79915
1.79858
1.79726
1.79504
1.79172
1.78706
1.78086
1.77298
1.76359
1.75328
1.74323
1.73504
1.73016
1.72917
1.73154
1.73591
1.74087
1.74545
1.74924
1.75219
1.75443
1.75611
