-0.435247
-0.435168
-0.434159
-0.432316
-0.429745
-0.426533
-0.422833
-0.418875
-0.414963
-0.411503
-0.408893
-0.407458
-0.407366
-0.408546
-0.41076
-0.413611
-0.416741
-0.419819
-0.422621
-0.425015
-0.426978
-0.428505
-0.429625
-0.430391
-0.430823
-0.430977
-0.43088
-0.430535
-0.429959
-0.429183
-0.428203
-0.427031
-0.42568
-0.424149
-0.422435
-0.420545
-0.418465
-0.416206
-0.413787
-0.411268
-0.408708
-0.406242
-0.404039
-0.402246
-0.401046
-0.400596
-0.400971
-0.40221
-0.404295
-0.407124
-0.41059
-0.41453
-0.418801
-0.423236
-0.427699
-0.432044
-0.43614
-0.439836
-0.443036
-0.445624
-0.447515
-0.448653
-0.449072
-0.448833
-0.448087
-0.447031
-0.445918
-0.444908
-0.444134
-0.443578
-0.443154
-0.442722
-0.442157
-0.441429
-0.440644
-0.439938
-0.43954
-0.439611
-0.440252
-0.441432
-0.443005
-0.444789
-0.446504
-0.447894
-0.448767
-0.448953
-0.44832
-0.446834
-0.444482
-0.441309
-0.437368
-0.432789
-0.427702
-0.422267
-0.416665
-0.411095
-0.405757
-0.400875
-0.396674
-0.393389
-0.391263
-0.390542
-0.391417
-0.394016
-0.398295
-0.404036
-0.410821
-0.418109
-0.425278
-0.431769
-0.437124
-0.440981
-0.443091
-0.443318
-0.441534
-0.437703
-0.431853
-0.424154
-0.414994
-0.405109
-0.395564
-0.387629
-0.382419
-0.380515
-0.381799
-0.385467
-0.39039
-0.395354
-0.399369
-0.401766
-0.402398
-0.401507
-0.399744
-0.397898
-0.396709
-0.396472
-0.396996
-0.397706
-0.397839
-0.396725
-0.393963
-0.389398
-0.383212
-0.375851
-0.36808
-0.360886
-0.355377
-0.352487
-0.352596
-0.355353
-0.359738
-0.364515
-0.368618
-0.37141
-0.372748
-0.372848
-0.372123
-0.371037
-0.369954
-0.369085
-0.368512
-0.368163
-0.367956
-0.367798
-0.367678
-0.36762
-0.367693
-0.367986
-0.368549
-0.369341
-0.370273
-0.371152
-0.371806
-0.372021
-0.37165
-0.370609
-0.368934
-0.366778
-0.364418
-0.362219
-0.360571
-0.359763
-0.359925
-0.360936
-0.36253
-0.364289
-0.365825
-0.366802
-0.366986
-0.366256
-0.364573
-0.361998
-0.358632
-0.354624
-0.350192
-0.345527
-0.34084
-0.33631
-0.332086
-0.328273
-0.324975
-0.322235
-0.320135
-0.318729
-0.318061
-0.31817
-0.319129
-0.321004
-0.323819
-0.32752
-0.331928
-0.336739
-0.341586
-0.346113
-0.350039
-0.353184
-0.355464
-0.356893
-0.357513
-0.357388
-0.356587
-0.355146
-0.353132
-0.350545
-0.347396
-0.343701
-0.339536
-0.335017
-0.330365
-0.325882
-0.321941
-0.318889
-0.31697
-0.316211
-0.316486
-0.317504
-0.318987
-0.320705
-0.32252
-0.324304
-0.325991
-0.327495
-0.328732
-0.329616
-0.3301
-0.330187
-0.329938
-0.329469
-0.328934
-0.328502
-0.328291
-0.328344
-0.328612
-0.328932
-0.32913
-0.329044
-0.328572
-0.327711
-0.326577
-0.325373
-0.324362
-0.323799
-0.323852
-0.324563
-0.325858
-0.327544
-0.32936
-0.331056
-0.332414
-0.333346
-0.333846
-0.33403
-0.334084
-0.334183
-0.334539
-0.335284
-0.336447
-0.337975
-0.339705
-0.341461
-0.343023
-0.344198
-0.344807
-0.344697
-0.343721
-0.341773
-0.338766
-0.334685
-0.329612
-0.323824
-0.317816
-0.31226
-0.307938
-0.305466
-0.305184
-0.307022
-0.310614
-0.315435
-0.320981
-0.326802
-0.332544
-0.337927
-0.342724
-0.34677
-0.349967
-0.352211
-0.353467
-0.353702
-0.352839
-0.350822
-0.347571
-0.343055
-0.337302
-0.330462
-0.322834
-0.314879
-0.307197
-0.30037
-0.294929
-0.291324
-0.289935
-0.291086
-0.294898
-0.301135
-0.309093
-0.317741
-0.325994
-0.332992
-0.338259
-0.341664
-0.343399
-0.343843
-0.343392
-0.34238
-0.341035
-0.339505
-0.33786
-0.336206
-0.334743
-0.33377
-0.333621
-0.334539
-0.336618
-0.339753
-0.343638
-0.347928
-0.352223
-0.356212
-0.359681
-0.362534
-0.364737
-0.366331
-0.367391
-0.367989
-0.368215
-0.368147
-0.367835
-0.367332
-0.36669
-0.365934
-0.365101
-0.364213
-0.363305
-0.362427
-0.361606
-0.360887
-0.360303
-0.359878
-0.359626
-0.359547
-0.359594
-0.359733
-0.359884
-0.359953
-0.359846
-0.359458
-0.358749
-0.357687
-0.356326
-0.354769
-0.353208
-0.351833
-0.350868
-0.350479
-0.350766
-0.351733
-0.353283
-0.355212
-0.357326
-0.359383
-0.361199
-0.362611
-0.363493
-0.363764
-0.363362
-0.362251
-0.360403
-0.357866
-0.354736
-0.351246
-0.347696
-0.344454
-0.341813
-0.339931
-0.338766
-0.338108
-0.337755
-0.337716
-0.33822
-0.339646
-0.342325
-0.34628
-0.351128
-0.356229
-0.360856
-0.364418
-0.366556
-0.367169
-0.366337
-0.364303
-0.361428
-0.358086
-0.354675
-0.351528
-0.34887
-0.346844
-0.345449
-0.344626
-0.344225
-0.344131
-0.344215
-0.344429
-0.344762
-0.345228
-0.345919
-0.346855
-0.348059
-0.349451
-0.350944
-0.352378
-0.353603
-0.354512
-0.355035
-0.35517
-0.354968
-0.35453
-0.353955
-0.353349
-0.352808
-0.352413
-0.35217
-0.352091
-0.352161
-0.352329
-0.352553
-0.35277
-0.352908
-0.352905
-0.352714
-0.352353
-0.351902
-0.351562
-0.351517
-0.351926
-0.352818
-0.354043
-0.355265
-0.356105
-0.356202
-0.355306
-0.353272
-0.350158
-0.346173
-0.341735
-0.337361
-0.333628
-0.331018
-0.329799
-0.330032
-0.331616
-0.334374
-0.338139
-0.34272
-0.347911
-0.353467
-0.359122
-0.364652
-0.369859
-0.374623
-0.378872
-0.382551
-0.385654
-0.388164
-0.390089
-0.391409
-0.392128
-0.392253
-0.391803
-0.390875
-0.389586
-0.388152
-0.386815
-0.385874
-0.385589
-0.386117
-0.387512
-0.389653
-0.392308
-0.395177
-0.397959
-0.400368
-0.402254
-0.403515
-0.404127
-0.404148
-0.40368
-0.402823
-0.401701
-0.400383
-0.398917
-0.397283
-0.39541
-0.393248
-0.39076
-0.387952
-0.384886
-0.381683
-0.378476
-0.375368
-0.372421
-0.369571
-0.366709
-0.363677
-0.360396
-0.357002
-0.353845
-0.351546
-0.350739
-0.351887
-0.355057
-0.359981
-0.366184
-0.373144
-0.380363
-0.387441
-0.394007
-0.399794
-0.404601
-0.408337
-0.410988
-0.41263
-0.413364
-0.413303
-0.412578
-0.411319
-0.409695
-0.407834
-0.405905
-0.404056
-0.402449
-0.4012
-0.400411
-0.400116
-0.400328
-0.400997
-0.402054
-0.403372
-0.404852
-0.406343
-0.407743
-0.408937
-0.409847
-0.410401
-0.41058
-0.41035
-0.409714
-0.40871
-0.407376
-0.405783
-0.404004
-0.402136
-0.400283
-0.39855
-0.397031
-0.3958
-0.394921
-0.394392
-0.394218
-0.394372
-0.39479
-0.395418
-0.396166
-0.396984
-0.397797
-0.398536
-0.399134
-0.399525
-0.399608
-0.399268
-0.398358
-0.39665
-0.393817
-0.38942
-0.382927
-0.373753
-0.36148
-0.346232
-0.329277
-0.313341
-0.302107
-0.298481
-0.303025
-0.313838
-0.327979
-0.342836
-0.356675
-0.368609
-0.378277
-0.385714
-0.391125
-0.394769
-0.396898
-0.397696
-0.397327
-0.395867
-0.393385
-0.389935
-0.385572
-0.380472
-0.374919
-0.369312
-0.364219
-0.360215
-0.35781
-0.357264
-0.358522
-0.361194
-0.36468
-0.368294
-0.371455
-0.373745
-0.374953
-0.375072
-0.374306
-0.373021
-0.371652
-0.37062
-0.370201
-0.370456
-0.371235
-0.372205
-0.372955
-0.373111
-0.372386
-0.370553
-0.367511
-0.363271
-0.357995
-0.351987
-0.345793
-0.340171
-0.335939
-0.333827
-0.334173
-0.336891
-0.34143
-0.346991
-0.352813
-0.358274
-0.362926
-0.366496
-0.368824
-0.369832
-0.369504
-0.36785
-0.364968
-0.361027
-0.356219
-0.350816
-0.345076
-0.339298
-0.333834
-0.329155
-0.325812
-0.324304
-0.324952
-0.327694
-0.332079
-0.337349
-0.342699
-0.34737
-0.350847
-0.352841
-0.353236
-0.3521
-0.349586
-0.345957
-0.341551
-0.336747
-0.331968
-0.327627
-0.324049
-0.321427
-0.319796
-0.319035
-0.318879
-0.318995
-0.319017
-0.318641
-0.317639
-0.315901
-0.313443
-0.310455
-0.307244
-0.304218
-0.301822
-0.3004
-0.300129
-0.300939
-0.302581
-0.304695
-0.306907
-0.308948
-0.310644
-0.311904
-0.312747
-0.313227
-0.313411
-0.313379
-0.313225
-0.313006
-0.31276
-0.312544
-0.312371
-0.31224
-0.312159
-0.312111
-0.312076
-0.312068
-0.312045
-0.312022
-0.311997
-0.311983
-0.311973
-0.31198
-0.312013
-0.312074
-0.312162
-0.312274
-0.31241
-0.312539
-0.312654
-0.31274
-0.312774
-0.312736
-0.312646
-0.312487
-0.312263
-0.311986
-0.311682
-0.311383
-0.311127
-0.310987
-0.310988
-0.311179
-0.311614
-0.312311
-0.313302
-0.314599
-0.316176
-0.318017
-0.320074
-0.32228
-0.324552
-0.326797
-0.328882
-0.330642
-0.33189
-0.33237
-0.331783
-0.329729
-0.325728
-0.319218
-0.309645
-0.296674
-0.280617
-0.263067
-0.24734
-0.237728
-0.237161
-0.24511
-0.257938
-0.271381
-0.282513
-0.290145
-0.294279
-0.295487
-0.294584
-0.292448
-0.289976
-0.287965
-0.286979
-0.287266
-0.288734
-0.291128
-0.294141
-0.297502
-0.30103
-0.304625
-0.308234
-0.311813
-0.315311
-0.318673
-0.321835
-0.32474
-0.327331
-0.329568
-0.331439
-0.332935
-0.334098
-0.33496
-0.335609
-0.336121
-0.336577
-0.337085
-0.337711
-0.338515
-0.33953
-0.340715
-0.342016
-0.343345
-0.344606
-0.34566
-0.346402
-0.346754
-0.346643
-0.346038
-0.344986
-0.34357
-0.341955
-0.340366
-0.339104
-0.338431
-0.33862
-0.339845
-0.342137
-0.345427
-0.349453
-0.353935
-0.358548
-0.362996
-0.367032
-0.370494
-0.373277
-0.375342
-0.376695
-0.377368
-0.377381
-0.376805
-0.375689
-0.374064
-0.371983
-0.369448
-0.3665
-0.363192
-0.35967
-0.356212
-0.353229
-0.35121
-0.350581
-0.351541
-0.354034
-0.357719
-0.362128
-0.36682
-0.371447
-0.375725
-0.379445
-0.382428
-0.3845
-0.385484
-0.38522
-0.383589
-0.380536
-0.376079
-0.370296
-0.363372
-0.355537
-0.346998
-0.33786
-0.328225
-0.318401
-0.309462
-0.303499
-0.303139
-0.309905
-0.322804
-0.338802
-0.354619
-0.368138
-0.378644
-0.38632
-0.391698
-0.395303
-0.397578
-0.398798
-0.399136
-0.398691
-0.397555
-0.3958
-0.393511
-0.390792
-0.387756
-0.384554
-0.381353
-0.378296
-0.375529
-0.373115
-0.371049
-0.36926
-0.367574
-0.365759
-0.363586
-0.360864
-0.357516
-0.353636
-0.349511
-0.345576
-0.342299
-0.340054
-0.33899
-0.339019
-0.339895
-0.34132
-0.343052
-0.344987
-0.347108
-0.349502
-0.352261
-0.355498
-0.359193
-0.363292
-0.367636
-0.371979
-0.376055
-0.379582
-0.382287
-0.383965
-0.384464
-0.383728
-0.381843
-0.379064
-0.375823
-0.372721
-0.370425
-0.36943
-0.369895
-0.371544
-0.373785
-0.37593
-0.377381
-0.377826
-0.377217
-0.375775
-0.373899
-0.372037
-0.370633
-0.369993
-0.370243
-0.371317
-0.373006
-0.375081
-0.37732
-0.379556
-0.381657
-0.383564
-0.385252
-0.386699
-0.387907
-0.388895
-0.389654
-0.390212
-0.390588
-0.390796
-0.390872
-0.39084
-0.390718
-0.390524
-0.390298
-0.390066
-0.389869
-0.389744
-0.389743
-0.389911
-0.390293
-0.390923
-0.391779
-0.392832
-0.393986
-0.395149
-0.396193
-0.396994
-0.397419
-0.39734
-0.396683
-0.395395
-0.393482
-0.391013
-0.388148
-0.385122
-0.382212
-0.379708
-0.377838
-0.376758
-0.376484
-0.376901
-0.377844
-0.37912
-0.380556
-0.382059
-0.383586
-0.385104
-0.386611
-0.388075
-0.389431
-0.390621
-0.391604
-0.392332
-0.392795
-0.392971
-0.392904
-0.39259
-0.392059
-0.391345
-0.390474
-0.389463
-0.388305
-0.386979
-0.385438
-0.38365
-0.381521
-0.378995
-0.376048
-0.372652
-0.368829
-0.364664
-0.360292
-0.355875
-0.351586
-0.34761
-0.344082
-0.341132
-0.338803
-0.337149
-0.336172
-0.335857
-0.336131
-0.336885
-0.337955
-0.339153
-0.34025
-0.341027
-0.341306
-0.34096
-0.339889
-0.338073
-0.335559
-0.332461
-0.328983
-0.325388
-0.321983
-0.318996
-0.316605
-0.314843
-0.313604
-0.312726
-0.312038
-0.311435
-0.310909
-0.310525
-0.310404
-0.310638
-0.311258
-0.312237
-0.313465
-0.314806
-0.316127
-0.317293
-0.318233
-0.318942
-0.319396
-0.319628
-0.319679
-0.319588
-0.319381
-0.319103
-0.318802
-0.318499
-0.318202
-0.317936
-0.317728
-0.317572
-0.317472
-0.317426
-0.317422
-0.317462
-0.317537
-0.317649
-0.317789
-0.317956
-0.318146
-0.318367
-0.318614
-0.318902
-0.31927
-0.319729
-0.32029
-0.320957
-0.321765
-0.322673
-0.323691
-0.324781
-0.32592
-0.327078
-0.328226
-0.329324
-0.330347
-0.331235
-0.331944
-0.33242
-0.332578
-0.332329
-0.331606
-0.330365
-0.328608
-0.326425
-0.324009
-0.321679
-0.319786
-0.318721
-0.318781
-0.320136
-0.322758
-0.326453
-0.330887
-0.335737
-0.340685
-0.345499
-0.350055
-0.354292
-0.358254
-0.361987
-0.365554
-0.369005
-0.372393
-0.375744
-0.379026
-0.3822
-0.385199
-0.387952
-0.390354
-0.392265
-0.393523
-0.393964
-0.393363
-0.391544
-0.388385
-0.38384
-0.378097
-0.371553
-0.364839
-0.358608
-0.353527
-0.350108
-0.348747
-0.34974
-0.353235
-0.359107
-0.366885
-0.375781
-0.38476
-0.392816
-0.39905
-0.402837
-0.403874
-0.402193
-0.398197
-0.392686
-0.386747
-0.381548
-0.377942
-0.376278
-0.376335
-0.3775
-0.379104
-0.380605
-0.381687
-0.382265
-0.382527
-0.38288
-0.383762
-0.385505
-0.388102
-0.391233
-0.394311
-0.396743
-0.398077
-0.398085
-0.396779
-0.394432
-0.391456
-0.388386
-0.385811
-0.384224
-0.383922
-0.384942
-0.38709
-0.389951
-0.393054
-0.395976
-0.398348
-0.399997
-0.40083
-0.400895
-0.400323
-0.39934
-0.398213
-0.397253
-0.396752
-0.39694
-0.397927
-0.399725
-0.402161
-0.404999
-0.407891
-0.410513
-0.412515
-0.413579
-0.41343
-0.411828
-0.408626
-0.403796
-0.39759
-0.390597
-0.383753
-0.378231
-0.374987
-0.374385
-0.376069
-0.379164
-0.382738
-0.386137
-0.389089
-0.391619
-0.393884
-0.396084
-0.398324
-0.400614
-0.402871
-0.405005
-0.406915
-0.408495
-0.409687
-0.410446
-0.410748
-0.410584
-0.409977
-0.408919
-0.407414
-0.405452
-0.403057
-0.40027
-0.397152
-0.393874
-0.390663
-0.387792
-0.385623
-0.38441
-0.38432
-0.385309
-0.387138
-0.389457
-0.391851
-0.393907
-0.395313
-0.395821
-0.39534
-0.393834
-0.39144
-0.388447
-0.38524
-0.382308
-0.380069
-0.378841
-0.378737
-0.379641
-0.381357
-0.383617
-0.386191
-0.388871
-0.39155
-0.394107
-0.396459
-0.398498
-0.400117
-0.401214
-0.401723
-0.401567
-0.400751
-0.399306
-0.397322
-0.394978
-0.39252
-0.390229
-0.38836
-0.387116
-0.386531
-0.386484
-0.386724
-0.386898
-0.386635
-0.385687
-0.383868
-0.381137
-0.377631
-0.373633
-0.369592
-0.366034
-0.363502
-0.3624
-0.362865
-0.364723
-0.367477
-0.370559
-0.373426
-0.375768
-0.377483
-0.378742
-0.379832
-0.381039
-0.382565
-0.384444
-0.386515
-0.388522
-0.390189
-0.391257
-0.39156
-0.391001
-0.389568
-0.387375
-0.384617
-0.381536
-0.378441
-0.37565
-0.373424
-0.371921
-0.371167
-0.371089
-0.371526
-0.372261
-0.373109
-0.37387
-0.374412
-0.374683
-0.374728
-0.374706
-0.374786
-0.375235
-0.376227
-0.377833
-0.380012
-0.382578
-0.385308
-0.387934
-0.390197
-0.391884
-0.39282
-0.392849
-0.391929
-0.390097
-0.387578
-0.384774
-0.382174
-0.380258
-0.379331
-0.379364
-0.380041
-0.38088
-0.381405
-0.381367
-0.380763
-0.379883
-0.379169
-0.379123
-0.38015
-0.382416
-0.385819
-0.389978
-0.394368
-0.398448
-0.401756
-0.403984
-0.404989
-0.404812
-0.403667
-0.4019
-0.399982
-0.398426
-0.397743
-0.398268
-0.40017
-0.403365
-0.407586
-0.412459
-0.417575
-0.422572
-0.427174
-0.431174
-0.434468
-0.436993
-0.438723
-0.439672
-0.439841
-0.439251
-0.437931
-0.435923
-0.433314
-0.430246
-0.426941
-0.423685
-0.420807
-0.418626
-0.417437
-0.417408
-0.418592
-0.420888
-0.424101
-0.427967
-0.432231
-0.436619
-0.440926
-0.44499
-0.448711
-0.452038
-0.455002
-0.457676
-0.460146
-0.462526
-0.464928
-0.467399
-0.469973
-0.472592
-0.475186
-0.47765
-0.479911
-0.481935
-0.483776
-0.485564
-0.487506
-0.489777
-0.492487
-0.495601
-0.498892
-0.501943
-0.504271
-0.50533
-0.504693
-0.50218
-0.498057
-0.493203
-0.489102
-0.487423
-0.489348
-0.494874
-0.502819
-0.511454
-0.519248
-0.52518
-0.528802
-0.52998
-0.52881
-0.525422
-0.520084
-0.513128
-0.505048
-0.496625
-0.488781
-0.48251
-0.478615
-0.477496
-0.479035
-0.482739
-0.487977
-0.494135
-0.500543
-0.506267
-0.510036
-0.510692
-0.507902
-0.502833
-0.497957
-0.495763
-0.497062
-0.500504
-0.503775
-0.505128
-0.504127
-0.501417
-0.498147
-0.495484
-0.494233
-0.494578
-0.496157
-0.498323
-0.500557
-0.502638
-0.504724
-0.507075
-0.509861
-0.512968
-0.51602
-0.518553
-0.520217
-0.520997
-0.521184
-0.521271
-0.521717
-0.522778
-0.524511
-0.526759
-0.52929
-0.531845
-0.534172
-0.536045
-0.537242
-0.537613
-0.537057
-0.535523
-0.533013
-0.529608
-0.525417
-0.52061
-0.515404
-0.510041
-0.504818
-0.499971
-0.495718
-0.492137
-0.489231
-0.486888
-0.484874
-0.482914
-0.480699
-0.477955
-0.474462
-0.470077
-0.464784
-0.458694
-0.45201
-0.445089
-0.438426
-0.432639
-0.428338
-0.426044
-0.425947
-0.427869
-0.431319
-0.435625
-0.440083
-0.444123
-0.447358
-0.449569
-0.450791
-0.451186
-0.45105
-0.450716
-0.450465
-0.450503
-0.450871
-0.451509
-0.452265
-0.452975
-0.453491
-0.453708
-0.45358
-0.453115
-0.452332
-0.451285
-0.450048
-0.448684
-0.447249
-0.445804
-0.444378
-0.443019
-0.441717
-0.440474
-0.439297
-0.438165
-0.437049
-0.435939
-0.434797
-0.433558
-0.43221
-0.430697
-0.428982
-0.427016
-0.424744
-0.422117
-0.419122
-0.415747
-0.412019
-0.408043
-0.403971
-0.399959
-0.396094
-0.392302
-0.388327
-0.383769
-0.378314
-0.372032
-0.36572
-0.360894
-0.359253
-0.361826
-0.368274
-0.377069
-0.38636
-0.394737
-0.401481
-0.406485
-0.409982
-0.412363
-0.413982
-0.415172
-0.416191
-0.417215
-0.418358
-0.419692
-0.421225
-0.422923
-0.424734
-0.426551
-0.428279
-0.429817
-0.431069
-0.431962
-0.43242
-0.432386
-0.431822
-0.430669
-0.428926
-0.426567
-0.423605
-0.420045
-0.415868
-0.411049
-0.405535
-0.399322
-0.392464
-0.38528
-0.3784
-0.37277
-0.369451
-0.369239
-0.372308
-0.378139
-0.38574
-0.394035
-0.402203
-0.409711
-0.416295
-0.421896
-0.426556
-0.430362
-0.433428
-0.43587
-0.437792
-0.439273
-0.440388
-0.44117
-0.441648
-0.441827
-0.441675
-0.44115
-0.440176
-0.438651
-0.43651
-0.433681
-0.43017
-0.426095
-0.421717
-0.417463
-0.413835
-0.411242
-0.409902
-0.409725
-0.410303
-0.411121
-0.411643
-0.411516
-0.410601
-0.408957
-0.406752
-0.404256
-0.401777
-0.399601
-0.397955
-0.397036
-0.396938
-0.397684
-0.399257
-0.401539
-0.404389
-0.407631
-0.411092
-0.414617
-0.418027
-0.421209
-0.42407
-0.426538
-0.428608
-0.430273
-0.431599
-0.432654
-0.433511
-0.434246
-0.434949
-0.435651
-0.436392
-0.43715
-0.437902
-0.438562
-0.439037
-0.439209
-0.438952
-0.438157
-0.436702
-0.434518
-0.43155
-0.427773
-0.423213
-0.417973
-0.412187
-0.406073
-0.399922
-0.394064
-0.388842
-0.384602
-0.381617
-0.380042
-0.379889
-0.381033
-0.383268
-0.386314
-0.389919
-0.393905
-0.398139
-0.402541
-0.407024
-0.411479
-0.415765
-0.419692
-0.42311
-0.42586
-0.427843
-0.429025
-0.42945
-0.42918
-0.428337
-0.427062
-0.425518
-0.423841
-0.422161
-0.420538
-0.418966
-0.417389
-0.415658
-0.413621
-0.411122
-0.408095
-0.40466
-0.401118
-0.39794
-0.395659
-0.394746
-0.395423
-0.397603
-0.400997
-0.405175
-0.409754
-0.414355
-0.418745
-0.422738
-0.426211
-0.429108
-0.43143
-0.433232
-0.434565
-0.435534
-0.436209
-0.436679
-0.436984
-0.437162
-0.437228
-0.437183
-0.437025
-0.436761
-0.436406
-0.436012
-0.435642
-0.435421
-0.435424
-0.435717
-0.436287
-0.4371
-0.438052
-0.43899
-0.439789
-0.440341
-0.440597
-0.440572
-0.440332
-0.439919
-0.439362
-0.438649
-0.437725
-0.436533
-0.435034
-0.43323
-0.431169
-0.428914
-0.426627
-0.424551
-0.423101
-0.422741
-0.423888
-0.426733
-0.431106
-0.436553
-0.442486
-0.448359
-0.453818
-0.458683
-0.462917
-0.466563
-0.469699
-0.472376
-0.474624
-0.476414
-0.477727
-0.478479
-0.478597
-0.477998
-0.476592
-0.474374
-0.471354
-0.467666
-0.463545
-0.459365
-0.455505
-0.45242
-0.450441
-0.449737
-0.450285
-0.451884
-0.454158
-0.456693
-0.459084
-0.460986
-0.462179
-0.462504
-0.461867
-0.460258
-0.457742
-0.454433
-0.450581
-0.446569
-0.442946
-0.440259
-0.439004
-0.439346
-0.441095
-0.44379
-0.446825
-0.449642
-0.451844
-0.453233
-0.453751
-0.453444
-0.452395
-0.45073
-0.448539
-0.445925
-0.442979
-0.439803
-0.436501
-0.433177
-0.429963
-0.426989
-0.424406
-0.422346
-0.420894
-0.42013
-0.420062
-0.420661
-0.42184
-0.423475
-0.425436
-0.42758
-0.429747
-0.431856
-0.433775
-0.435434
-0.436774
-0.437739
-0.438302
-0.438402
-0.437981
-0.437021
-0.435461
-0.433253
-0.430372
-0.426833
-0.422689
-0.418078
-0.413192
-0.408327
-0.403843
-0.40013
-0.397541
-0.39634
-0.396594
-0.398231
-0.400962
-0.404401
-0.408046
-0.411386
-0.413938
-0.41521
-0.414764
-0.412221
-0.407388
-0.400447
-0.39222
-0.384273
-0.378695
-0.377205
-0.38028
-0.38687
-0.395073
-0.403096
-0.409834
-0.414906
-0.418414
-0.420644
-0.421961
-0.422648
-0.422923
-0.422926
-0.422754
-0.422407
-0.421888
-0.421196
-0.420312
-0.419208
-0.417862
-0.416271
-0.41441
-0.412219
-0.409592
-0.406394
-0.402396
-0.397334
-0.390983
-0.383334
-0.374836
-0.366609
-0.360407
-0.358054
-0.360541
-0.367469
-0.377312
-0.388322
-0.39916
-0.409099
-0.417879
-0.42545
-0.431799
-0.436931
-0.440839
-0.443492
-0.444886
-0.445025
-0.443907
-0.441585
-0.438088
-0.433498
-0.427982
-0.421738
-0.415129
-0.408555
-0.402492
-0.397381
-0.39348
-0.390828
-0.389244
-0.388467
-0.388307
-0.388765
-0.390107
-0.392676
-0.396678
-0.402028
-0.408334
-0.415005
-0.421471
-0.427325
-0.432306
-0.436284
-0.43923
-0.441177
-0.442234
-0.442571
-0.442408
-0.442049
-0.441738
-0.441675
-0.441928
-0.442424
-0.442927
-0.44318
-0.442857
-0.441709
-0.43951
-0.436098
-0.431433
-0.425557
-0.41862
-0.410914
-0.402885
-0.395078
-0.388133
-0.382678
-0.379191
-0.377906
-0.378717
-0.381144
-0.384492
-0.388035
-0.391158
-0.39353
-0.3951
-0.396012
-0.396548
-0.397014
-0.397681
-0.398779
-0.400446
-0.402765
-0.405686
-0.409076
-0.412742
-0.416433
-0.419903
-0.422935
-0.425372
-0.427126
-0.428167
-0.42849
-0.428151
-0.427226
-0.425804
-0.423982
-0.42188
-0.419608
-0.417293
-0.415035
-0.412913
-0.411
-0.409378
-0.408112
-0.407306
-0.40708
-0.407529
-0.408748
-0.410755
-0.413478
-0.416781
-0.420446
-0.424241
-0.427918
-0.431247
-0.434006
-0.436007
-0.437045
-0.436966
-0.435638
-0.432935
-0.428802
-0.423327
-0.416718
-0.409348
-0.401818
-0.394859
-0.389232
-0.385524
-0.383935
-0.384139
-0.385493
-0.387359
-0.389362
-0.391486
-0.393881
-0.396635
-0.399674
-0.402731
-0.405519
-0.407773
-0.409293
-0.410061
-0.410119
-0.409608
-0.40873
-0.407741
-0.406917
-0.406524
-0.40678
-0.407838
-0.409748
-0.412462
-0.415821
-0.419575
-0.423358
-0.426771
-0.429321
-0.430557
-0.430017
-0.427432
-0.422833
-0.416883
-0.410945
-0.406863
-0.40613
-0.409129
-0.414902
-0.421782
-0.428276
-0.4336
-0.437644
-0.440701
-0.443188
-0.44544
-0.447607
-0.449714
-0.451657
-0.453293
-0.45447
-0.455047
-0.454908
-0.453923
-0.451978
-0.448959
-0.444768
-0.439355
-0.432796
-0.425347
-0.417492
-0.40992
-0.403483
-0.398987
-0.397049
-0.39795
-0.401568
-0.4074
-0.414653
-0.422444
-0.430007
-0.436777
-0.442439
-0.446929
-0.450265
-0.45258
-0.454017
-0.454711
-0.454717
-0.454105
-0.452899
-0.451124
-0.448856
-0.446225
-0.443485
-0.440912
-0.438814
-0.437407
-0.436743
-0.436682
-0.436889
-0.436927
-0.436323
-0.434648
-0.431573
-0.426971
-0.421037
-0.414362
-0.408006
-0.403284
-0.401366
-0.402798
-0.407297
-0.413917
-0.421485
-0.428951
-0.435617
-0.441064
-0.445083
-0.447578
-0.448509
-0.44787
-0.445655
-0.441876
-0.436654
-0.430194
-0.422862
-0.415189
-0.407777
-0.401242
-0.396069
-0.392481
-0.390479
-0.389887
-0.390477
-0.392024
-0.394352
-0.397304
-0.400698
-0.404392
-0.408207
-0.411973
-0.415529
-0.418717
-0.421414
-0.423512
-0.424945
-0.425671
-0.425688
-0.425028
-0.423766
-0.421958
-0.419717
-0.417126
-0.414258
-0.411199
-0.407991
-0.404664
-0.401229
-0.397701
-0.39408
-0.390409
-0.386816
-0.383473
-0.380625
-0.378552
-0.377502
-0.377612
-0.378831
-0.380961
-0.383714
-0.386737
-0.38973
-0.392482
-0.39487
-0.396849
-0.398404
-0.399566
-0.400382
-0.400907
-0.401156
-0.401183
-0.400975
-0.400539
-0.399833
-0.398835
-0.397487
-0.395731
-0.393495
-0.390682
-0.38721
-0.383001
-0.37795
-0.371968
-0.364994
-0.357023
-0.34825
-0.339215
-0.331045
-0.325448
-0.324273
-0.328605
-0.338034
-0.35078
-0.3646
-0.377647
-0.388881
-0.39798
-0.405052
-0.410371
-0.414276
-0.417068
-0.418997
-0.420252
-0.420985
-0.421289
-0.421246
-0.420882
-0.420242
-0.419352
-0.418214
-0.41686
-0.415275
-0.413454
-0.411345
-0.408899
-0.405995
-0.402509
-0.398342
-0.393455
-0.387926
-0.382039
-0.376216
-0.371016
-0.366989
-0.364522
-0.36381
-0.364842
-0.367472
-0.371464
-0.376565
-0.382442
-0.388694
-0.39491
-0.400647
-0.405459
-0.408968
-0.410817
-0.410747
-0.408543
-0.404122
-0.397552
-0.389185
-0.379724
-0.370239
-0.362046
-0.356428
-0.354299
-0.355947
-0.360934
-0.368311
-0.376894
-0.385584
-0.393511
-0.400131
-0.405217
-0.408749
-0.41087
-0.411763
-0.411642
-0.410729
-0.409184
-0.407143
-0.404734
-0.402059
-0.399171
-0.396132
-0.392976
-0.389725
-0.386422
-0.383074
-0.379717
-0.37638
-0.373069
-0.369827
-0.366676
-0.363644
-0.360735
-0.357973
-0.355386
-0.353086
-0.351224
-0.350005
-0.349654
-0.350341
-0.352137
-0.354939
-0.358519
-0.362541
-0.366652
-0.370552
-0.374011
-0.376875
-0.379104
-0.38067
-0.381605
-0.381972
-0.381854
-0.381319
-0.380429
-0.379252
-0.377806
-0.376123
-0.374164
-0.371936
-0.369414
-0.366597
-0.363535
-0.360307
-0.357037
-0.353889
-0.351062
-0.348743
-0.347151
-0.346441
-0.346704
-0.347912
-0.349894
-0.352396
-0.355134
-0.357848
-0.36039
-0.362691
-0.364749
-0.366599
-0.368332
-0.369982
-0.3716
-0.37321
-0.374807
-0.376399
-0.377982
-0.379582
-0.381196
-0.38279
-0.384391
-0.385956
-0.387463
-0.388849
-0.390076
-0.391094
-0.391884
-0.392387
-0.392616
-0.392582
-0.39233
-0.39195
-0.391555
-0.391299
-0.391312
-0.391694
-0.392497
-0.393684
-0.395114
-0.396566
-0.397767
-0.39843
-0.398236
-0.396958
-0.394417
-0.390592
-0.385728
-0.38033
-0.37523
-0.371356
-0.369458
-0.369805
-0.372088
-0.375534
-0.37933
-0.382827
-0.385632
-0.387648
-0.388966
-0.38976
-0.390272
-0.390761
-0.391469
-0.392646
-0.3944
-0.396781
-0.399681
-0.402847
-0.406022
-0.408927
-0.411327
-0.413062
-0.414041
-0.414264
-0.413804
-0.412746
-0.411271
-0.40955
-0.407795
-0.406194
-0.404883
-0.40397
-0.403455
-0.403305
-0.403422
-0.403672
-0.403928
-0.404044
-0.403946
-0.403571
-0.402885
-0.401906
-0.400744
-0.399541
-0.398473
-0.397753
-0.397544
-0.397947
-0.39898
-0.400576
-0.402604
-0.404912
-0.407346
-0.409803
-0.412184
-0.414454
-0.416554
-0.418451
-0.420139
-0.421581
-0.422753
-0.423655
-0.424278
-0.424623
-0.424684
-0.424477
-0.424001
-0.423249
-0.422201
-0.420862
-0.41924
-0.417397
-0.415418
-0.413458
-0.411679
-0.410229
-0.409222
-0.408722
-0.408724
-0.409147
-0.409903
-0.410831
-0.411813
-0.412739
-0.413449
-0.413789
-0.413565
-0.412581
-0.4106
-0.407416
-0.402829
-0.396717
-0.38907
-0.380023
-0.369911
-0.359291
-0.348947
-0.339782
-0.332761
-0.328681
-0.32807
-0.331028
-0.337236
-0.345962
-0.356209
-0.366857
-0.376857
-0.385318
-0.391594
-0.395262
-0.396171
-0.394355
-0.390051
-0.383665
-0.375802
-0.367247
-0.358863
-0.351515
-0.345902
-0.342535
-0.341661
-0.3432
-0.346848
-0.35207
-0.35827
-0.364774
-0.371093
-0.376853
-0.381863
-0.386015
-0.38933
-0.391874
-0.393721
-0.394975
-0.395735
-0.396029
-0.395936
-0.395497
-0.394749
-0.393724
-0.392454
-0.390935
-0.389195
-0.387245
-0.385057
-0.382631
-0.37987
-0.37666
-0.372846
-0.36826
-0.362757
-0.356339
-0.349209
-0.341933
-0.335352
-0.330387
-0.327694
-0.327343
-0.32877
-0.331069
-0.333296
-0.334819
-0.335323
-0.334855
-0.333657
-0.332113
-0.33069
-0.329848
-0.32997
-0.331295
-0.33382
-0.337333
-0.34142
-0.34554
-0.349122
-0.351668
-0.352812
-0.352373
-0.35035
-0.347037
-0.342955
-0.338867
-0.335618
-0.333918
-0.334105
-0.336061
-0.339288
-0.343128
-0.346896
-0.349993
-0.351983
-0.352483
-0.35112
-0.347581
-0.341691
-0.333616
-0.324171
-0.315031
-0.308444
-0.306326
-0.309265
-0.316084
-0.324664
-0.333012
-0.339914
-0.344954
-0.348209
-0.349981
-0.350651
-0.350507
-0.349794
-0.348701
-0.347352
-0.345842
-0.344242
-0.342582
-0.340932
-0.339296
-0.337753
-0.336319
-0.335049
-0.33398
-0.333144
-0.332583
-0.332345
-0.332491
-0.333087
-0.334183
-0.33575
-0.337647
-0.339555
-0.340969
-0.341266
-0.339876
-0.336451
-0.33122
-0.325274
-0.320539
-0.319156
-0.322354
-0.32962
-0.339033
-0.348377
-0.356005
-0.361097
-0.36347
-0.363292
-0.36086
-0.356516
-0.350626
-0.343697
-0.336385
-0.329588
-0.324383
-0.321774
-0.32238
-0.326193
-0.332559
-0.340418
-0.348681
-0.356508
-0.363342
-0.368992
-0.373399
-0.3767
-0.37909
-0.380801
-0.382039
-0.382964
-0.383686
-0.384239
-0.384536
-0.384446
-0.383754
-0.38224
-0.37972
-0.376091
-0.371463
-0.366233
-0.361041
-0.356711
-0.353962
-0.353115
-0.354011
-0.356153
-0.359008
-0.362171
-0.365534
-0.369115
-0.373006
-0.377258
-0.381774
-0.386381
-0.390806
-0.394778
-0.398074
-0.400517
-0.402067
-0.402771
-0.402781
-0.402315
-0.401605
-0.400901
-0.400392
-0.400173
-0.400205
-0.400447
-0.400799
-0.401206
-0.401706
-0.402395
-0.403425
-0.404892
-0.406824
-0.409096
-0.411467
-0.413587
-0.415058
-0.415508
-0.414668
-0.412414
-0.408812
-0.404171
-0.399083
-0.394293
-0.390586
-0.388481
-0.387917
-0.388211
-0.388299
-0.38724
-0.384585
-0.380665
-0.376337
-0.372583
-0.37
-0.368555
-0.367752
-0.367076
-0.366266
-0.365434
-0.36494
-0.365272
-0.366836
-0.369813
-0.37407
-0.379196
-0.384652
-0.389888
-0.394505
-0.398235
-0.400986
-0.402755
-0.403599
-0.403649
-0.402954
-0.401576
-0.399499
-0.396678
-0.393002
-0.388358
-0.38263
-0.375728
-0.36767
-0.358647
-0.349076
-0.33963
-0.331169
-0.324624
-0.320731
-0.319776
-0.321529
-0.325369
-0.33051
-0.33621
-0.341918
-0.347278
-0.352068
-0.356179
-0.359564
-0.362216
-0.364167
-0.365471
-0.366198
-0.366391
-0.36613
-0.365431
-0.364324
-0.362817
-0.360897
-0.358537
-0.355708
-0.352353
-0.348445
-0.34399
-0.339058
-0.333812
-0.328515
-0.323549
-0.319341
-0.316248
-0.31453
-0.314163
-0.314944
-0.31647
-0.318304
-0.320057
-0.32146
-0.322321
-0.322572
-0.322202
-0.321227
-0.319718
-0.317782
-0.315597
-0.313406
-0.31151
-0.31024
-0.309907
-0.31069
-0.312603
-0.315452
-0.31891
-0.322632
-0.326283
-0.329616
-0.332476
-0.334791
-0.336529
-0.337718
-0.338368
-0.338527
-0.338197
-0.337382
-0.336083
-0.334289
-0.331996
-0.329207
-0.325952
-0.322302
-0.318312
-0.31411
-0.309849
-0.305757
-0.302139
-0.299393
-0.29796
-0.298203
-0.300235
-0.303871
-0.308637
-0.313872
-0.318968
-0.323472
-0.327132
-0.329868
-0.331744
-0.332928
-0.333598
-0.333971
-0.33423
-0.33455
-0.335032
-0.335725
-0.336645
-0.337759
-0.338995
-0.340263
-0.341464
-0.342537
-0.343406
-0.344029
-0.344397
-0.34451
-0.344394
-0.344076
-0.343624
-0.343105
-0.342596
-0.342174
-0.341894
-0.341796
-0.34189
-0.342166
-0.342574
-0.343064
-0.343579
-0.344037
-0.344398
-0.344605
-0.344634
-0.344439
-0.344024
-0.343394
-0.342581
-0.341623
-0.340578
-0.339567
-0.338687
-0.338094
-0.337914
-0.338279
-0.339303
-0.341009
-0.343394
-0.346356
-0.349759
-0.353398
-0.357079
-0.360596
-0.363761
-0.366395
-0.36836
-0.369538
-0.369824
-0.369158
-0.36751
-0.364948
-0.361601
-0.357745
-0.353757
-0.350097
-0.347192
-0.345367
-0.344702
-0.345065
-0.346162
-0.347644
-0.349156
-0.350464
-0.351411
-0.35192
-0.351998
-0.351703
-0.35113
-0.350404
-0.349692
-0.34915
-0.348912
-0.349087
-0.349701
-0.350716
-0.352018
-0.353407
-0.35466
-0.355588
-0.355983
-0.355729
-0.354788
-0.35327
-0.351405
-0.349495
-0.347915
-0.346911
-0.3466
-0.346874
-0.347474
-0.348103
-0.348523
-0.348636
-0.348523
-0.34841
-0.348574
-0.34928
-0.350695
-0.352846
-0.355619
-0.358847
-0.362303
-0.36579
-0.36912
-0.372149
-0.374801
-0.377005
-0.37872
-0.379897
-0.380487
-0.380435
-0.37966
-0.378107
-0.375747
-0.372613
-0.368895
-0.364913
-0.361195
-0.35836
-0.356933
-0.35712
-0.358673
-0.3609
-0.362862
-0.363587
-0.362331
-0.358786
-0.353371
-0.347357
-0.34275
-0.341607
-0.345027
-0.352523
-0.362372
-0.372566
-0.38159
-0.388641
-0.393498
-0.39622
-0.397022
-0.396186
-0.393972
-0.390669
-0.386555
-0.381869
-0.376784
-0.371434
-0.365927
-0.360424
-0.355203
-0.350681
-0.347321
-0.345541
-0.3455
-0.347027
-0.349678
-0.352899
-0.356182
-0.359196
-0.361817
-0.364074
-0.366153
-0.368226
-0.370448
-0.372882
-0.375532
-0.378296
-0.381039
-0.383628
-0.385939
-0.387916
-0.389501
-0.390713
-0.391569
-0.392107
-0.392327
-0.392193
-0.391659
-0.390608
-0.388919
-0.386482
-0.383206
-0.379091
-0.374288
-0.369179
-0.364365
-0.360578
-0.358475
-0.358389
-0.360173
-0.363293
-0.366992
-0.370563
-0.37349
-0.375501
-0.376512
-0.376566
-0.375758
-0.374232
-0.372139
-0.369629
-0.366851
-0.363941
-0.361029
-0.358207
-0.355584
-0.35323
-0.351214
-0.34959
-0.348422
-0.347782
-0.347751
-0.348418
-0.349843
-0.352061
-0.354983
-0.358439
-0.362184
-0.365929
-0.369391
-0.372386
-0.374814
-0.376664
-0.378036
-0.378994
-0.379614
-0.379851
-0.379555
-0.378501
-0.376449
-0.373254
-0.368959
-0.363911
-0.358816
-0.354621
-0.352257
-0.352295
-0.354804
-0.359329
-0.365112
-0.371329
-0.377287
-0.38251
-0.386706
-0.389765
-0.391609
-0.392252
-0.391704
-0.389987
-0.387132
-0.383189
-0.378248
-0.372458
-0.366067
-0.359407
-0.352903
-0.347051
-0.342357
-0.33927
-0.33804
-0.338721
-0.341139
-0.344907
-0.34953
-0.35453
-0.359474
-0.364086
-0.3682
-0.371714
-0.374634
-0.376982
-0.378813
-0.380188
-0.381144
-0.381743
-0.381985
-0.381884
-0.381426
-0.380555
-0.379228
-0.37734
-0.374805
-0.371511
-0.367422
-0.362562
-0.357092
-0.35139
-0.345998
-0.341578
-0.338751
-0.337855
-0.338844
-0.341304
-0.344661
-0.348373
-0.351985
-0.35525
-0.358025
-0.360274
-0.361958
-0.363097
-0.363663
-0.363634
-0.362987
-0.36171
-0.359826
-0.35737
-0.354487
-0.351383
-0.348329
-0.345622
-0.343523
-0.342164
-0.341514
-0.341345
-0.341326
-0.341081
-0.34033
-0.338951
-0.337041
-0.334913
-0.333043
-0.331972
-0.332136
-0.33376
-0.336793
-0.340936
-0.345802
-0.350992
-0.356195
-0.361194
-0.365842
-0.370088
-0.373871
-0.3772
-0.380092
-0.382532
-0.384522
-0.386085
-0.387166
-0.387779
-0.387873
-0.387448
-0.386446
-0.384845
-0.382613
-0.379702
-0.376073
-0.371623
-0.366268
-0.359946
-0.352653
-0.344526
-0.335946
-0.327528
-0.320106
-0.314578
-0.311714
-0.311952
-0.315367
-0.321656
-0.33022
-0.340201
-0.350719
-0.360925
-0.370209
-0.378212
-0.384818
-0.3901
-0.394215
-0.397386
-0.399789
-0.401597
-0.402913
-0.403791
-0.404245
-0.404275
-0.403831
-0.402849
-0.401309
-0.399174
-0.396465
-0.393234
-0.389589
-0.385713
-0.381866
-0.378349
-0.375446
-0.373426
-0.372479
-0.372667
-0.373944
-0.376149
-0.379057
-0.382405
-0.385932
-0.389375
-0.392486
-0.395005
-0.396682
-0.397257
-0.396469
-0.394041
-0.389828
-0.383809
-0.376233
-0.367668
-0.359058
-0.351613
-0.346585
-0.344924
-0.346973
-0.352408
-0.360233
-0.369223
-0.378161
-0.386191
-0.392781
-0.397771
-0.40124
-0.403411
-0.40458
-0.405055
-0.405134
-0.405066
-0.405021
-0.40514
-0.405449
-0.405979
-0.406664
-0.40747
-0.408336
-0.409219
-0.410053
-0.41079
-0.411392
-0.411818
-0.412061
-0.412059
-0.411758
-0.411066
-0.409822
-0.407852
-0.404921
-0.400746
-0.395053
-0.387691
-0.378746
-0.368665
-0.358346
-0.34903
-0.342076
-0.338523
-0.33885
-0.34296
-0.350352
-0.360311
-0.371917
-0.384144
-0.395949
-0.406487
-0.415232
-0.422001
-0.426879
-0.430083
-0.431866
-0.432501
-0.43221
-0.431143
-0.429451
-0.427237
-0.42464
-0.42181
-0.418947
-0.416254
-0.413923
-0.412108
-0.410867
-0.410183
-0.409967
-0.410147
-0.410672
-0.411518
-0.412737
-0.414381
-0.416455
-0.418895
-0.421612
-0.424419
-0.427165
-0.429682
-0.431868
-0.433676
-0.435132
-0.436304
-0.437305
-0.438197
-0.439013
-0.439659
-0.439987
-0.439705
-0.438438
-0.435781
-0.431344
-0.424862
-0.416271
-0.406016
-0.395102
-0.385138
-0.378009
-0.375173
-0.377099
-0.383167
-0.392179
-0.402871
-0.414167
-0.425111
-0.434836
-0.442717
-0.44842
-0.451957
-0.453611
-0.453791
-0.452939
-0.451372
-0.44916
-0.446159
-0.441959
-0.436015
-0.427865
-0.417549
-0.406077
-0.39566
-0.389
-0.38794
-0.392249
-0.399992
-0.408962
-0.417744
-0.425948
-0.433707
-0.441173
-0.448307
-0.454776
-0.460037
-0.463489
-0.464582
-0.462993
-0.458693
-0.4521
-0.444132
-0.436164
-0.429713
-0.426051
-0.425826
-0.428864
-0.434406
-0.441354
-0.448652
-0.455451
-0.46113
-0.465374
-0.468056
-0.469207
-0.468964
-0.46749
-0.464967
-0.4616
-0.457618
-0.453304
-0.449025
-0.445208
-0.442282
-0.44053
-0.440041
-0.440588
-0.441682
-0.442761
-0.443229
-0.442623
-0.440664
-0.437275
-0.432601
-0.427081
-0.421376
-0.416345
-0.412825
-0.411343
-0.411973
-0.414297
-0.417624
-0.421228
-0.424573
-0.427349
-0.429469
-0.430965
-0.431956
-0.432574
-0.432923
-0.43312
-0.4332
-0.433189
-0.433064
-0.432789
-0.432287
-0.431487
-0.430277
-0.428584
-0.426319
-0.423492
-0.420098
-0.416252
-0.412079
-0.407752
-0.403461
-0.39935
-0.395492
-0.39186
-0.388373
-0.384935
-0.381539
-0.37837
-0.375873
-0.374757
-0.375696
-0.379089
-0.384746
-0.391984
-0.399811
-0.407293
-0.413755
-0.418797
-0.422306
-0.424252
-0.42471
-0.42376
-0.42146
-0.417858
-0.413003
-0.40702
-0.400169
-0.392905
-0.385981
-0.380302
-0.376753
-0.375811
-0.377369
-0.380712
-0.38487
-0.388931
-0.392204
-0.394407
-0.395507
-0.39565
-0.395107
-0.394188
-0.393176
-0.392325
-0.39181
-0.391766
-0.39227
-0.393304
-0.394752
-0.396365
-0.397877
-0.399008
-0.399614
-0.399753
-0.399643
-0.399618
-0.400037
-0.401104
-0.402761
-0.404724
-0.406569
-0.407855
-0.408221
-0.407457
-0.405532
-0.40264
-0.399115
-0.395481
-0.392312
-0.390126
-0.38921
-0.389547
-0.390839
-0.39261
-0.394386
-0.395845
-0.396794
-0.397244
-0.397283
-0.397117
-0.39691
-0.396844
-0.397027
-0.397529
-0.398343
-0.399415
-0.400699
-0.402122
-0.403643
-0.405178
-0.406674
-0.408051
-0.409263
-0.410214
-0.410856
-0.411121
-0.410955
-0.410308
-0.409143
-0.407412
-0.405044
-0.402018
-0.398297
-0.393915
-0.389001
-0.383801
-0.378717
-0.374212
-0.370738
-0.368552
-0.367702
-0.368032
-0.369141
-0.370617
-0.372089
-0.373375
-0.374574
-0.375997
-0.378075
-0.38118
-0.385396
-0.390467
-0.395885
-0.401037
-0.405395
-0.408597
-0.410475
-0.411011
-0.410281
-0.408454
-0.405717
-0.402356
-0.398684
-0.395069
-0.39187
-0.389447
-0.388072
-0.387875
-0.388848
-0.390841
-0.393573
-0.396709
-0.39991
-0.402877
-0.405418
-0.407482
-0.40916
-0.410639
-0.412142
-0.413826
-0.415717
-0.417707
-0.419558
-0.420994
-0.421782
-0.421821
-0.421137
-0.419948
-0.418587
-0.417447
-0.416926
-0.417281
-0.418571
-0.420599
-0.423063
-0.425559
-0.427717
-0.429231
-0.429903
-0.42965
-0.428483
-0.426481
-0.423789
-0.420614
-0.417132
-0.413525
-0.40992
-0.406413
-0.403099
-0.400052
-0.397386
-0.395231
-0.393702
-0.392918
-0.392935
-0.393768
-0.395404
-0.397711
-0.400511
-0.403486
-0.406285
-0.408554
-0.409993
-0.410444
-0.409822
-0.408148
-0.405514
-0.402136
-0.3983
-0.394355
-0.390717
-0.387793
-0.385911
-0.385274
-0.385903
-0.387621
-0.390139
-0.393107
-0.39616
-0.399
-0.401424
-0.403256
-0.404391
-0.404762
-0.404363
-0.403199
-0.401321
-0.39882
-0.395814
-0.392509
-0.389123
-0.385885
-0.382983
-0.380566
-0.378684
-0.377314
-0.376321
-0.375545
-0.374884
-0.374194
-0.373437
-0.372617
-0.371766
-0.370935
-0.370207
-0.369629
-0.369265
-0.369107
-0.36915
-0.369355
-0.369629
-0.369908
-0.37008
-0.37004
-0.369677
-0.368884
-0.367573
-0.365709
-0.363279
-0.36036
-0.357105
-0.353792
-0.350733
-0.34823
-0.346564
-0.345841
-0.346003
-0.346841
-0.348074
-0.34939
-0.350539
-0.351348
-0.35172
-0.351574
-0.350924
-0.349773
-0.348134
-0.346067
-0.343632
-0.340933
-0.338103
-0.335348
-0.33286
-0.330856
-0.329491
-0.328827
-0.328833
-0.329397
-0.33036
-0.331547
-0.332844
-0.334198
-0.335571
-0.33699
-0.338466
-0.340034
-0.341698
-0.343441
-0.345236
-0.347053
-0.348862
-0.350619
-0.35229
-0.353846
-0.355269
-0.356484
-0.357432
-0.358034
-0.358189
-0.357798
-0.356783
-0.355116
-0.352813
-0.350015
-0.346956
-0.34398
-0.341497
-0.33985
-0.339273
-0.339775
-0.341195
-0.343231
-0.345579
-0.347953
-0.350201
-0.352255
-0.354117
-0.35582
-0.357404
-0.358915
-0.360379
-0.361799
-0.363179
-0.364524
-0.36582
-0.367053
-0.368201
-0.369243
-0.370134
-0.370849
-0.371322
-0.371479
-0.37124
-0.37052
-0.369233
-0.367325
-0.364772
-0.361571
-0.357789
-0.353505
-0.348859
-0.343947
-0.338923
-0.333975
-0.32939
-0.325587
-0.323089
-0.322411
-0.323885
-0.327537
-0.333042
-0.339836
-0.347231
-0.354652
-0.361659
-0.367987
-0.373515
-0.378254
-0.382238
-0.385547
-0.388272
-0.390474
-0.392203
-0.393512
-0.39444
-0.39499
-0.395149
-0.394895
-0.394197
-0.392966
-0.391119
-0.388588
-0.385279
-0.381128
-0.376135
-0.370399
-0.364147
-0.357748
-0.351673
-0.346433
-0.342439
-0.339928
-0.338919
-0.339231
-0.34058
-0.342623
-0.34502
-0.347491
-0.349846
-0.35203
-0.354097
-0.356174
-0.358411
-0.360921
-0.363744
-0.366773
-0.369799
-0.372485
-0.374465
-0.375418
-0.375165
-0.373693
-0.371212
-0.368119
-0.364945
-0.362216
-0.36034
-0.359488
-0.359662
-0.360693
-0.362426
-0.364685
-0.367356
-0.370231
-0.37306
-0.375499
-0.37722
-0.378048
-0.378018
-0.377414
-0.376735
-0.376499
-0.37711
-0.378678
-0.381017
-0.383732
-0.386339
-0.388459
-0.389791
-0.390173
-0.389503
-0.38769
-0.384616
-0.38016
-0.374123
-0.366407
-0.356973
-0.34603
-0.334128
-0.322252
-0.311733
-0.303983
-0.300059
-0.300263
-0.304066
-0.310377
-0.317977
-0.325855
-0.33333
-0.340075
-0.345946
-0.350959
-0.355192
-0.358743
-0.361704
-0.364172
-0.366216
-0.367867
-0.369147
-0.370042
-0.370532
-0.370598
-0.370143
-0.369106
-0.367378
-0.364844
-0.361388
-0.356919
-0.351437
-0.344995
-0.337795
-0.330164
-0.32251
-0.315303
-0.309074
-0.304303
-0.301411
-0.300669
-0.302171
-0.305699
-0.310813
-0.316951
-0.32355
-0.330109
-0.336274
-0.341791
-0.346512
-0.350348
-0.353298
-0.355373
-0.356646
-0.357203
-0.357136
-0.356532
-0.355512
-0.354173
-0.352599
-0.350854
-0.349012
-0.347128
-0.345251
-0.34342
-0.341671
-0.340019
-0.33849
-0.337096
-0.335873
-0.334848
-0.334083
-0.333653
-0.333634
-0.334106
-0.335109
-0.336636
-0.338599
-0.340861
-0.343171
-0.345263
-0.346779
-0.347372
-0.346677
-0.344385
-0.340349
-0.33466
-0.327821
-0.320656
-0.314205
-0.309284
-0.306163
-0.304579
-0.304006
-0.30409
-0.304819
-0.306428
-0.309201
-0.313247
-0.318432
-0.324459
-0.330963
-0.337582
-0.343986
-0.349886
-0.355067
-0.359358
-0.362674
-0.364968
-0.366226
-0.366489
-0.365854
-0.36443
-0.36237
-0.359817
-0.356909
-0.353771
-0.350482
-0.347051
-0.343433
-0.339533
-0.335256
-0.330559
-0.325569
-0.320678
-0.316566
-0.31411
-0.314099
-0.316896
-0.322221
-0.32929
-0.337038
-0.344537
-0.351127
-0.356481
-0.360486
-0.363212
-0.364781
-0.365366
-0.365122
-0.3642
-0.362738
-0.360867
-0.358707
-0.356418
-0.354096
-0.351861
-0.349815
-0.348038
-0.346589
-0.345484
-0.344716
-0.344235
-0.344009
-0.343941
-0.343973
-0.344045
-0.344098
-0.344138
-0.344128
-0.344069
-0.343952
-0.343788
-0.343575
-0.343323
-0.343002
-0.342644
-0.342242
-0.341803
-0.341349
-0.34091
-0.340529
-0.340268
-0.340144
-0.340204
-0.340432
-0.340842
-0.341394
-0.342068
-0.342809
-0.343534
-0.344193
-0.344698
-0.344978
-0.344901
-0.344313
-0.34301
-0.340708
-0.337089
-0.331795
-0.324583
-0.315538
-0.305398
-0.295797
-0.289042
-0.287231
-0.291064
-0.299372
-0.309837
-0.320218
-0.329028
-0.335672
-0.340089
-0.342485
-0.343142
-0.342379
-0.340544
-0.338035
-0.335334
-0.332961
-0.331388
-0.330885
-0.33148
-0.332922
-0.334832
-0.336846
-0.338661
-0.340072
-0.340967
-0.341176
-0.340493
-0.33862
-0.335285
-0.330349
-0.323946
-0.316679
-0.309662
-0.304327
-0.301959
-0.303116
-0.307362
-0.313501
-0.320082
-0.325944
-0.330353
-0.333042
-0.334039
-0.333584
-0.331955
-0.329511
-0.326661
-0.323903
-0.32184
-0.321148
-0.322353
-0.325615
-0.33068
-0.336904
-0.343481
-0.349717
-0.355108
-0.35939
-0.362529
-0.364553
-0.36558
-0.365735
-0.365155
-0.36398
-0.362382
-0.360534
-0.358607
-0.356721
-0.354971
-0.353377
-0.351846
-0.350212
-0.348316
-0.346014
-0.343329
-0.340455
-0.337787
-0.335815
-0.335004
-0.335624
-0.337614
-0.340648
-0.344269
-0.348008
-0.351519
-0.354608
-0.35719
-0.359227
-0.360681
-0.361484
-0.361525
-0.3607
-0.358885
-0.356043
-0.352292
-0.347901
-0.343437
-0.339635
-0.337218
-0.336672
-0.338037
-0.340893
-0.344593
-0.348467
-0.35203
-0.355022
-0.357401
-0.359244
-0.360702
-0.361939
-0.36304
-0.36408
-0.365103
-0.366065
-0.366931
-0.367616
-0.368024
-0.368048
-0.367569
-0.366476
-0.364605
-0.36181
-0.357959
-0.352967
-0.346864
-0.339814
-0.332209
-0.324635
-0.317853
-0.312638
-0.309602
-0.309047
-0.310916
-0.314802
-0.320148
-0.326349
-0.332827
-0.339111
-0.344846
-0.349786
-0.353788
-0.356794
-0.358806
-0.359915
-0.360242
-0.359957
-0.359227
-0.358221
-0.357085
-0.355951
-0.354927
-0.354075
-0.353437
-0.353015
-0.352752
-0.352557
-0.352323
-0.351911
-0.351253
-0.350322
-0.349081
-0.347514
-0.345546
-0.343098
-0.340132
-0.336737
-0.333193
-0.329928
-0.327439
-0.326088
-0.325972
-0.326924
-0.328585
-0.330556
-0.332574
-0.334487
-0.336306
-0.338113
-0.339988
-0.341998
-0.344143
-0.346388
-0.348629
-0.350751
-0.352624
-0.354129
-0.355153
-0.355623
-0.355493
-0.354759
-0.353453
-0.351667
-0.349515
-0.347176
-0.344909
-0.342958
-0.341553
-0.340838
-0.340873
-0.341585
-0.342772
-0.344187
-0.345582
-0.346785
-0.347664
-0.348152
-0.348256
-0.348019
-0.347433
-0.346557
-0.345415
-0.344022
-0.342397
-0.340553
-0.338578
-0.336555
-0.334634
-0.332956
-0.331705
-0.330974
-0.330846
-0.331293
-0.33224
-0.333549
-0.33506
-0.33664
-0.338174
-0.339566
-0.340791
-0.341853
-0.34276
-0.343568
-0.344306
-0.345015
-0.345744
-0.346514
-0.34735
-0.348252
-0.349217
-0.350207
-0.35119
-0.352139
-0.352988
-0.353699
-0.354225
-0.354527
-0.354581
-0.354349
-0.353807
-0.352908
-0.351646
-0.349985
-0.347903
-0.345373
-0.342418
-0.339073
-0.335447
-0.331733
-0.328188
-0.325125
-0.322861
-0.321648
-0.321593
-0.322659
-0.324637
-0.327224
-0.330107
-0.333013
-0.335766
-0.33835
-0.34084
-0.343373
-0.346147
-0.349279
-0.352874
-0.356907
-0.361254
-0.36575
-0.370204
-0.374438
-0.378326
-0.381779
-0.384767
-0.387301
-0.389409
-0.391151
-0.392556
-0.393672
-0.394551
-0.395207
-0.395683
-0.395986
-0.396094
-0.396025
-0.395783
-0.395345
-0.39473
-0.393926
-0.392954
-0.391843
-0.390623
-0.389327
-0.388002
-0.386694
-0.385438
-0.384267
-0.383161
-0.382073
-0.380929
-0.379602
-0.377932
-0.375766
-0.372948
-0.369467
-0.365474
-0.361325
-0.357577
-0.3549
-0.353959
-0.355135
-0.358494
-0.363668
-0.369956
-0.376459
-0.382295
-0.386727
-0.389281
-0.389804
-0.388474
-0.385822
-0.382669
-0.379941
-0.378493
-0.378813
-0.380911
-0.384282
-0.388177
-0.391781
-0.394482
-0.395972
-0.396228
-0.395479
-0.394114
-0.392599
-0.391356
-0.390716
-0.390818
-0.391678
-0.393159
-0.395048
-0.397177
-0.399335
-0.401387
-0.403209
-0.4047
-0.405822
-0.406546
-0.406837
-0.40673
-0.406248
-0.405418
-0.404336
-0.403117
-0.401876
-0.400755
-0.399854
-0.399251
-0.398954
-0.398869
-0.398832
-0.398661
-0.398146
-0.397121
-0.395501
-0.39326
-0.390501
-0.387402
-0.384168
-0.381032
-0.378116
-0.375458
-0.372966
-0.370382
-0.367334
-0.363385
-0.358208
-0.351765
-0.344606
-0.338039
-0.33391
-0.33395
-0.338787
-0.347535
-0.358207
-0.368778
-0.377935
-0.385282
-0.390957
-0.395256
-0.398433
-0.400574
-0.401692
-0.401829
-0.401075
-0.39963
-0.39776
-0.395753
-0.393873
-0.392351
-0.391341
-0.39093
-0.391141
-0.391927
-0.393204
-0.394801
-0.396503
-0.398088
-0.399333
-0.400056
-0.400121
-0.399438
-0.397984
-0.395767
-0.392852
-0.389353
-0.385421
-0.381265
-0.377108
-0.373207
-0.369771
-0.366989
-0.364983
-0.363741
-0.363221
-0.363299
-0.363842
-0.364754
-0.365908
-0.367259
-0.3688
-0.37052
-0.372437
-0.374561
-0.376847
-0.379238
-0.381656
-0.383976
-0.386098
-0.38789
-0.389235
-0.390027
-0.390141
-0.389456
-0.387858
-0.385215
-0.381429
-0.376504
-0.370571
-0.363955
-0.357208
-0.351005
-0.345981
-0.34253
-0.340635
-0.339927
-0.339856
-0.339918
-0.339794
-0.33935
-0.338643
-0.337753
-0.336787
-0.335827
-0.334921
-0.33414
-0.333573
-0.333376
-0.333772
-0.334953
-0.337077
-0.340135
-0.343964
-0.348296
-0.352801
-0.357169
-0.36117
-0.364642
-0.367525
-0.369788
-0.371449
-0.372553
-0.373112
-0.373168
-0.372759
-0.371906
-0.370634
-0.368973
-0.366979
-0.36471
-0.362231
-0.359641
-0.357036
-0.354502
-0.352129
-0.349979
-0.348089
-0.346495
-0.345188
-0.344155
-0.343384
-0.342828
-0.342424
-0.342128
-0.341868
-0.341614
-0.341357
-0.341115
-0.340958
-0.340932
-0.341097
-0.341474
-0.342085
-0.342875
-0.343802
-0.34484
-0.345945
-0.347141
-0.348443
-0.349884
-0.351493
-0.353285
-0.355239
-0.357355
-0.359558
-0.361799
-0.364005
-0.36613
-0.368112
-0.3699
-0.371457
-0.372749
-0.373736
-0.374404
-0.374748
-0.374751
-0.374436
-0.373823
-0.373007
-0.372066
-0.371138
-0.370365
-0.369888
-0.369848
-0.370338
-0.371349
-0.372843
-0.374694
-0.376712
-0.378667
-0.380373
-0.381636
-0.38233
-0.382381
-0.381797
-0.380634
-0.37901
-0.377095
-0.375115
-0.373268
-0.371801
-0.370882
-0.370638
-0.371177
-0.372472
-0.374467
-0.377006
-0.379918
-0.382948
-0.385845
-0.388347
-0.390223
-0.391314
-0.391509
-0.390812
-0.389312
-0.387231
-0.384859
-0.382545
-0.380656
-0.379466
-0.379129
-0.379656
-0.380918
-0.382738
-0.384901
-0.38723
-0.389622
-0.39201
-0.394436
-0.396991
-0.399795
-0.402982
-0.406621
-0.410696
-0.415065
-0.419492
-0.423681
-0.427323
-0.430134
-0.431858
-0.432306
-0.431442
-0.429334
-0.426312
-0.422966
-0.42008
-0.418439
-0.418441
-0.419939
-0.422202
-0.424264
-0.425281
-0.424867
-0.423221
-0.420965
-0.418913
-0.417631
-0.417095
-0.416758
-0.415782
-0.413426
-0.409358
-0.40379
-0.397455
-0.391508
-0.387264
-0.385895
-0.388047
-0.393668
-0.40197
-0.411668
-0.421366
-0.429851
-0.436314
-0.440336
-0.441894
-0.441295
-0.439052
-0.435906
-0.432681
-0.430138
-0.428844
-0.429039
-0.430607
-0.433178
-0.436211
-0.439193
-0.441699
-0.4435
-0.444575
-0.445074
-0.445229
-0.445344
-0.445669
-0.446362
-0.447441
-0.448793
-0.450246
-0.45161
-0.452698
-0.453426
-0.453741
-0.453643
-0.453106
-0.452125
-0.450635
-0.448563
-0.445872
-0.442554
-0.438696
-0.434507
-0.430303
-0.426471
-0.423352
-0.421182
-0.419973
-0.419574
-0.419674
-0.419943
-0.420095
-0.419948
-0.419424
-0.418583
-0.417578
-0.416605
-0.415878
-0.415574
-0.41576
-0.416437
-0.417506
-0.418794
-0.4201
-0.421231
-0.422061
-0.422467
-0.422387
-0.421745
-0.420493
-0.418576
-0.415967
-0.412645
-0.40861
-0.403911
-0.39869
-0.393211
-0.387826
-0.382958
-0.379061
-0.376499
-0.375413
-0.37567
-0.376868
-0.378415
-0.379669
-0.380075
-0.379344
-0.377492
-0.374923
-0.3723
-0.37048
-0.370171
-0.371735
-0.375077
-0.37964
-0.384723
-0.389706
-0.394212
-0.398091
-0.401354
-0.404068
-0.406328
-0.408197
-0.409717
-0.410936
-0.411902
-0.412677
-0.413322
-0.413917
-0.414524
-0.415197
-0.415968
-0.416825
-0.417761
-0.418742
-0.419707
-0.420576
-0.42131
-0.421851
-0.422182
-0.422305
-0.42222
-0.421958
-0.421557
-0.421032
-0.420422
-0.41975
-0.419035
-0.418334
-0.417682
-0.417153
-0.416813
-0.416742
-0.416976
-0.417506
-0.41829
-0.419258
-0.420319
-0.421446
-0.422591
-0.42376
-0.42497
-0.426194
-0.427339
-0.428291
-0.428882
-0.428944
-0.428336
-0.427028
-0.425096
-0.422733
-0.420266
-0.418071
-0.416571
-0.416138
-0.416985
-0.419141
-0.422445
-0.426572
-0.431091
-0.435538
-0.439526
-0.442741
-0.444995
-0.446239
-0.446496
-0.445961
-0.444916
-0.443733
-0.442814
-0.442555
-0.443195
-0.444751
-0.447067
-0.449781
-0.452469
-0.454695
-0.456048
-0.456195
-0.454848
-0.451793
-0.446786
-0.439656
-0.430278
-0.41874
-0.405444
-0.391348
-0.378009
-0.367342
-0.36105
-0.359914
-0.363626
-0.371057
-0.380947
-0.392188
-0.403933
-0.415516
-0.426327
-0.435915
-0.443999
-0.450421
-0.455228
-0.458548
-0.460596
-0.461586
-0.461738
-0.461266
-0.460347
-0.459112
-0.457676
-0.456109
-0.454451
-0.452725
-0.450942
-0.449118
-0.447232
-0.445299
-0.443317
-0.441281
-0.439212
-0.437103
-0.43499
-0.432917
-0.430927
-0.429093
-0.427483
-0.426178
-0.425242
-0.424734
-0.424684
-0.425101
-0.425964
-0.427194
-0.428712
-0.43044
-0.432261
-0.434121
-0.435961
-0.437713
-0.439329
-0.440704
-0.441668
-0.441943
-0.441138
-0.438777
-0.434417
-0.427811
-0.419236
-0.409812
-0.401469
-0.396265
-0.395205
-0.397498
-0.400958
-0.403164
-0.402479
-0.398292
-0.390859
-0.381024
-0.369975
-0.359076
-0.349629
-0.342706
-0.339007
-0.338707
-0.341529
-0.346806
-0.353671
-0.361249
-0.36873
-0.375529
-0.381311
-0.386021
-0.389882
-0.393378
-0.397027
-0.401195
-0.405867
-0.410687
-0.415136
-0.418714
-0.421139
-0.422371
-0.422588
-0.422121
-0.421317
-0.420473
-0.419824
-0.419471
-0.419411
-0.419592
-0.419915
-0.420272
-0.420563
-0.420706
-0.420643
-0.420379
-0.419933
-0.419392
-0.418899
-0.418609
-0.418689
-0.419248
-0.420334
-0.421895
-0.423816
-0.425939
-0.428086
-0.430102
-0.431874
-0.433324
-0.434404
-0.43508
-0.435318
-0.435072
-0.434284
-0.432907
-0.430854
-0.428068
-0.42455
-0.420376
-0.41574
-0.41099
-0.406615
-0.403181
-0.401218
-0.401078
-0.402821
-0.406188
-0.410706
-0.415812
-0.421032
-0.426068
-0.430817
-0.435335
-0.43973
-0.444113
-0.44855
-0.452998
-0.457354
-0.461456
-0.465137
-0.468222
-0.470521
-0.471876
-0.472127
-0.471125
-0.468767
-0.465023
-0.460028
-0.454062
-0.447596
-0.441137
-0.435098
-0.42966
-0.424677
-0.419772
-0.414591
-0.408973
-0.403085
-0.397412
-0.392651
-0.389579
-0.388875
-0.390989
-0.396064
-0.40383
-0.413642
-0.424545
-0.435531
-0.445757
-0.454688
-0.462078
-0.467929
-0.472433
-0.475829
-0.478366
-0.480217
-0.481472
-0.482138
-0.48213
-0.48135
-0.479653
-0.476943
-0.473161
-0.468329
-0.462551
-0.456069
-0.449249
-0.44257
-0.436564
-0.431644
-0.428009
-0.425622
-0.424232
-0.423532
-0.423305
-0.423443
-0.423935
-0.424725
-0.425676
-0.426544
-0.427088
-0.427241
-0.427134
-0.427075
-0.427443
-0.428487
-0.430176
-0.432188
-0.434097
-0.435452
-0.436014
-0.435785
-0.43501
-0.434052
-0.43329
-0.433026
-0.433377
-0.434276
-0.435496
-0.436805
-0.43795
-0.438771
-0.439179
-0.439129
-0.438665
-0.43782
-0.436625
-0.43513
-0.43335
-0.431284
-0.428911
-0.426218
-0.423167
-0.419751
-0.415992
-0.411996
-0.40794
-0.404101
-0.40081
-0.398414
-0.397189
-0.397228
-0.398459
-0.400584
-0.403221
-0.405942
-0.40842
-0.410379
-0.411678
-0.412242
-0.412104
-0.411321
-0.410088
-0.408605
-0.407128
-0.405913
-0.405195
-0.405117
-0.405702
-0.406874
-0.40848
-0.410318
-0.4122
-0.413986
-0.415537
-0.416814
-0.417787
-0.418498
-0.418981
-0.419287
-0.41951
-0.419729
-0.420037
-0.420538
-0.421328
-0.422446
-0.423908
-0.42565
-0.427558
-0.429493
-0.43129
-0.432749
-0.433683
-0.433886
-0.433179
-0.431373
-0.428326
-0.42394
-0.418265
-0.411478
-0.404075
-0.396864
-0.390862
-0.387148
-0.386429
-0.388724
-0.393355
-0.399188
-0.405046
-0.4101
-0.413917
-0.416457
-0.417934
-0.418658
-0.418951
-0.419132
-0.419449
-0.420109
-0.421255
-0.422968
-0.425274
-0.428078
-0.431242
-0.434561
-0.43782
-0.44087
-0.443571
-0.445842
-0.447665
-0.449023
-0.449928
-0.450386
-0.450332
-0.449706
-0.448337
-0.445998
-0.442386
-0.437234
-0.43046
-0.422299
-0.413599
-0.4058
-0.400433
-0.398352
-0.399002
-0.40059
-0.400991
-0.398804
-0.394077
-0.3885
-0.38476
-0.385179
-0.390293
-0.398662
-0.407941
-0.416158
-0.422359
-0.426412
-0.428693
-0.429754
-0.430167
-0.43042
-0.430884
-0.4318
-0.433224
-0.435083
-0.437193
-0.439337
-0.441287
-0.44286
-0.443955
-0.444502
-0.444512
-0.44403
-0.44315
-0.441992
-0.440704
-0.439446
-0.438389
-0.437693
-0.43748
-0.437849
-0.438821
-0.440374
-0.442406
-0.444805
-0.447415
-0.450098
-0.452741
-0.455255
-0.457604
-0.459795
-0.461879
-0.463927
-0.465991
-0.468102
-0.470199
-0.472213
-0.473966
-0.475254
-0.475865
-0.475674
-0.474614
-0.472755
-0.470232
-0.467212
-0.463754
-0.459742
-0.454886
-0.448847
-0.441423
-0.432736
-0.423275
-0.413814
-0.405243
-0.39833
-0.393623
-0.391406
-0.391722
-0.394301
-0.398519
-0.403529
-0.408431
-0.412572
-0.415775
-0.418359
-0.421006
-0.424517
-0.429423
-0.435727
-0.442947
-0.450231
-0.456634
-0.46139
-0.464068
-0.464751
-0.464106
-0.463334
-0.463782
-0.46634
-0.471059
-0.477092
-0.483231
-0.488351
-0.491774
-0.493243
-0.492855
-0.490884
-0.487685
-0.483683
-0.479268
-0.474815
-0.470572
-0.466669
-0.46308
-0.459612
-0.455949
-0.45173
-0.446619
-0.44037
-0.432907
-0.424323
-0.414926
-0.405196
-0.395692
-0.387019
-0.379777
-0.374498
-0.371716
-0.371887
-0.375294
-0.381811
-0.390837
-0.401422
-0.412507
-0.423187
-0.432916
-0.441408
-0.448604
-0.454545
-0.459297
-0.462924
-0.465518
-0.467184
-0.467998
-0.468063
-0.467459
-0.466278
-0.464584
-0.462417
-0.459811
-0.456768
-0.453272
-0.449302
-0.444844
-0.439842
-0.434309
-0.428282
-0.421858
-0.415208
-0.408611
-0.402427
-0.397053
-0.392864
-0.390138
-0.388965
-0.389286
-0.390901
-0.393543
-0.396994
-0.400993
-0.405369
-0.409954
-0.414619
-0.419262
-0.423795
-0.428166
-0.432342
-0.43628
-0.439952
-0.443309
-0.446326
-0.448955
-0.45114
-0.452854
-0.454051
-0.454694
-0.454729
-0.454132
-0.452864
-0.450914
-0.448301
-0.445043
-0.441229
-0.437024
-0.43261
-0.428235
-0.424209
-0.420743
-0.418031
-0.416132
-0.415027
-0.414577
-0.414639
-0.415036
-0.415604
-0.416244
-0.416869
-0.417424
-0.417878
-0.418217
-0.418412
-0.418461
-0.418343
-0.418049
-0.417557
-0.41686
-0.415938
-0.41479
-0.41342
-0.411812
-0.410021
-0.408098
-0.406135
-0.404277
-0.402661
-0.401463
-0.400845
-0.400909
-0.401689
-0.403151
-0.40521
-0.407698
-0.410461
-0.413297
-0.41606
-0.418615
-0.420881
-0.422815
-0.42437
-0.425537
-0.426314
-0.426684
-0.426616
-0.426061
-0.424965
-0.423252
-0.420853
-0.417702
-0.413811
-0.40936
-0.404661
-0.400241
-0.396771
-0.394896
-0.394994
-0.397033
-0.400559
-0.404872
-0.409293
-0.413244
-0.416399
-0.41862
-0.419877
-0.420201
-0.419634
-0.418144
-0.415544
-0.411395
-0.404928
-0.395004
-0.380407
-0.360725
-0.338115
-0.318815
-0.311037
-0.318567
-0.337032
-0.358231
-0.376291
-0.389358
-0.398036
-0.403648
-0.407397
-0.410148
-0.412434
-0.414534
-0.416537
-0.418475
-0.420291
-0.421929
-0.423335
-0.424469
-0.425285
-0.425822
-0.426082
-0.426081
-0.425857
-0.425441
-0.424824
-0.424014
-0.422991
-0.4217
-0.420102
-0.418143
-0.415779
-0.412936
-0.409586
-0.405711
-0.401334
-0.396518
-0.39141
-0.386267
-0.381413
-0.377276
-0.374282
-0.372793
-0.373015
-0.374966
-0.378391
-0.38283
-0.387682
-0.392343
-0.396349
-0.39938
-0.401295
-0.402071
-0.401759
-0.400524
-0.398593
-0.396261
-0.393827
-0.391574
-0.389649
-0.388093
-0.386854
-0.38588
-0.385215
-0.385047
-0.38564
-0.387206
-0.389793
-0.393219
-0.397141
-0.401099
-0.404658
-0.407479
-0.409343
-0.410179
-0.410028
-0.409039
-0.407445
-0.405555
-0.403712
-0.402299
-0.401597
-0.401834
-0.40311
-0.405339
-0.408348
-0.411867
-0.415615
-0.419295
-0.422661
-0.425514
-0.427672
-0.429022
-0.429479
-0.42903
-0.427693
-0.425546
-0.422757
-0.419567
-0.416262
-0.41317
-0.410571
-0.408751
-0.407844
-0.407893
-0.408867
-0.410618
-0.412938
-0.415577
-0.418246
-0.420637
-0.422506
-0.423648
-0.4239
-0.423231
-0.421665
-0.419382
-0.416577
-0.413519
-0.410423
-0.407413
-0.404588
-0.402034
-0.399876
-0.398212
-0.396903
-0.395487
-0.393236
-0.389515
-0.38417
-0.377727
-0.371118
-0.365287
-0.360821
-0.357999
-0.356955
-0.357812
-0.360473
-0.364461
-0.368973
-0.373199
-0.376632
-0.379246
-0.381303
-0.383181
-0.385076
-0.387001
-0.388797
-0.390235
-0.391197
-0.391698
-0.39192
-0.392095
-0.392518
-0.393415
-0.394876
-0.396856
-0.399193
-0.40164
-0.404002
-0.406081
-0.407771
-0.409028
-0.409841
-0.41024
-0.410265
-0.409996
-0.409468
-0.408706
-0.407721
-0.406523
-0.40507
-0.403298
-0.401104
-0.398352
-0.394853
-0.390388
-0.384724
-0.377699
-0.36933
-0.360001
-0.350619
-0.342587
-0.337398
-0.336012
-0.338389
-0.343484
-0.349796
-0.35607
-0.361519
-0.365872
-0.369208
-0.371739
-0.373725
-0.37542
-0.377029
-0.378669
-0.380439
-0.382337
-0.38434
-0.386411
-0.388478
-0.390461
-0.39233
-0.394027
-0.395513
-0.396782
-0.397834
-0.39864
-0.399209
-0.399486
-0.399441
-0.399031
-0.398215
-0.39699
-0.395401
-0.39362
-0.391908
-0.390605
-0.390106
-0.390668
-0.392338
-0.394916
-0.397958
-0.400878
-0.40313
-0.404288
-0.404181
-0.402954
-0.401153
-0.399629
-0.399406
-0.401232
-0.405291
-0.411114
-0.417788
-0.424336
-0.430009
-0.434399
-0.437361
-0.438974
-0.439413
-0.438914
-0.437751
-0.436164
-0.43441
-0.432703
-0.431206
-0.430054
-0.429274
-0.428835
-0.428624
-0.428373
-0.427791
-0.426562
-0.424457
-0.421529
-0.418218
-0.415415
-0.414276
-0.415776
-0.42022
-0.427042
-0.435058
-0.442962
-0.449756
-0.454884
-0.458202
-0.459861
-0.460144
-0.45944
-0.458123
-0.456523
-0.454894
-0.453456
-0.452372
-0.45177
-0.451798
-0.452577
-0.454194
-0.456586
-0.459566
-0.462731
-0.465605
-0.467641
-0.468358
-0.46747
-0.464901
-0.460836
-0.455781
-0.450391
-0.445383
-0.441324
-0.438445
-0.436578
-0.435164
-0.433524
-0.431095
-0.427675
-0.423534
-0.419393
-0.416231
-0.41506
-0.416569
-0.420953
-0.427798
-0.436245
-0.445257
-0.453861
-0.461294
-0.467097
-0.471062
-0.473238
-0.473832
-0.473177
-0.471675
-0.469758
-0.467793
-0.466037
-0.464621
-0.463519
-0.462596
-0.461583
-0.460184
-0.458099
-0.455024
-0.450759
-0.445243
-0.438661
-0.431459
-0.424458
-0.418708
-0.415213
-0.414566
-0.416725
-0.421036
-0.426562
-0.432382
-0.437809
-0.442443
-0.446101
-0.448738
-0.450368
-0.451051
-0.45086
-0.449866
-0.448121
-0.445697
-0.442665
-0.439111
-0.435142
-0.430935
-0.426717
-0.422773
-0.419364
-0.416748
-0.415076
-0.414356
-0.414463
-0.415179
-0.41626
-0.417513
-0.418774
-0.419961
-0.421046
-0.422016
-0.422883
-0.423643
-0.424345
-0.424995
-0.425602
-0.426207
-0.426811
-0.427432
-0.428075
-0.428731
-0.429397
-0.430044
-0.43064
-0.431142
-0.431497
-0.431663
-0.431579
-0.431201
-0.43049
-0.429428
-0.42801
-0.426248
-0.42421
-0.421979
-0.419677
-0.41746
-0.415478
-0.413866
-0.412765
-0.412212
-0.412227
-0.412765
-0.413757
-0.415084
-0.416658
-0.418378
-0.42017
-0.421957
-0.423691
-0.425326
-0.426818
-0.428133
-0.429214
-0.430021
-0.430453
-0.430411
-0.429762
-0.428334
-0.426019
-0.422684
-0.418333
-0.413115
-0.407386
-0.401671
-0.396572
-0.392621
-0.390122
-0.389043
-0.389042
-0.38966
-0.390396
-0.390906
-0.391042
-0.39089
-0.390729
-0.390942
-0.391914
-0.393877
-0.39677
-0.400256
-0.403813
-0.406968
-0.409451
-0.411242
-0.412551
-0.413742
-0.415184
-0.417172
-0.419878
-0.423298
-0.427272
-0.431527
-0.43574
-0.439594
-0.442816
-0.44523
-0.446741
-0.44735
-0.447134
-0.446242
-0.444868
-0.443237
-0.441569
-0.440031
-0.43875
-0.437756
-0.437031
-0.436504
-0.436116
-0.435817
-0.435624
-0.435625
-0.435923
-0.436592
-0.437662
-0.43907
-0.440655
-0.442171
-0.443374
-0.444012
-0.4439
-0.442884
-0.440901
-0.437928
-0.434033
-0.429378
-0.424279
-0.419251
-0.414916
-0.411924
-0.410716
-0.411363
-0.413509
-0.416562
-0.419913
-0.423108
-0.425856
-0.428042
-0.42968
-0.430832
-0.431597
-0.432074
-0.432377
-0.432643
-0.43297
-0.433495
-0.434283
-0.435416
-0.436904
-0.438723
-0.440812
-0.443065
-0.445358
-0.447525
-0.449425
-0.450883
-0.451729
-0.451786
-0.450877
-0.44883
-0.445492
-0.440772
-0.434712
-0.427553
-0.419849
-0.412481
-0.406491
-0.402785
-0.401865
-0.40362
-0.407444
-0.412464
-0.4179
-0.423209
-0.428102
-0.432452
-0.436249
-0.439524
-0.442304
-0.444519
-0.446069
-0.446788
-0.44641
-0.444536
-0.440709
-0.43447
-0.425579
-0.414363
-0.402199
-0.39165
-0.385589
-0.385686
-0.391226
-0.399632
-0.408093
-0.414757
-0.418971
-0.420923
-0.421166
-0.420344
-0.41905
-0.417792
-0.416891
-0.416568
-0.416873
-0.417741
-0.419026
-0.420484
-0.421858
-0.42285
-0.423183
-0.42266
-0.421087
-0.418404
-0.414663
-0.410055
-0.404936
-0.399774
-0.395028
-0.39108
-0.388056
-0.385971
-0.384663
-0.383973
-0.383775
-0.384021
-0.384746
-0.38599
-0.387773
-0.390066
-0.392744
-0.395626
-0.398473
-0.40108
-0.403257
-0.404881
-0.405925
-0.406388
-0.406313
-0.405786
-0.40486
-0.403639
-0.402172
-0.40052
-0.39873
-0.396799
-0.39471
-0.392432
-0.389915
-0.387046
-0.383762
-0.379988
-0.375698
-0.370972
-0.365968
-0.360973
-0.356335
-0.352319
-0.349081
-0.346549
-0.344526
-0.342807
-0.34131
-0.340147
-0.339641
-0.340142
-0.341861
-0.344793
-0.348674
-0.353077
-0.357538
-0.361691
-0.365308
-0.368291
-0.370664
-0.372516
-0.373933
-0.374998
-0.375767
-0.376229
-0.376374
-0.376117
-0.375411
-0.374169
-0.372324
-0.369852
-0.366814
-0.36338
-0.359854
-0.356631
-0.354145
-0.352764
-0.352646
-0.353757
-0.355831
-0.358482
-0.361362
-0.364179
-0.366717
-0.36883
-0.370435
-0.371486
-0.371969
-0.371851
-0.371162
-0.369937
-0.368252
-0.366212
-0.363946
-0.361587
-0.359296
-0.357216
-0.355465
-0.354109
-0.353156
-0.352558
-0.352235
-0.352057
-0.351905
-0.351709
-0.351427
-0.351083
-0.350751
-0.350572
-0.350669
-0.351165
-0.352133
-0.353595
-0.355519
-0.357841
-0.360455
-0.363274
-0.366201
-0.369177
-0.372149
-0.375067
-0.377892
-0.380596
-0.383122
-0.38546
-0.387592
-0.389499
-0.391155
-0.392581
-0.393751
-0.394667
-0.395331
-0.395758
-0.395952
-0.39589
-0.395571
-0.394975
-0.394073
-0.392845
-0.391244
-0.389232
-0.386765
-0.383822
-0.38038
-0.376449
-0.372105
-0.36748
-0.362763
-0.358226
-0.354145
-0.350713
-0.348051
-0.346179
-0.344955
-0.344253
-0.343958
-0.344116
-0.344845
-0.346351
-0.348777
-0.352171
-0.356428
-0.361366
-0.366779
-0.372465
-0.37823
-0.383856
-0.389097
-0.393756
-0.397687
-0.400798
-0.403095
-0.404614
-0.405466
-0.405738
-0.405526
-0.404918
-0.403963
-0.40266
-0.401024
-0.398988
-0.396484
-0.393433
-0.389802
-0.385602
-0.380979
-0.376211
-0.371757
-0.368216
-0.366171
-0.366012
-0.367775
-0.371108
-0.375369
-0.379812
-0.383757
-0.386746
-0.388553
-0.389171
-0.388766
-0.387636
-0.386181
-0.384807
-0.383873
-0.383704
-0.384493
-0.386286
-0.388996
-0.392407
-0.396236
-0.400149
-0.403863
-0.407147
-0.409824
-0.41181
-0.413063
-0.413604
-0.413465
-0.4127
-0.411392
-0.409627
-0.407501
-0.405114
-0.402576
-0.400024
-0.39764
-0.395624
-0.394238
-0.393726
-0.394293
-0.396051
-0.398934
-0.402773
-0.407247
-0.412018
-0.416753
-0.421192
-0.42514
-0.428465
-0.431105
-0.433027
-0.434234
-0.434713
-0.43449
-0.43357
-0.431975
-0.429704
-0.426782
-0.42323
-0.419141
-0.414626
-0.409838
-0.405053
-0.400563
-0.396738
-0.393915
-0.392333
-0.392132
-0.393219
-0.395375
-0.39823
-0.401357
-0.404311
-0.406687
-0.408161
-0.408498
-0.407525
-0.405256
-0.401839
-0.397637
-0.393177
-0.389149
-0.386281
-0.385148
-0.385946
-0.388522
-0.392446
-0.397125
-0.401992
-0.406546
-0.410461
-0.413499
-0.415545
-0.416592
-0.416667
-0.415821
-0.414082
-0.411447
-0.407892
-0.40352
-0.398713
-0.394072
-0.390372
-0.388194
-0.387616
-0.388159
-0.389036
-0.389551
-0.389416
-0.388811
-0.388194
-0.388162
-0.389071
-0.390901
-0.393239
-0.395467
-0.397053
-0.39776
-0.39771
-0.397328
-0.397154
-0.397618
-0.3989
-0.400845
-0.403098
-0.405139
-0.406527
-0.40696
-0.406291
-0.404541
-0.401888
-0.39866
-0.395276
-0.392191
-0.389847
-0.388571
-0.388531
-0.389677
-0.391797
-0.394633
-0.397949
-0.401607
-0.40558
-0.409862
-0.414455
-0.419268
-0.424175
-0.428983
-0.433496
-0.437492
-0.440827
-0.443344
-0.444934
-0.44553
-0.445055
-0.443489
-0.440863
-0.43725
-0.432782
-0.427696
-0.422328
-0.417087
-0.412454
-0.408867
-0.406685
-0.406044
-0.406846
-0.40876
-0.411322
-0.413991
-0.416312
-0.41794
-0.418709
-0.418646
-0.417968
-0.417064
-0.41646
-0.416687
-0.418165
-0.421027
-0.42505
-0.42971
-0.434305
-0.43819
-0.440864
-0.442162
-0.442192
-0.441321
-0.440017
-0.438814
-0.438112
-0.438122
-0.438842
-0.440106
-0.441618
-0.44309
-0.444237
-0.444854
-0.444769
-0.443851
-0.441942
-0.438875
-0.434472
-0.428611
-0.421261
-0.412623
-0.403212
-0.393858
-0.385674
-0.379817
-0.377067
-0.377556
-0.380701
-0.385428
-0.39065
-0.395554
-0.39976
-0.403246
-0.406243
-0.409037
-0.411887
-0.414926
-0.418153
-0.421418
-0.424481
-0.427054
-0.428871
-0.429712
-0.429407
-0.427905
-0.42526
-0.421659
-0.41741
-0.412882
-0.408523
-0.404691
-0.401618
-0.399371
-0.39786
-0.396868
-0.396199
-0.395705
-0.395268
-0.394868
-0.394573
-0.394492
-0.394762
-0.395535
-0.396897
-0.398872
-0.401359
-0.404141
-0.406962
-0.409582
-0.41182
-0.413521
-0.414637
-0.415122
-0.415004
-0.414282
-0.412994
-0.411159
-0.408842
-0.406111
-0.403073
-0.399844
-0.396564
-0.393316
-0.390208
-0.387317
-0.384719
-0.382506
-0.380832
-0.379833
-0.379691
-0.380502
-0.382266
-0.384842
-0.387991
-0.391404
-0.394782
-0.397871
-0.400537
-0.402661
-0.404244
-0.405308
-0.405917
-0.406154
-0.406109
-0.405848
-0.40546
-0.405005
-0.404536
-0.404079
-0.403599
-0.402986
-0.40207
-0.400601
-0.39823
-0.394517
-0.388995
-0.381295
-0.371344
-0.359668
-0.347639
-0.337338
-0.330862
-0.329266
-0.33202
-0.337486
-0.343892
-0.350115
-0.355668
-0.360552
-0.364944
-0.369041
-0.372948
-0.376706
-0.380282
-0.383628
-0.386662
-0.389322
-0.391566
-0.393384
-0.394769
-0.395715
-0.396235
-0.396325
-0.395964
-0.395145
-0.393858
-0.392078
-0.38985
-0.387218
-0.384315
-0.381333
-0.378502
-0.376053
-0.374193
-0.372995
-0.372427
-0.372268
-0.372236
-0.372011
-0.371332
-0.370054
-0.368182
-0.365827
-0.363183
-0.360522
-0.358077
-0.356082
-0.354713
-0.354075
-0.354217
-0.355073
-0.356532
-0.358411
-0.360519
-0.362669
-0.364734
-0.366572
-0.368128
-0.369379
-0.370313
-0.370973
-0.371391
-0.371618
-0.3717
-0.371657
-0.371532
-0.371348
-0.371094
-0.370789
-0.370418
-0.369976
-0.369468
-0.368879
-0.368231
-0.367509
-0.366731
-0.365898
-0.365001
-0.364054
-0.363028
-0.361909
-0.360668
-0.359252
-0.357611
-0.355714
-0.353524
-0.35105
-0.348316
-0.345393
-0.34242
-0.339573
-0.337047
-0.335071
-0.333812
-0.333375
-0.333776
-0.334865
-0.336429
-0.338188
-0.339809
-0.341001
-0.341542
-0.341251
-0.340079
-0.338154
-0.335785
-0.333449
-0.331733
-0.33116
-0.332027
-0.334299
-0.337671
-0.341671
-0.345833
-0.349808
-0.353435
-0.356626
-0.359384
-0.361746
-0.36375
-0.3654
-0.366718
-0.36773
-0.368448
-0.368933
-0.369252
-0.369478
-0.369717
-0.370058
-0.370594
-0.371349
-0.37236
-0.373614
-0.375066
-0.376657
-0.378313
-0.379964
-0.381537
-0.382954
-0.384164
-0.385092
-0.38569
-0.385888
-0.385612
-0.384801
-0.383364
-0.381226
-0.3783
-0.374559
-0.370046
-0.364889
-0.359354
-0.353913
-0.349138
-0.34566
-0.343981
-0.34436
-0.346736
-0.350783
-0.356002
-0.36188
-0.367963
-0.373898
-0.379433
-0.384391
-0.388646
-0.392124
-0.394726
-0.396362
-0.396948
-0.396399
-0.394716
-0.391979
-0.388431
-0.384529
-0.380812
-0.377824
-0.37594
-0.375358
-0.376127
-0.37827
-0.381778
-0.3865
-0.392058
-0.397822
-0.403126
-0.407449
-0.410631
-0.412831
-0.414397
-0.415737
-0.417184
-0.418863
-0.420732
-0.422655
-0.42446
-0.426037
-0.42739
-0.428595
-0.429807
-0.431159
-0.432752
-0.43464
-0.436787
-0.43907
-0.44139
-0.443625
-0.445657
-0.447435
-0.448944
-0.450164
-0.451093
-0.451703
-0.45197
-0.451825
-0.45124
-0.450138
-0.448517
-0.446411
-0.443956
-0.441401
-0.439066
-0.437286
-0.436294
-0.436168
-0.436722
-0.437608
-0.438382
-0.438643
-0.438156
-0.436843
-0.434903
-0.432724
-0.430856
-0.429839
-0.430116
-0.431892
-0.435078
-0.439352
-0.444252
-0.449345
-0.454306
-0.458953
-0.46323
-0.467166
-0.47081
-0.474238
-0.477471
-0.48053
-0.483397
-0.486045
-0.488457
-0.490612
-0.492488
-0.494029
-0.495193
-0.495896
-0.496063
-0.495615
-0.494509
-0.492699
-0.49022
-0.48712
-0.483504
-0.479548
-0.475398
-0.471256
-0.467301
-0.463664
-0.460461
-0.457737
-0.455477
-0.453656
-0.452224
-0.451135
-0.450321
-0.449725
-0.4493
-0.448999
-0.448804
-0.448715
-0.448763
-0.449001
-0.44951
-0.450333
-0.451477
-0.452891
-0.454448
-0.455927
-0.457075
-0.457645
-0.457427
-0.456273
-0.454123
-0.451042
-0.447174
-0.442778
-0.438178
-0.433732
-0.429801
-0.426691
-0.424632
-0.423728
-0.42395
-0.425152
-0.427102
-0.4295
-0.432069
-0.434555
-0.436786
-0.438654
-0.440126
-0.441235
-0.44201
-0.442525
-0.442835
-0.44302
-0.443092
-0.443092
-0.443041
-0.442929
-0.442756
-0.442506
-0.442173
-0.441758
-0.441234
-0.440585
-0.439784
-0.438826
-0.437666
-0.436237
-0.434511
-0.432384
-0.429798
-0.42665
-0.42286
-0.41838
-0.413203
-0.407387
-0.401103
-0.394641
-0.388382
-0.382798
-0.378336
-0.375345
-0.374004
-0.374301
-0.37599
-0.378691
-0.381962
-0.385341
-0.388511
-0.391223
-0.393367
-0.394995
-0.396196
-0.397175
-0.398148
-0.399344
-0.400894
-0.402837
-0.405096
-0.407461
-0.409695
-0.411612
-0.413011
-0.413801
-0.41397
-0.413556
-0.412665
-0.411456
-0.410109
-0.408823
-0.40782
-0.407252
-0.407265
-0.407922
-0.409228
-0.411154
-0.41358
-0.416368
-0.419348
-0.422368
-0.425262
-0.427908
-0.430157
-0.431909
-0.433091
-0.433609
-0.43344
-0.432578
-0.431093
-0.429139
-0.426935
-0.424798
-0.423035
-0.421962
-0.421732
-0.422331
-0.423561
-0.425065
-0.426444
-0.427368
-0.427657
-0.427389
-0.426933
-0.42685
-0.427636
-0.429534
-0.432392
-0.435655
-0.438576
-0.440433
-0.440729
-0.439243
-0.436051
-0.43151
-0.426145
-0.420595
-0.41538
-0.410759
-0.406673
-0.402854
-0.399014
-0.395103
-0.391353
-0.38821
-0.386157
-0.385473
-0.386089
-0.387688
-0.389878
-0.392341
-0.394946
-0.397679
-0.400581
-0.403668
-0.406871
-0.410068
-0.413065
-0.415672
-0.417681
-0.418944
-0.419301
-0.41866
-0.416941
-0.414142
-0.41028
-0.405464
-0.399854
-0.393681
-0.38729
-0.38108
-0.3755
-0.370965
-0.367863
-0.366366
-0.366442
-0.367816
-0.37007
-0.372721
-0.375305
-0.377483
-0.379154
-0.380368
-0.381384
-0.382507
-0.383982
-0.38591
-0.388222
-0.390685
-0.393027
-0.395018
-0.396489
-0.397365
-0.397677
-0.39748
-0.396863
-0.395922
-0.394717
-0.393322
-0.391784
-0.390142
-0.388451
-0.386741
-0.385059
-0.383449
-0.381957
-0.380633
-0.379496
-0.378558
-0.377813
-0.377242
-0.376779
-0.376352
-0.375896
-0.375296
-0.374464
-0.373302
-0.371744
-0.369759
-0.367344
-0.364568
-0.361567
-0.35853
-0.355666
-0.353215
-0.35135
-0.350175
-0.349713
-0.349908
-0.350646
-0.35179
-0.353222
-0.354812
-0.356437
-0.357985
-0.359363
-0.360449
-0.361141
-0.361356
-0.361041
-0.36015
-0.358709
-0.356745
-0.354362
-0.351694
-0.348943
-0.34637
-0.344253
-0.342917
-0.342658
-0.343666
-0.346028
-0.349665
-0.354333
-0.359691
-0.365335
-0.370886
-0.376035
-0.380552
-0.384292
-0.387168
-0.389142
-0.390241
-0.390443
-0.389786
-0.388289
-0.385961
-0.382833
-0.378978
-0.374498
-0.369601
-0.364578
-0.359818
-0.355745
-0.352758
-0.351098
-0.350821
-0.351824
-0.353843
-0.35661
-0.359893
-0.363514
-0.367341
-0.371252
-0.375082
-0.378661
-0.381761
-0.384124
-0.385491
-0.385591
-0.384217
-0.381208
-0.376604
-0.370684
-0.364055
-0.357641
-0.35247
-0.349381
-0.348748
-0.35037
-0.353676
-0.357999
-0.362835
-0.367862
-0.372945
-0.378
-0.38297
-0.387797
-0.392386
-0.396669
-0.40057
-0.404028
-0.407031
-0.409556
-0.411602
-0.413176
-0.41427
-0.414878
-0.414955
-0.414437
-0.4132
-0.411063
-0.407776
-0.403044
-0.396604
-0.388301
-0.37833
-0.367472
-0.357264
-0.349643
-0.34615
-0.347118
-0.351425
-0.357218
-0.362888
-0.367544
-0.371039
-0.373744
-0.376171
-0.378783
-0.381807
-0.385247
-0.388911
-0.392533
-0.395849
-0.398674
-0.400949
-0.402663
-0.403868
-0.404608
-0.404923
-0.404799
-0.404204
-0.403095
-0.401436
-0.399281
-0.396753
-0.394077
-0.391559
-0.389522
-0.3883
-0.388089
-0.388918
-0.390647
-0.392979
-0.395572
-0.398061
-0.40021
-0.401879
-0.403063
-0.403869
-0.404414
-0.40486
-0.405331
-0.405868
-0.406439
-0.406954
-0.407263
-0.407168
-0.40653
-0.405183
-0.402969
-0.399779
-0.39549
-0.390005
-0.383291
-0.375414
-0.366644
-0.357537
-0.348988
-0.342096
-0.337938
-0.337201
-0.339897
-0.345364
-0.352588
-0.360471
-0.368151
-0.37511
-0.381038
-0.385906
-0.38975
-0.392688
-0.394869
-0.396402
-0.397396
-0.397944
-0.398104
-0.397939
-0.397482
-0.396757
-0.395809
-0.394665
-0.393343
-0.391854
-0.390237
-0.388527
-0.386747
-0.38493
-0.383111
-0.381344
-0.379662
-0.378095
-0.376721
-0.375533
-0.374566
-0.373827
-0.373318
-0.373027
-0.372931
-0.372986
-0.373168
-0.373402
-0.373656
-0.373847
-0.373918
-0.373796
-0.373411
-0.37268
-0.371579
-0.370076
-0.368189
-0.365996
-0.363613
-0.361241
-0.359124
-0.357485
-0.356587
-0.356581
-0.357558
-0.359471
-0.362199
-0.3655
-0.369145
-0.372869
-0.376456
-0.379761
-0.382684
-0.38519
-0.387287
-0.389005
-0.390389
-0.391507
-0.3924
-0.393124
-0.393712
-0.394208
-0.394621
-0.394965
-0.395232
-0.395393
-0.395417
-0.395226
-0.394743
-0.393863
-0.392461
-0.390441
-0.387728
-0.384349
-0.380479
-0.376506
-0.372996
-0.370642
-0.37003
-0.371439
-0.374714
-0.379332
-0.384625
-0.389951
-0.394858
-0.399067
-0.402501
-0.405166
-0.407134
-0.408478
-0.409298
-0.409658
-0.409636
-0.409286
-0.408698
-0.40794
-0.407087
-0.406236
-0.405489
-0.404953
-0.404705
-0.404827
-0.405406
-0.406481
-0.408033
-0.410056
-0.412456
-0.415153
-0.418021
-0.420955
-0.423825
-0.426544
-0.429023
-0.431203
-0.433042
-0.434504
-0.435569
-0.436194
-0.436381
-0.436084
-0.435281
-0.433951
-0.432086
-0.429691
-0.426815
-0.423576
-0.420129
-0.416682
-0.413529
-0.410891
-0.408951
-0.407769
-0.407254
-0.407155
-0.407174
-0.407021
-0.406498
-0.405537
-0.40413
-0.402326
-0.400067
-0.397155
-0.393212
-0.387869
-0.381116
-0.373778
-0.367751
-0.365655
-0.369335
-0.378737
-0.391816
-0.40587
-0.418718
-0.429163
-0.436764
-0.441491
-0.443455
-0.442863
-0.440018
-0.435309
-0.429311
-0.422757
-0.416507
-0.411411
-0.408172
-0.407198
-0.408489
-0.411722
-0.416335
-0.42168
-0.427136
-0.432206
-0.436556
-0.43996
-0.442329
-0.443673
-0.444041
-0.443513
-0.442237
-0.44029
-0.437825
-0.434935
-0.431755
-0.428361
-0.424877
-0.421399
-0.418018
-0.414836
-0.41194
-0.409388
-0.407257
-0.405594
-0.40441
-0.403732
-0.403513
-0.403685
-0.404103
-0.404553
-0.40479
-0.40453
-0.403517
-0.401596
-0.398732
-0.395067
-0.390918
-0.386797
-0.383308
-0.381035
-0.380433
-0.381735
-0.384886
-0.389563
-0.395293
-0.401497
-0.40761
-0.413147
-0.417694
-0.420992
-0.422843
-0.42315
-0.421975
-0.419419
-0.41574
-0.41129
-0.406507
-0.401829
-0.397576
-0.39391
-0.390801
-0.388106
-0.385664
-0.383377
-0.381252
-0.379392
-0.377889
-0.376852
-0.376315
-0.376338
-0.376918
-0.378071
-0.379815
-0.382121
-0.384883
-0.387962
-0.391135
-0.394248
-0.397141
-0.399706
-0.401893
-0.403639
-0.404908
-0.405638
-0.405759
-0.405185
-0.403847
-0.401716
-0.398838
-0.3954
-0.391763
-0.388434
-0.386008
-0.384959
-0.385532
-0.387595
-0.390735
-0.394421
-0.398115
-0.401427
-0.404184
-0.406312
-0.407864
-0.408924
-0.409589
-0.409981
-0.41021
-0.410317
-0.410353
-0.410345
-0.410296
-0.410179
-0.409942
-0.409504
-0.408755
-0.407624
-0.405997
-0.403821
-0.401103
-0.39801
-0.394798
-0.391926
-0.389842
-0.388934
-0.389346
-0.390936
-0.393277
-0.395839
-0.398105
-0.399697
-0.400406
-0.400189
-0.399113
-0.397331
-0.395069
-0.392552
-0.390036
-0.387739
-0.385846
-0.384453
-0.383577
-0.383124
-0.382922
-0.382779
-0.382535
-0.382091
-0.381499
-0.380941
-0.380735
-0.381218
-0.382631
-0.385017
-0.388175
-0.391734
-0.395244
-0.398313
-0.400666
-0.402187
-0.40289
-0.402891
-0.402406
-0.401663
-0.400905
-0.400323
-0.400077
-0.400253
-0.400869
-0.401888
-0.403258
-0.404914
-0.406774
-0.408765
-0.410808
-0.412826
-0.414719
-0.416384
-0.417702
-0.41857
-0.418837
-0.418354
-0.416965
-0.414479
-0.410745
-0.405694
-0.399451
-0.392437
-0.38548
-0.379727
-0.376343
-0.376054
-0.378817
-0.383848
-0.38996
-0.396087
-0.40147
-0.405729
-0.408778
-0.41067
-0.411534
-0.411533
-0.410837
-0.409585
-0.407898
-0.405898
-0.403691
-0.401397
-0.399106
-0.396912
-0.394888
-0.393092
-0.391548
-0.390263
-0.389247
-0.388499
-0.388084
-0.388059
-0.388526
-0.389548
-0.391143
-0.393244
-0.395729
-0.398409
-0.401101
-0.403667
-0.405991
-0.408035
-0.409792
-0.411274
-0.412506
-0.413501
-0.414254
-0.414718
-0.414861
-0.414601
-0.413862
-0.412578
-0.410702
-0.408224
-0.405198
-0.401759
-0.398096
-0.394467
-0.391149
-0.388412
-0.386495
-0.385584
-0.385782
-0.387144
-0.389613
-0.393066
-0.397265
-0.401908
-0.406672
-0.411237
-0.415352
-0.4188
-0.421452
-0.423245
-0.424127
-0.424103
-0.423163
-0.42133
-0.418675
-0.41531
-0.411421
-0.407292
-0.403237
-0.399606
-0.396698
-0.394686
-0.393676
-0.39353
-0.39407
-0.395028
-0.396129
-0.397151
-0.397912
-0.398296
-0.398268
-0.397827
-0.397032
-0.395981
-0.394777
-0.393565
-0.392478
-0.39163
-0.391089
-0.390907
-0.391061
-0.391495
-0.392084
-0.392693
-0.393143
-0.393262
-0.392915
-0.391962
-0.390358
-0.388075
-0.385181
-0.381805
-0.378129
-0.374421
-0.370946
-0.367947
-0.365616
-0.363979
-0.362941
-0.362234
-0.361492
-0.36032
-0.358366
-0.355548
-0.352138
-0.34889
-0.346932
-0.34738
-0.350819
-0.357015
-0.364989
-0.373488
-0.381469
-0.388303
-0.393728
-0.397745
-0.400456
-0.40201
-0.402501
-0.40194
-0.400274
-0.397411
-0.393159
-0.387306
-0.37964
-0.37005
-0.35863
-0.345841
-0.332719
-0.32099
-0.312784
-0.309939
-0.313111
-0.321356
-0.332601
-0.344588
-0.355556
-0.364538
-0.371172
-0.375479
-0.377656
-0.377999
-0.37679
-0.374333
-0.370974
-0.367131
-0.363254
-0.359732
-0.356802
-0.354523
-0.352803
-0.351573
-0.35091
-0.351033
-0.352127
-0.35409
-0.356448
-0.358479
-0.359622
-0.359818
-0.359636
-0.360038
-0.361777
-0.364813
-0.368195
-0.370432
-0.370249
-0.367164
-0.361903
-0.356203
-0.352188
-0.351341
-0.353855
-0.358717
-0.364619
-0.370509
-0.375839
-0.380378
-0.384029
-0.386716
-0.388354
-0.388887
-0.388326
-0.386733
-0.38425
-0.381151
-0.377758
-0.374448
-0.371558
-0.369276
-0.367605
-0.366354
-0.365264
-0.364121
-0.362871
-0.361709
-0.360987
-0.361116
-0.36239
-0.36483
-0.36821
-0.372149
-0.376214
-0.380074
-0.383517
-0.386465
-0.388904
-0.390908
-0.392541
-0.393908
-0.395088
-0.396114
-0.397043
-0.397889
-0.398658
-0.399329
-0.399885
-0.400284
-0.400462
-0.400326
-0.399812
-0.398805
-0.397212
-0.394931
-0.391855
-0.387886
-0.38303
-0.377378
-0.371211
-0.365097
-0.359878
-0.356567
-0.356006
-0.358483
-0.363535
-0.370164
-0.377218
-0.383736
-0.389202
-0.39343
-0.396549
-0.398783
-0.400407
-0.401669
-0.402744
-0.40375
-0.404713
-0.405627
-0.406469
-0.407165
-0.407631
-0.407817
-0.407638
-0.407015
-0.405865
-0.404097
-0.401643
-0.398462
-0.39461
-0.390274
-0.385858
-0.381914
-0.379093
-0.377918
-0.378582
-0.380855
-0.3842
-0.388013
-0.39171
-0.394997
-0.397715
-0.399888
-0.401697
-0.403308
-0.404937
-0.406703
-0.408706
-0.410932
-0.413342
-0.415849
-0.418373
-0.420828
-0.423142
-0.425267
-0.427207
-0.428956
-0.430488
-0.431799
-0.432833
-0.433536
-0.43383
-0.43358
-0.432625
-0.430808
-0.427986
-0.424135
-0.419429
-0.414326
-0.409588
-0.406146
-0.404784
-0.40582
-0.408956
-0.413385
-0.418196
-0.422606
-0.426186
-0.428863
-0.430776
-0.432248
-0.433642
-0.43525
-0.437228
-0.439612
-0.442238
-0.444898
-0.447343
-0.44937
-0.450801
-0.451548
-0.451549
-0.450833
-0.449522
-0.447877
-0.44629
-0.445259
-0.445284
-0.446711
-0.449573
-0.453608
-0.458311
-0.463079
-0.467421
-0.470932
-0.473408
-0.474703
-0.474724
-0.473397
-0.470681
-0.466583
-0.46135
-0.455531
-0.450056
-0.44611
-0.444725
-0.446369
-0.450753
-0.456987
-0.46394
-0.47065
-0.476426
-0.480879
-0.483841
-0.485265
-0.485175
-0.483674
-0.480893
-0.477051
-0.472435
-0.467392
-0.462394
-0.457933
-0.454471
-0.452341
-0.451678
-0.452396
-0.454231
-0.456814
-0.459746
-0.462658
-0.465226
-0.467218
-0.468487
-0.468967
-0.468658
-0.46765
-0.466072
-0.46412
-0.462001
-0.459924
-0.458058
-0.456545
-0.455444
-0.454748
-0.454373
-0.454186
-0.45402
-0.453712
-0.453133
-0.452212
-0.450988
-0.449606
-0.44832
-0.447403
-0.447117
-0.447614
-0.448862
-0.450674
-0.45275
-0.454783
-0.456524
-0.457805
-0.458578
-0.458886
-0.458806
-0.458503
-0.458083
-0.457633
-0.457224
-0.456832
-0.456414
-0.455891
-0.455111
-0.453953
-0.452293
-0.450034
-0.447113
-0.443525
-0.439398
-0.434957
-0.430536
-0.426559
-0.423477
-0.421694
-0.421461
-0.422806
-0.425567
-0.429421
-0.433941
-0.438725
-0.443414
-0.447739
-0.451558
-0.454741
-0.457259
-0.459106
-0.460284
-0.460793
-0.460608
-0.459701
-0.457987
-0.45536
-0.451733
-0.447036
-0.44127
-0.434635
-0.427551
-0.420764
-0.415281
-0.412088
-0.411855
-0.414661
-0.419991
-0.426887
-0.43431
-0.44136
-0.447345
-0.451723
-0.454043
-0.453889
-0.450886
-0.444889
-0.436376
-0.426892
-0.419208
-0.416437
-0.420374
-0.430247
-0.443287
-0.456477
-0.467867
-0.476715
-0.483109
-0.487455
-0.490267
-0.491972
-0.492891
-0.493247
-0.493174
-0.492719
-0.491908
-0.490719
-0.489138
-0.487139
-0.484727
-0.481915
-0.478748
-0.475259
-0.471464
-0.467384
-0.463066
-0.458629
-0.454298
-0.45034
-0.447052
-0.444626
-0.443104
-0.442355
-0.442075
-0.441919
-0.441516
-0.440602
-0.438966
-0.436511
-0.433274
-0.429434
-0.425388
-0.42169
-0.419023
-0.417982
-0.418965
-0.422106
-0.427244
-0.43405
-0.442093
-0.450904
-0.460058
-0.469157
-0.477863
-0.485852
-0.492822
-0.498585
-0.503056
-0.506232
-0.508199
-0.509078
-0.508977
-0.508018
-0.506285
-0.503831
-0.500678
-0.496836
-0.492294
-0.487062
-0.481199
-0.474804
-0.468046
-0.461173
-0.454481
-0.448238
-0.442755
-0.438274
-0.434974
-0.432968
-0.43225
-0.432662
-0.433923
-0.435615
-0.437277
-0.438455
-0.43876
-0.437918
-0.435836
-0.432626
-0.428695
-0.424669
-0.421348
-0.419422
-0.419236
-0.420627
-0.423032
-0.425727
-0.428073
-0.429648
-0.430321
-0.43009
-0.429145
-0.427683
-0.425955
-0.424167
-0.422503
-0.421092
-0.42002
-0.41932
-0.418949
-0.418814
-0.418824
-0.418862
-0.418805
-0.418559
-0.418039
-0.417176
-0.415931
-0.414294
-0.412314
-0.410095
-0.407745
-0.405468
-0.403446
-0.401852
-0.400794
-0.400299
-0.400283
-0.400603
-0.401069
-0.401481
-0.401677
-0.401536
-0.400971
-0.399972
-0.398536
-0.396747
-0.394712
-0.392614
-0.390645
-0.389049
-0.388023
-0.387686
-0.388067
-0.389086
-0.39055
-0.392248
-0.393909
-0.395334
-0.396367
-0.396906
-0.396904
-0.396336
-0.395242
-0.393686
-0.391731
-0.389492
-0.387068
-0.384564
-0.382051
-0.379582
-0.377109
-0.374611
-0.371969
-0.369129
-0.366074
-0.362857
-0.359633
-0.356615
-0.354081
-0.35232
-0.351549
-0.351898
-0.353381
-0.35586
-0.359071
-0.362672
-0.366274
-0.369497
-0.372006
-0.373504
-0.373808
-0.372697
-0.370025
-0.365772
-0.360088
-0.35351
-0.346986
-0.341821
-0.339275
-0.340058
-0.34395
-0.349951
-0.356743
-0.363225
-0.368728
-0.372983
-0.375996
-0.377922
-0.378971
-0.379333
-0.379158
-0.378573
-0.377666
-0.376519
-0.375155
-0.373557
-0.371667
-0.369359
-0.366392
-0.362393
-0.356901
-0.349434
-0.339768
-0.32839
-0.316891
-0.308066
-0.304796
-0.308353
-0.317409
-0.328995
-0.340218
-0.349317
-0.355684
-0.359389
-0.360848
-0.360486
-0.358765
-0.356115
-0.352942
-0.349668
-0.346695
-0.344361
-0.342841
-0.34213
-0.342095
-0.342512
-0.343113
-0.343666
-0.344032
-0.344203
-0.344256
-0.344319
-0.344553
-0.345119
-0.346107
-0.347544
-0.34937
-0.351475
-0.353735
-0.355978
-0.358046
-0.359862
-0.361339
-0.362469
-0.363312
-0.363938
-0.364449
-0.364953
-0.365569
-0.366363
-0.367364
-0.368595
-0.370047
-0.371692
-0.373466
-0.375327
-0.377227
-0.379096
-0.380898
-0.382561
-0.384025
-0.385239
-0.38613
-0.386643
-0.386692
-0.386222
-0.385143
-0.383401
-0.380951
-0.377782
-0.373932
-0.369496
-0.364621
-0.359539
-0.354513
-0.349858
-0.345817
-0.342576
-0.340234
-0.338759
-0.338058
-0.337952
-0.338275
-0.338858
-0.339556
-0.34028
-0.340991
-0.341712
-0.342509
-0.343494
-0.344811
-0.346583
-0.34888
-0.351745
-0.355084
-0.35879
-0.362652
-0.36644
-0.36994
-0.372978
-0.375404
-0.377166
-0.378219
-0.37859
-0.378317
-0.377474
-0.376118
-0.374357
-0.372283
-0.369978
-0.367542
-0.365092
-0.362713
-0.360492
-0.35853
-0.356886
-0.355619
-0.354757
-0.354312
-0.354252
-0.354533
-0.355111
-0.355904
-0.35686
-0.35791
-0.359004
-0.360127
-0.361264
-0.362402
-0.363538
-0.364667
-0.365751
-0.366739
-0.367566
-0.368117
-0.368301
-0.368021
-0.367209
-0.365808
-0.363833
-0.361315
-0.358399
-0.355303
-0.35233
-0.349847
-0.348238
-0.347762
-0.348446
-0.350116
-0.352342
-0.354625
-0.356555
-0.35788
-0.358542
-0.358686
-0.358611
-0.358645
-0.359087
-0.360113
-0.361666
-0.363464
-0.365035
-0.365838
-0.365432
-0.363645
-0.360772
-0.357598
-0.355291
-0.354964
-0.357169
-0.36161
-0.367365
-0.373313
-0.378633
-0.382849
-0.385874
-0.387899
-0.389153
-0.389923
-0.390439
-0.390876
-0.391379
-0.391983
-0.392741
-0.393619
-0.394585
-0.395577
-0.396513
-0.397315
-0.397883
-0.398144
-0.398008
-0.397418
-0.396308
-0.394668
-0.392514
-0.389932
-0.387009
-0.383954
-0.381016
-0.37857
-0.376997
-0.376712
-0.378044
-0.381135
-0.385914
-0.392094
-0.399241
-0.406861
-0.414477
-0.421689
-0.428154
-0.433646
-0.437976
-0.441035
-0.442743
-0.443095
-0.442117
-0.439955
-0.436867
-0.43322
-0.429454
-0.42606
-0.423414
-0.421682
-0.420764
-0.420329
-0.419916
-0.419046
-0.417382
-0.414758
-0.411281
-0.407288
-0.403315
-0.39998
-0.397838
-0.397276
-0.398376
-0.400972
-0.404687
-0.409015
-0.41347
-0.417603
-0.421152
-0.424014
-0.426239
-0.42798
-0.429438
-0.430798
-0.432157
-0.433532
-0.434861
-0.436035
-0.436972
-0.437626
-0.438009
-0.438177
-0.438184
-0.438044
-0.437738
-0.437192
-0.436421
-0.435528
-0.434781
-0.434503
-0.434944
-0.436058
-0.437439
-0.438418
-0.438185
-0.436006
-0.43142
-0.424379
-0.415438
-0.405855
-0.397506
-0.392473
-0.392081
-0.396323
-0.403865
-0.412772
-0.421371
-0.428644
-0.434165
-0.437921
-0.440072
-0.440869
-0.440587
-0.439541
-0.438048
-0.436463
-0.435026
-0.433898
-0.433062
-0.432324
-0.431446
-0.430189
-0.428439
-0.426232
-0.423807
-0.421489
-0.419639
-0.418504
-0.418143
-0.418409
-0.418983
-0.419504
-0.419656
-0.419249
-0.418244
-0.416742
-0.414969
-0.413243
-0.411904
-0.411288
-0.411655
-0.413162
-0.415824
-0.419515
-0.423978
-0.428892
-0.433885
-0.438621
-0.442827
-0.446283
-0.448886
-0.450515
-0.451085
-0.45055
-0.448827
-0.445847
-0.441559
-0.435939
-0.429068
-0.421203
-0.412826
-0.404685
-0.397754
-0.393002
-0.391109
-0.39219
-0.395747
-0.400842
-0.406452
-0.411758
-0.416272
-0.419827
-0.422452
-0.424333
-0.425681
-0.426703
-0.427552
-0.428334
-0.429103
-0.429881
-0.430612
-0.431244
-0.431668
-0.431807
-0.431557
-0.430839
-0.4296
-0.427836
-0.425579
-0.422912
-0.420002
-0.417062
-0.414324
-0.412048
-0.410408
-0.409533
-0.40949
-0.410279
-0.41184
-0.414075
-0.416856
-0.420047
-0.42348
-0.426932
-0.430178
-0.432989
-0.435132
-0.436418
-0.436748
-0.436119
-0.434699
-0.432802
-0.430871
-0.429384
-0.42872
-0.429078
-0.430391
-0.432399
-0.434798
-0.437302
-0.439718
-0.441949
-0.443919
-0.445623
-0.447024
-0.448101
-0.448842
-0.449251
-0.449332
-0.449125
-0.448738
-0.448261
-0.447819
-0.447527
-0.447477
-0.447736
-0.448316
-0.449151
-0.450127
-0.451088
-0.451884
-0.452342
-0.452314
-0.451668
-0.450336
-0.448287
-0.445575
-0.442317
-0.438692
-0.434989
-0.431505
-0.428567
-0.426413
-0.42518
-0.424866
-0.425361
-0.426463
-0.427962
-0.429691
-0.431524
-0.433389
-0.435229
-0.436988
-0.438624
-0.439999
-0.441017
-0.441547
-0.441483
-0.44077
-0.439441
-0.437668
-0.435714
-0.433918
-0.432613
-0.432053
-0.432294
-0.43322
-0.434591
-0.436055
-0.437306
-0.438102
-0.438279
-0.43784
-0.436839
-0.435411
-0.433707
-0.431874
-0.430048
-0.428305
-0.426703
-0.425246
-0.423933
-0.422821
-0.421979
-0.421578
-0.421782
-0.422723
-0.424467
-0.426927
-0.429896
-0.433096
-0.436215
-0.438977
-0.441173
-0.442672
-0.443395
-0.443327
-0.442464
-0.440845
-0.438502
-0.435503
-0.431923
-0.427883
-0.42353
-0.419052
-0.414683
-0.410672
-0.407278
-0.404711
-0.40311
-0.402523
-0.402906
-0.404127
-0.406012
-0.40838
-0.411053
-0.41389
-0.416776
-0.419606
-0.422277
-0.424712
-0.426826
-0.42851
-0.429668
-0.430184
-0.429951
-0.428857
-0.426794
-0.423708
-0.419574
-0.414477
-0.408604
-0.402211
-0.395706
-0.389516
-0.384097
-0.379841
-0.37706
-0.375925
-0.376457
-0.378567
-0.382034
-0.38652
-0.391682
-0.397179
-0.402677
-0.407955
-0.412835
-0.417197
-0.420975
-0.424149
-0.426693
-0.428597
-0.429847
-0.430421
-0.430317
-0.429466
-0.427805
-0.425228
-0.421617
-0.416884
-0.410988
-0.404013
-0.396195
-0.388092
-0.380519
-0.374482
-0.370867
-0.370153
-0.372175
-0.376249
-0.381413
-0.386723
-0.391443
-0.395064
-0.397271
-0.397839
-0.396609
-0.393539
-0.388789
-0.382863
-0.37666
-0.371522
-0.368786
-0.36927
-0.372875
-0.378634
-0.385212
-0.391435
-0.396545
-0.400265
-0.402572
-0.403628
-0.403628
-0.402774
-0.401181
-0.398923
-0.396029
-0.392457
-0.388146
-0.383046
-0.37724
-0.370949
-0.364653
-0.35907
-0.355012
-0.353202
-0.354008
-0.357329
-0.362614
-0.369072
-0.375905
-0.382475
-0.388328
-0.393184
-0.396923
-0.399474
-0.400871
-0.401141
-0.40035
-0.398587
-0.39595
-0.392603
-0.388742
-0.384639
-0.380621
-0.377024
-0.374149
-0.37224
-0.37141
-0.371652
-0.372832
-0.374739
-0.377126
-0.37978
-0.382499
-0.385147
-0.387639
-0.389902
-0.39193
-0.393705
-0.395206
-0.396446
-0.397394
-0.398043
-0.398388
-0.398437
-0.398171
-0.397607
-0.39677
-0.395711
-0.394494
-0.393193
-0.391854
-0.390516
-0.389195
-0.387816
-0.386224
-0.384142
-0.381192
-0.377005
-0.371368
-0.364452
-0.357099
-0.350904
-0.347789
-0.349011
-0.354401
-0.362466
-0.371184
-0.378947
-0.384956
-0.389056
-0.39158
-0.392977
-0.393737
-0.394229
-0.394729
-0.39538
-0.396209
-0.397156
-0.398131
-0.399012
-0.399701
-0.40014
-0.400322
-0.400292
-0.400176
-0.400106
-0.400212
-0.400611
-0.401348
-0.402405
-0.40368
-0.405035
-0.406292
-0.407265
-0.407838
-0.407914
-0.407463
-0.406513
-0.40516
-0.403539
-0.401835
-0.400219
-0.398898
-0.398019
-0.397682
-0.397934
-0.398754
-0.400101
-0.401861
-0.403954
-0.406311
-0.4088
-0.411323
-0.413736
-0.415913
-0.4177
-0.418989
-0.41972
-0.419911
-0.41965
-0.419093
-0.418465
-0.417972
-0.417767
-0.417927
-0.418405
-0.419068
-0.419717
-0.42011
-0.42004
-0.419357
-0.418003
-0.415979
-0.413394
-0.410378
-0.407101
-0.403729
-0.400453
-0.397495
-0.395171
-0.393897
-0.394096
-0.395949
-0.399385
-0.403985
-0.409154
-0.414317
-0.41907
-0.423195
-0.426663
-0.429565
-0.432052
-0.434223
-0.436173
-0.437986
-0.439659
-0.441222
-0.442655
-0.443959
-0.445119
-0.446144
-0.447036
-0.447788
-0.448428
-0.448953
-0.449366
-0.449685
-0.449912
-0.450061
-0.450147
-0.450216
-0.450276
-0.450386
-0.450548
-0.450826
-0.451231
-0.451794
-0.452489
-0.453294
-0.454196
-0.455118
-0.45599
-0.456737
-0.457284
-0.457554
-0.457468
-0.456935
-0.455863
-0.454147
-0.451687
-0.448425
-0.444376
-0.439781
-0.435089
-0.431044
-0.428557
-0.428525
-0.431537
-0.437659
-0.446363
-0.4567
-0.467566
-0.477943
-0.487083
-0.494461
-0.499811
-0.502985
-0.503902
-0.502543
-0.498985
-0.493439
-0.486456
-0.479017
-0.472453
-0.468157
-0.467104
-0.469463
-0.474636
-0.481595
-0.48919
-0.496464
-0.502759
-0.507622
-0.510815
-0.512223
-0.51186
-0.509886
-0.506574
-0.50234
-0.49767
-0.493032
-0.488824
-0.485331
-0.482695
-0.481008
-0.480323
-0.480725
-0.482283
-0.484966
-0.488629
-0.492987
-0.49766
-0.502283
-0.506539
-0.510205
-0.513157
-0.515352
-0.516827
-0.517685
-0.518088
-0.518234
-0.518336
-0.518607
-0.519203
-0.520246
-0.521745
-0.523684
-0.525978
-0.528504
-0.531141
-0.533729
-0.53616
-0.53833
-0.540172
-0.541654
-0.542776
-0.543557
-0.544031
-0.544253
-0.544273
-0.544132
-0.543871
-0.543523
-0.543088
-0.542546
-0.541875
-0.541067
-0.540098
-0.53894
-0.537602
-0.536093
-0.534434
-0.532646
-0.530687
-0.5285
-0.525947
-0.522822
-0.518901
-0.513976
-0.50795
-0.50093
-0.493312
-0.485825
-0.479346
-0.474793
-0.472831
-0.473616
-0.476728
-0.481295
-0.486203
-0.49043
-0.493251
-0.494342
-0.493776
-0.491844
-0.48879
-0.484534
-0.478598
-0.470502
-0.460625
-0.451188
-0.445949
-0.448046
-0.457235
-0.469969
-0.481972
-0.490554
-0.494986
-0.495752
-0.493887
-0.490466
-0.486489
-0.482765
-0.47986
-0.477993
-0.477057
-0.476723
-0.476581
-0.476291
-0.475618
-0.474488
-0.472847
-0.470697
-0.467983
-0.464688
-0.460844
-0.456667
-0.452626
-0.449406
-0.447748
-0.448124
-0.450454
-0.454122
-0.458143
-0.461611
-0.463904
-0.46475
-0.464227
-0.462674
-0.460604
-0.458535
-0.456983
-0.456246
-0.45643
-0.457422
-0.458975
-0.460812
-0.462664
-0.464346
-0.465766
-0.466863
-0.467633
-0.468086
-0.468245
-0.468119
-0.467704
-0.466977
-0.465938
-0.464569
-0.462891
-0.460921
-0.458758
-0.456492
-0.454258
-0.452196
-0.450439
-0.449089
-0.448201
-0.44779
-0.447828
-0.448224
-0.448847
-0.449543
-0.450135
-0.450437
-0.450281
-0.449541
-0.448155
-0.44612
-0.443533
-0.440572
-0.437523
-0.43472
-0.432542
-0.431288
-0.431097
-0.431931
-0.433541
-0.435602
-0.437778
-0.439792
-0.44152
-0.443022
-0.444476
-0.446141
-0.44825
-0.450882
-0.45393
-0.457109
-0.460073
-0.462494
-0.464153
-0.465017
-0.465243
-0.465121
-0.465023
-0.465306
-0.466234
-0.467854
-0.470059
-0.472559
-0.474978
-0.476998
-0.47834
-0.47884
-0.478434
-0.477205
-0.475274
-0.472892
-0.470343
-0.467935
-0.465913
-0.464417
-0.46346
-0.462905
-0.462564
-0.462235
-0.461732
-0.460927
-0.459742
-0.458155
-0.456196
-0.453906
-0.45137
-0.448703
-0.44604
-0.443576
-0.441511
-0.440075
-0.439501
-0.439964
-0.441573
-0.444379
-0.448261
-0.45301
-0.458334
-0.463863
-0.469203
-0.473985
-0.477895
-0.480707
-0.482297
-0.482598
-0.481581
-0.47928
-0.475741
-0.471113
-0.465651
-0.459812
-0.45425
-0.449725
-0.446836
-0.445831
-0.446445
-0.448044
-0.449842
-0.451175
-0.451662
-0.451185
-0.449826
-0.447728
-0.444979
-0.441631
-0.437724
-0.433291
-0.428514
-0.423711
-0.419234
-0.415394
-0.412353
-0.410219
-0.409049
-0.408963
-0.410057
-0.412244
-0.415238
-0.418661
-0.422205
-0.425725
-0.429219
-0.432662
-0.435986
-0.439029
-0.441571
-0.443461
-0.444601
-0.445009
-0.444786
-0.444051
-0.442973
-0.441646
-0.440111
-0.438274
-0.43595
-0.432897
-0.428845
-0.423644
-0.417349
-0.410365
-0.403478
-0.397702
-0.393942
-0.392562
-0.393257
-0.395229
-0.39751
-0.399379
-0.400462
-0.400673
-0.400172
-0.399197
-0.39807
-0.397081
-0.396466
-0.396382
-0.3969
-0.397966
-0.399448
-0.401135
-0.402856
-0.404469
-0.405869
-0.407009
-0.407905
-0.408568
-0.409003
-0.409214
-0.409198
-0.408918
-0.40834
-0.407446
-0.406267
-0.404816
-0.40319
-0.401477
-0.399797
-0.398283
-0.397024
-0.396108
-0.395559
-0.395346
-0.395441
-0.395736
-0.396122
-0.396497
-0.396788
-0.396901
-0.396813
-0.396516
-0.396059
-0.395478
-0.394847
-0.394238
-0.393722
-0.393358
-0.393185
-0.393222
-0.393479
-0.393926
-0.394508
-0.395194
-0.395923
-0.396653
-0.397303
-0.39784
-0.398245
-0.398497
-0.398593
-0.398552
-0.398414
-0.398211
-0.397992
-0.397798
-0.39766
-0.397627
-0.397681
-0.397833
-0.398052
-0.398297
-0.398532
-0.398696
-0.398727
-0.398504
-0.397937
-0.396913
-0.395291
-0.392902
-0.38959
-0.385271
-0.37999
-0.374015
-0.367959
-0.362749
-0.359412
-0.358755
-0.360981
-0.365625
-0.37175
-0.37836
-0.384689
-0.390322
-0.395075
-0.398997
-0.402179
-0.404747
-0.406778
-0.40837
-0.409532
-0.410281
-0.410629
-0.41059
-0.410172
-0.409446
-0.408517
-0.407524
-0.4066
-0.405875
-0.405438
-0.40529
-0.405362
-0.405515
-0.405565
-0.405322
-0.404609
-0.40326
-0.401126
-0.398027
-0.393822
-0.388393
-0.381789
-0.374343
-0.36675
-0.360045
-0.355332
-0.353431
-0.354518
-0.358137
-0.363433
-0.369461
-0.375478
-0.380991
-0.385745
-0.389627
-0.392653
-0.394848
-0.396259
-0.396989
-0.397099
-0.396653
-0.395699
-0.394205
-0.392091
-0.389246
-0.385599
-0.381212
-0.376571
-0.372549
-0.37037
-0.371151
-0.375271
-0.382141
-0.390428
-0.398652
-0.405683
-0.410903
-0.414159
-0.415577
-0.415431
-0.414036
-0.411745
-0.408891
-0.40578
-0.402689
-0.399824
-0.397331
-0.395292
-0.393763
-0.39278
-0.392364
-0.392504
-0.39319
-0.394354
-0.395893
-0.39765
-0.399463
-0.401165
-0.402598
-0.403632
-0.40419
-0.40423
-0.403734
-0.40273
-0.401278
-0.399482
-0.39746
-0.395374
-0.393376
-0.391617
-0.390172
-0.389106
-0.388379
-0.387914
-0.3876
-0.387336
-0.387061
-0.386771
-0.386537
-0.386467
-0.386732
-0.387504
-0.388878
-0.390867
-0.39342
-0.396335
-0.399396
-0.402321
-0.404867
-0.406812
-0.407992
-0.40829
-0.407683
-0.406244
-0.404135
-0.401657
-0.399213
-0.397279
-0.396273
-0.396474
-0.397871
-0.400161
-0.402802
-0.405181
-0.406805
-0.40744
-0.407245
-0.406761
-0.406743
-0.407898
-0.410548
-0.414506
-0.419132
-0.423617
-0.427276
-0.429627
-0.430459
-0.429782
-0.427737
-0.424547
-0.420476
-0.415825
-0.410922
-0.40606
-0.401527
-0.39753
-0.3942
-0.391571
-0.389559
-0.38801
-0.386712
-0.385463
-0.384151
-0.382719
-0.381228
-0.37983
-0.37871
-0.378089
-0.378082
-0.378734
-0.379999
-0.381723
-0.383737
-0.385879
-0.388026
-0.390099
-0.39209
-0.393979
-0.39579
-0.397496
-0.399083
-0.400494
-0.401676
-0.402582
-0.403116
-0.40321
-0.402765
-0.401684
-0.399852
-0.397184
-0.3936
-0.389066
-0.383674
-0.377627
-0.371307
-0.365254
-0.360032
-0.356111
-0.353722
-0.352884
-0.353358
-0.35483
-0.356922
-0.359315
-0.361727
-0.363937
-0.365789
-0.367195
-0.368129
-0.368618
-0.368724
-0.368522
-0.368065
-0.367435
-0.366674
-0.365834
-0.364928
-0.364
-0.363071
-0.362183
-0.36137
-0.360684
-0.360191
-0.359908
-0.359871
-0.360107
-0.360572
-0.361238
-0.362029
-0.362875
-0.363674
-0.364323
-0.364754
-0.364903
-0.364736
-0.364243
-0.36346
-0.362472
-0.361428
-0.360527
-0.359965
-0.359945
-0.360601
-0.361976
-0.364013
-0.366565
-0.36947
-0.372576
-0.375712
-0.37877
-0.381691
-0.384415
-0.386934
-0.389179
-0.391118
-0.392653
-0.393643
-0.393917
-0.393264
-0.391471
-0.388334
-0.383806
-0.378079
-0.371734
-0.365789
-0.361491
-0.359857
-0.361272
-0.365282
-0.370908
-0.377163
-0.383379
-0.389266
-0.394864
-0.40029
-0.405608
-0.410796
-0.415718
-0.420222
-0.424137
-0.427316
-0.429643
-0.431074
-0.431556
-0.431105
-0.42977
-0.427645
-0.424868
-0.421644
-0.418205
-0.414823
-0.41175
-0.409184
-0.407261
-0.405978
-0.405246
-0.404937
-0.404886
-0.40504
-0.405517
-0.406567
-0.40845
-0.41134
-0.415107
-0.41935
-0.423466
-0.426853
-0.429031
-0.429692
-0.428711
-0.426056
-0.421808
-0.41615
-0.409373
-0.402014
-0.394834
-0.38885
-0.385063
-0.384115
-0.386031
-0.390153
-0.39547
-0.400937
-0.405889
-0.409998
-0.41326
-0.415836
-0.417937
-0.419748
-0.421409
-0.423016
-0.4246
-0.426183
-0.42777
-0.429302
-0.430719
-0.431942
-0.432863
-0.4334
-0.433445
-0.43288
-0.431559
-0.429336
-0.426011
-0.421357
-0.41515
-0.407282
-0.397899
-0.387588
-0.377548
-0.369352
-0.36446
-0.363477
-0.365839
-0.370215
-0.375175
-0.379769
-0.383553
-0.386499
-0.388744
-0.39042
