0.435399   -0.461164   0.15512
-0.184054   -0.335053   -0.360289
-0.434714   -0.218429   -0.420263
-0.494101   -0.437328   0.431735
-0.122824   0.482648   -0.449122
-0.085773   -0.336274   0.44898
0.07164   -0.417758   -0.379027
0.213372   0.415628   -0.400174
0.319759   -0.405402   0.463907
0.308358   -0.194521   0.458468
0.27851   -0.488985   -0.232388
0.495342   0.321249   0.482774
-0.46651   -0.0484731   0.470153
-0.406872   0.0596488   0.294599
-0.466839   -0.154246   -0.252842
-0.414549   -0.370543   -0.236109
-0.250803   -0.104258   -0.473867
-0.065972   -0.0547517   -0.328296
-0.251362   -0.147652   -0.282239
0.00285875   -0.315899   -0.227709
0.0967667   -0.184079   -0.369093
0.219756   0.0292323   -0.314936
0.115832   -0.0935848   -0.180193
0.392809   -0.0841627   -0.378648
-0.494244   0.369881   0.301055
0.0764114   0.428533   0.451238
-0.365777   0.0544129   -0.236672
-0.400773   0.134919   -0.483988
-0.208496   0.0868018   0.467845
0.133748   -0.31477   0.46169
0.0353439   0.320625   -0.322411
0.288297   0.271689   -0.256533
0.17481   0.217641   -0.437146
0.241532   0.304571   0.40823
0.39829   0.140024   -0.398527
0.488328   0.208002   -0.260712
0.329611   -0.282186   -0.350194
-0.315427   -0.483012   -0.379638
0.460369   -0.276793   0.0769154
-0.220629   0.493216   -0.0598626
-0.181477   -0.343265   -0.174547
0.100305   -0.459078   -0.117455
-0.41079   -0.224911   -0.0717783
0.021584   0.356207   0.0584177
0.194117   0.459881   0.0948916
0.194387   -0.288792   -0.180078
0.255073   -0.308335   0.0914419
0.391548   -0.280326   -0.130643
0.333484   -0.0971551   -0.18602
-0.298738   -0.0607929   -0.0892032
-0.498182   -0.0473001   -0.0489411
-0.326063   -0.342878   0.224916
-0.0803479   -0.129486   -0.103261
0.0247272   0.14018   -0.261269
-0.181858   -0.103696   0.133288
-0.20004   -0.276739   0.018187
0.202889   -0.132957   -0.0162588
0.35628   0.113408   -0.129076
-0.132086   0.0547609   7.07654e-05
0.352568   -0.0987696   0.102629
-0.248858   0.215639   -0.0587059
-0.344392   0.289649   -0.345089
-0.176229   0.32703   -0.281487
-0.304898   0.056237   0.107155
-0.165333   0.0997445   -0.275528
-0.07558   0.489704   -0.217775
-0.0369747   0.248456   -0.101609
0.131402   0.133717   -0.0965404
0.289042   0.224102   0.0110728
0.476256   0.46142   -0.369985
0.191816   0.379207   -0.107576
-0.446923   0.148988   -0.0454565
0.327804   -0.445453   -0.0436279
-0.413008   -0.435948   0.0314871
0.35488   -0.26056   0.273062
-0.325056   0.445678   0.207856
-0.120175   0.485155   0.146244
0.0558362   -0.378134   0.090414
-0.297476   -0.384348   0.460203
-0.134387   -0.290605   0.214524
0.413076   0.396885   -0.172012
0.0486586   0.46612   0.245325
0.11319   -0.0547939   0.384592
0.258244   -0.448866   0.294593
0.417126   -0.0662802   0.289249
-0.393901   -0.14194   0.159558
0.413724   0.17509   0.351431
-0.468508   -0.236449   0.366761
-0.259075   -0.0997337   0.324833
0.0430495   -0.17249   0.122733
-0.130025   0.0535825   0.285116
-0.0609156   -0.142368   0.449546
0.117586   -0.307427   0.265606
0.0862938   0.0449787   0.0953718
-0.00995675   0.0913653   -0.436924
0.302673   0.0219718   0.447656
0.425981   0.125381   0.146981
-0.238178   0.3334   0.0844813
-0.314462   0.408036   0.452076
-0.410066   0.227962   0.143923
-0.0549271   0.200546   0.129077
-0.138031   0.374716   0.381584
-0.287146   0.246248   0.32395
-0.0152558   0.211092   0.366908
0.153603   0.275639   0.183114
-0.384571   0.332219   -0.143967
0.447302   0.366969   0.0390295
0.228606   0.023382   0.237784
